0 4 0 1 2 1 6
1 4 0 2 1 1 6
1 5 0 1 2 1 6
1 16 0 2 2 1 6
1 18 0 2 1 1 6
2 5 0 1 1 1 0
3 4 0 1 2 1 6
3 16 0 2 2 1 6
3 18 0 2 1 1 6
4 4 0 1 1 1 6
4 5 0 1 2 1 6
5 4 0 1 2 1 6
0 5 1 1 2 1 0
1 4 1 2 2 1 0
1 6 1 2 1 1 0
1 17 1 2 2 1 0
3 4 1 2 2 1 0
3 6 1 2 1 1 0
3 17 1 2 2 1 0
5 5 1 1 2 1 0
0 5 2 2 2 1 0
1 17 2 2 2 1 0
2 5 2 2 2 1 0
3 17 2 2 2 1 0
4 5 2 2 2 1 0
0 5 3 2 2 1 0
1 17 3 2 2 1 0
2 5 3 2 2 1 0
3 17 3 2 2 1 0
4 5 3 2 2 1 0
0 5 4 2 2 1 0
0 17 4 2 1 1 0
1 16 4 2 1 1 0
1 18 4 2 1 1 0
2 5 4 2 2 1 0
2 17 4 2 1 1 0
3 16 4 2 1 1 0
3 18 4 2 1 1 0
4 5 4 2 2 1 0
4 17 4 2 1 1 0
0 5 5 2 2 1 0
0 16 5 1 2 1 0
1 15 5 1 2 1 0
1 17 5 2 2 1 0
2 5 5 2 2 1 0
2 16 5 2 1 1 0
3 17 5 2 2 1 0
4 5 5 2 2 1 0
4 15 5 1 2 1 0
5 16 5 1 2 1 0
0 5 6 1 2 1 0
0 15 6 2 2 1 0
0 17 6 2 1 1 0
1 4 6 1 2 1 0
1 6 6 1 2 1 0
1 18 6 2 1 1 0
2 5 6 2 2 1 0
2 15 6 2 2 1 0
2 17 6 2 1 1 0
3 18 6 2 1 1 0
4 4 6 1 2 1 0
4 6 6 1 2 1 0
4 15 6 2 2 1 0
4 17 6 2 1 1 0
5 5 6 1 2 1 0
0 4 7 2 2 1 0
0 6 7 2 1 1 0
0 15 7 1 2 1 2
0 17 7 2 2 1 0
1 7 7 2 2 1 0
1 9 7 2 1 1 2
1 10 7 2 2 1 2
1 14 7 1 2 1 2
1 16 7 1 1 1 0
2 5 7 2 2 1 0
2 15 7 2 2 1 0
2 17 7 2 1 1 2
3 7 7 2 2 1 2
3 9 7 2 2 1 2
3 11 7 1 1 1 2
4 4 7 2 2 1 0
4 6 7 2 1 1 0
4 14 7 1 2 1 2
4 16 7 1 1 1 0
4 17 7 2 2 1 2
5 15 7 1 2 1 2
0 4 8 2 2 1 0
0 6 8 2 2 1 0
0 8 8 2 2 1 2
0 15 8 2 2 1 2
0 17 8 2 2 1 2
1 10 8 2 2 1 2
1 12 8 2 2 1 2
1 14 8 2 1 1 2
2 4 8 2 2 1 0
2 6 8 2 2 1 0
2 8 8 2 2 1 0
2 15 8 2 2 1 0
2 17 8 2 2 1 2
3 10 8 2 2 1 2
3 12 8 2 2 1 2
3 14 8 2 1 1 2
4 4 8 2 2 1 0
4 6 8 2 2 1 2
4 8 8 2 2 1 2
4 15 8 2 2 1 2
4 17 8 2 2 1 2
0 4 9 2 2 1 2
0 6 9 2 2 1 0
0 8 9 2 2 1 2
0 10 9 2 2 1 2
0 14 9 2 2 1 2
0 16 9 2 1 1 2
0 17 9 2 2 1 2
1 12 9 2 2 1 2
2 4 9 2 2 1 0
2 6 9 2 2 1 0
2 8 9 2 2 1 0
2 10 9 2 2 1 0
2 14 9 2 2 1 0
2 16 9 2 1 1 0
2 17 9 2 2 1 2
3 12 9 2 2 1 2
4 4 9 2 2 1 2
4 6 9 2 2 1 2
4 8 9 2 2 1 2
4 10 9 2 2 1 2
4 14 9 2 2 1 2
4 16 9 2 1 1 2
4 17 9 2 2 1 2
0 4 10 1 2 1 2
0 6 10 2 2 1 0
0 8 10 2 2 1 2
0 10 10 2 2 1 2
0 12 10 2 2 1 2
0 14 10 2 2 1 2
0 16 10 2 1 1 2
0 17 10 2 2 1 2
1 3 10 2 2 1 0
1 5 10 2 1 1 0
2 6 10 1 2 1 0
2 8 10 1 2 1 0
2 10 10 1 2 1 0
2 12 10 1 2 1 0
2 14 10 1 2 1 0
2 16 10 1 1 1 0
2 17 10 2 2 1 2
3 3 10 2 2 1 0
3 5 10 1 2 1 0
3 7 10 1 2 1 0
3 9 10 1 2 1 0
3 11 10 1 2 1 0
3 13 10 1 2 1 0
3 15 10 1 2 1 0
4 5 10 1 1 1 0
4 6 10 2 2 1 2
4 8 10 2 2 1 2
4 10 10 2 2 1 2
4 12 10 2 2 1 2
4 14 10 2 2 1 2
4 16 10 2 1 1 2
4 17 10 2 2 1 2
5 4 10 1 2 1 2
0 4 11 1 2 1 2
0 6 11 2 2 1 2
0 8 11 2 2 1 2
0 10 11 2 2 1 2
0 12 11 2 2 1 2
0 14 11 2 2 1 2
0 16 11 2 1 1 2
0 17 11 2 2 1 2
1 3 11 2 2 1 0
1 5 11 2 1 1 0
2 6 11 2 2 1 0
2 8 11 2 2 1 0
2 10 11 2 2 1 0
2 12 11 2 2 1 0
2 14 11 2 2 1 0
2 16 11 2 1 1 0
2 17 11 2 2 1 2
3 3 11 2 2 1 0
3 5 11 2 1 1 0
4 6 11 2 2 1 2
4 8 11 2 2 1 2
4 10 11 2 2 1 2
4 12 11 2 2 1 2
4 14 11 2 2 1 2
4 16 11 2 1 1 2
4 17 11 2 2 1 2
5 4 11 1 2 1 2
0 4 12 1 2 1 2
0 6 12 2 2 1 2
0 8 12 2 2 1 2
0 10 12 2 2 1 2
0 12 12 2 2 1 2
0 14 12 2 2 1 2
0 16 12 2 2 1 2
1 3 12 2 2 1 0
1 5 12 2 1 1 0
1 18 12 2 1 1 2
2 6 12 1 2 1 0
2 8 12 1 2 1 0
2 10 12 1 2 1 0
2 12 12 1 2 1 0
2 14 12 1 2 1 0
2 16 12 1 2 1 0
3 3 12 2 2 1 0
3 5 12 1 2 1 0
3 7 12 1 2 1 0
3 9 12 1 2 1 0
3 11 12 1 2 1 0
3 13 12 1 2 1 0
3 15 12 1 2 1 0
3 17 12 1 1 1 0
3 18 12 2 1 1 2
4 5 12 1 1 1 0
4 6 12 2 2 1 2
4 8 12 2 2 1 2
4 10 12 2 2 1 2
4 12 12 2 2 1 2
4 14 12 2 2 1 2
4 16 12 2 2 1 2
5 4 12 1 2 1 2
0 4 13 1 2 1 2
0 6 13 2 2 1 2
0 8 13 2 2 1 2
0 10 13 2 2 1 2
0 12 13 2 2 1 2
0 14 13 2 2 1 2
0 16 13 2 2 1 2
1 3 13 2 2 1 0
1 5 13 2 1 1 0
1 18 13 2 1 1 2
2 6 13 2 2 1 0
2 8 13 2 2 1 0
2 10 13 2 2 1 0
2 12 13 2 2 1 0
2 14 13 2 2 1 0
2 16 13 2 2 1 0
2 19 13 2 1 1 2
3 3 13 2 2 1 0
3 5 13 2 1 1 0
3 18 13 2 1 1 2
4 6 13 2 2 1 2
4 8 13 2 2 1 2
4 10 13 2 2 1 2
4 12 13 2 2 1 2
4 14 13 2 2 1 2
4 16 13 2 2 1 2
5 4 13 1 2 1 2
0 4 14 1 2 1 2
0 6 14 2 2 1 2
0 8 14 2 2 1 2
0 10 14 2 2 1 2
0 12 14 2 2 1 2
0 14 14 2 1 1 2
0 15 14 2 2 1 2
1 3 14 1 2 1 0
1 5 14 1 1 1 0
1 17 14 2 2 1 2
2 2 14 2 2 1 0
2 4 14 2 2 1 0
2 6 14 2 2 1 0
2 8 14 2 2 1 0
2 10 14 2 2 1 0
2 12 14 2 2 1 0
2 14 14 2 2 1 0
2 16 14 2 1 1 0
2 19 14 2 1 1 2
3 17 14 2 2 1 2
4 3 14 1 2 1 0
4 5 14 1 1 1 0
4 6 14 2 2 1 2
4 8 14 2 2 1 2
4 10 14 2 2 1 2
4 12 14 2 2 1 2
4 14 14 2 1 1 2
4 15 14 2 2 1 2
5 4 14 1 2 1 2
0 4 15 2 2 1 2
0 6 15 2 2 1 2
0 8 15 2 2 1 2
1 2 15 2 2 1 0
1 10 15 2 2 1 2
1 12 15 2 2 1 2
1 14 15 2 2 1 2
1 16 15 2 2 1 2
1 18 15 2 2 1 2
2 4 15 2 2 1 0
2 6 15 2 2 1 0
2 8 15 2 2 1 0
3 2 15 2 2 1 0
3 10 15 2 2 1 2
3 12 15 2 2 1 2
3 14 15 2 2 1 2
3 16 15 2 2 1 2
3 18 15 2 2 1 2
4 4 15 2 2 1 2
4 6 15 2 2 1 2
4 8 15 2 2 1 2
0 3 16 1 2 1 2
0 5 16 2 2 1 2
1 2 16 1 2 1 0
1 4 16 1 1 1 0
1 7 16 2 1 1 2
1 8 16 2 2 1 2
1 15 16 2 2 1 2
1 17 16 2 1 1 2
1 18 16 2 2 1 2
2 1 16 2 2 1 0
2 3 16 2 2 1 0
2 5 16 2 2 1 0
2 10 16 2 2 1 2
2 12 16 2 2 1 2
2 14 16 2 1 1 2
3 7 16 2 1 1 2
3 8 16 2 2 1 2
3 15 16 2 2 1 2
3 17 16 2 1 1 2
3 18 16 2 2 1 2
4 2 16 1 2 1 0
4 4 16 1 1 1 0
4 5 16 2 2 1 2
5 3 16 1 2 1 2
0 3 17 2 2 1 2
0 5 17 2 1 1 2
1 1 17 1 2 1 0
1 6 17 2 2 1 2
1 15 17 1 2 1 2
1 17 17 2 2 1 2
2 0 17 2 2 1 6
2 2 17 2 2 1 0
2 4 17 2 2 1 0
2 8 17 2 1 1 2
2 14 17 2 2 1 2
2 16 17 2 1 1 0
2 19 17 2 1 1 2
3 6 17 2 2 1 2
3 17 17 2 2 1 2
4 1 17 1 2 1 0
4 3 17 2 2 1 2
4 5 17 2 1 1 2
4 15 17 1 2 1 2
0 3 18 2 2 1 2
0 5 18 2 1 1 2
1 1 18 1 2 1 0
1 6 18 2 1 1 2
1 15 18 1 2 1 2
1 17 18 2 1 1 2
2 0 18 2 2 1 6
2 2 18 2 2 1 0
2 4 18 2 2 1 0
2 7 18 2 1 1 2
2 14 18 2 2 1 2
2 16 18 2 1 1 0
2 18 18 1 2 1 2
3 6 18 2 1 1 2
3 17 18 2 2 1 2
3 19 18 1 1 1 2
4 1 18 1 2 1 0
4 3 18 2 2 1 2
4 5 18 2 1 1 2
4 15 18 1 2 1 2
0 3 19 2 2 1 2
0 5 19 2 1 1 2
1 1 19 1 2 1 0
1 6 19 2 1 1 2
2 0 19 2 2 1 6
2 2 19 2 2 1 0
2 4 19 2 2 1 0
2 15 19 2 2 1 2
2 17 19 2 2 1 2
3 6 19 2 1 1 2
4 1 19 1 2 1 0
4 3 19 2 2 1 2
4 5 19 2 1 1 2
0 3 20 1 2 1 2
1 2 20 1 2 1 6
1 4 20 1 1 1 0
1 5 20 2 2 1 2
2 1 20 2 2 1 0
2 3 20 2 2 1 0
3 5 20 2 2 1 2
4 2 20 1 2 1 6
4 4 20 1 1 1 0
5 3 20 1 2 1 2
0 3 21 1 2 1 2
1 2 21 2 2 1 0
1 4 21 2 2 1 2
3 2 21 2 2 1 0
3 4 21 2 2 1 2
5 3 21 1 2 1 2
0 3 22 2 2 1 2
2 3 22 2 2 1 2
4 3 22 2 2 1 2
