1 0 0 2 4 1 3
3 0 0 1 4 1 3
11 0 0 2 4 1 3
13 0 0 1 4 1 3
1 0 1 4 2 1 3
1 2 1 4 2 1 3
5 0 1 1 4 1 3
9 0 1 4 2 1 3
9 2 1 4 2 1 3
13 0 1 1 4 1 3
1 0 2 2 4 1 2
3 0 2 2 4 1 2
5 0 2 2 4 1 2
8 0 2 2 4 1 2
10 0 2 2 4 1 2
12 0 2 2 4 1 2
1 0 3 8 2 1 2
1 2 3 8 2 1 2
9 0 3 1 4 1 2
10 0 3 4 2 1 2
10 2 3 4 2 1 2
1 0 4 8 2 1 1
1 2 4 8 2 1 1
9 0 4 2 4 1 1
11 0 4 1 4 1 1
12 0 4 2 4 1 1
2 0 5 8 2 1 0
2 2 5 8 2 1 0
10 0 5 1 4 1 0
11 0 5 2 4 1 0
2 0 6 8 2 1 0
2 2 6 8 2 1 0
10 0 6 1 4 1 0
11 0 6 2 4 1 0
2 0 7 8 2 1 0
2 2 7 8 2 1 0
10 0 7 1 4 1 0
11 0 7 2 4 1 0
1 0 8 8 2 1 0
1 2 8 8 2 1 0
9 0 8 2 4 1 0
11 0 8 1 4 1 0
12 0 8 2 4 1 0
1 0 9 8 2 1 0
1 2 9 4 2 1 0
5 2 9 1 2 1 0
6 2 9 8 2 1 0
9 0 9 1 2 1 0
10 0 9 4 2 1 0
0 0 10 8 2 1 5
0 2 10 8 2 1 5
8 0 10 2 4 1 5
10 0 10 2 4 1 5
12 0 10 1 4 1 5
13 0 10 2 4 1 5
0 0 11 8 2 1 5
0 2 11 4 2 1 5
4 2 11 3 2 1 5
7 2 11 8 2 1 5
8 0 11 3 2 1 5
11 0 11 4 2 1 5
0 0 12 8 2 1 5
0 2 12 8 2 1 5
8 0 12 2 4 1 5
10 0 12 2 4 1 5
12 0 12 1 4 1 5
13 0 12 2 4 1 5
5 0 13 4 2 1 5
5 2 13 4 2 1 5
9 0 13 1 4 1 5
5 0 14 2 4 1 4
7 0 14 1 4 1 4
8 0 14 2 4 1 4
5 0 15 4 2 1 4
5 2 15 4 2 1 4
9 0 15 1 4 1 4
5 0 16 2 4 1 4
7 0 16 1 4 1 4
8 0 16 2 4 1 4
6 0 17 2 4 1 4
8 0 17 1 4 1 4
