2 6 0 4 2 1 5
3 2 0 1 4 1 5
3 8 0 4 1 1 5
4 1 0 1 4 1 5
4 5 0 1 1 1 0
4 9 0 4 1 1 5
5 2 0 2 4 1 5
6 6 0 1 2 1 0
6 10 0 4 2 1 4
7 1 0 2 8 1 4
8 9 0 4 1 1 0
9 1 0 2 8 1 4
10 10 0 1 1 1 0
10 11 0 2 1 1 4
11 1 0 2 8 1 4
11 10 0 4 1 1 5
12 9 0 1 1 1 0
13 2 0 2 8 1 5
15 3 0 1 4 1 5
15 7 0 1 1 1 0
15 8 0 2 1 1 5
16 4 0 1 4 1 5
17 6 0 1 2 1 5
3 2 1 1 3 1 5
3 6 1 1 3 1 5
4 1 1 2 8 1 5
4 9 1 4 1 1 5
6 2 1 1 4 1 5
6 6 1 1 3 1 0
6 10 1 4 2 1 4
7 1 1 2 8 1 4
8 9 1 4 1 1 0
9 1 1 2 8 1 4
10 10 1 1 1 1 0
10 11 1 4 1 1 4
11 1 1 1 4 1 4
11 5 1 1 4 1 0
11 10 1 4 1 1 5
12 1 1 2 8 1 4
12 9 1 2 1 1 0
14 2 1 2 8 1 5
16 3 1 1 4 1 5
16 7 1 1 1 1 0
16 8 1 2 1 1 5
17 4 1 2 4 1 5
3 6 2 4 2 1 5
4 2 2 4 2 1 5
4 4 2 4 1 1 5
4 8 2 4 1 1 5
5 5 2 3 1 1 0
5 9 2 4 1 1 5
6 10 2 4 1 1 5
7 6 2 1 2 1 0
8 1 2 2 8 1 4
8 11 2 4 1 1 4
9 9 2 4 1 1 0
10 1 2 2 8 1 4
10 10 2 2 1 1 0
12 1 2 1 4 1 4
12 5 2 1 4 1 0
12 10 2 4 1 1 5
12 11 2 3 1 1 4
13 1 2 2 8 1 4
13 9 2 4 1 1 5
15 2 2 1 4 1 4
15 6 2 1 1 1 0
15 7 2 4 2 1 5
16 3 2 1 4 1 5
17 3 2 2 4 1 5
19 5 2 1 3 1 5
4 6 3 1 3 1 5
5 3 3 1 4 1 5
5 7 3 1 3 1 5
6 2 3 2 8 1 5
8 2 3 1 4 1 5
8 6 3 1 4 1 0
8 10 3 8 2 1 4
9 1 3 2 8 1 4
9 9 3 2 1 1 0
9 12 3 3 1 1 4
11 0 3 2 8 1 4
11 8 3 2 2 1 0
13 1 3 2 8 1 4
13 9 3 2 1 1 0
15 2 3 2 8 1 5
17 3 3 2 4 1 5
17 7 3 2 2 1 5
19 4 3 1 4 1 5
3 4 4 1 4 1 5
3 8 4 3 1 1 5
4 3 4 2 4 1 5
4 7 4 2 1 1 0
5 9 4 1 1 1 5
6 2 4 2 8 1 5
8 2 4 1 4 1 5
8 6 4 1 2 1 0
8 8 4 1 4 1 4
9 1 4 1 4 1 4
9 5 4 1 4 1 0
9 9 4 8 2 1 5
9 11 4 3 2 1 4
10 0 4 2 8 1 4
10 8 4 4 1 1 0
12 0 4 2 8 1 4
12 11 4 4 1 1 4
12 12 4 1 1 1 4
14 1 4 2 8 1 4
16 2 4 1 4 1 5
16 6 4 1 2 1 0
16 8 4 4 1 1 5
17 3 4 2 4 1 5
17 7 4 2 1 1 0
19 4 4 1 4 1 5
2 4 5 1 4 1 2
2 8 5 4 1 1 2
3 3 5 2 4 1 5
3 7 5 3 1 1 0
4 9 5 2 1 1 5
5 3 5 1 4 1 5
6 2 5 2 8 1 5
7 10 5 4 1 1 4
8 2 5 1 4 1 5
8 6 5 1 4 1 0
8 11 5 4 2 1 4
9 1 5 1 4 1 4
9 5 5 1 4 1 0
9 9 5 1 1 1 0
10 0 5 2 8 1 4
10 8 5 4 2 1 0
11 10 5 2 1 1 0
12 0 5 2 8 1 4
12 11 5 4 1 1 4
12 12 5 2 1 1 4
13 10 5 4 1 1 5
14 1 5 2 8 1 4
14 9 5 4 1 1 5
16 2 5 1 4 1 5
16 6 5 1 2 1 0
16 8 5 3 1 1 5
17 3 5 1 4 1 5
17 7 5 1 1 1 0
18 4 5 2 4 1 5
1 4 6 1 4 1 2
1 8 6 2 1 1 2
2 3 6 1 4 1 2
2 7 6 1 1 1 0
2 9 6 1 1 1 2
3 2 6 2 8 1 2
4 10 6 4 1 1 5
5 2 6 2 8 1 5
7 2 6 2 8 1 5
7 11 6 4 1 1 4
8 10 6 4 1 1 0
8 12 6 4 1 1 4
9 0 6 2 8 1 4
9 8 6 4 2 1 0
11 0 6 1 4 1 4
11 4 6 1 4 1 0
11 11 6 1 1 1 0
12 0 6 2 8 1 4
12 10 6 1 1 1 0
12 11 6 4 1 1 4
12 12 6 2 1 1 4
13 8 6 1 2 1 0
13 10 6 4 1 1 5
14 1 6 2 8 1 4
14 9 6 2 1 1 0
16 2 6 1 4 1 5
16 6 6 1 1 1 0
16 7 6 2 3 1 5
17 3 6 1 4 1 5
18 4 6 2 4 1 5
1 3 7 2 4 1 2
1 7 7 2 2 1 2
2 9 7 1 1 1 2
3 2 7 2 8 1 2
3 10 7 4 1 1 5
5 2 7 2 8 1 5
7 2 7 1 4 1 5
7 6 7 1 4 1 0
7 10 7 4 2 1 4
8 1 7 1 4 1 4
8 5 7 1 4 1 0
8 9 7 1 1 1 0
8 12 7 4 1 1 4
9 0 7 2 8 1 4
9 8 7 4 2 1 0
11 0 7 1 4 1 4
11 4 7 1 4 1 0
11 10 7 2 1 1 0
11 11 7 1 1 1 0
12 0 7 2 8 1 4
12 11 7 4 1 1 4
12 12 7 2 1 1 4
13 8 7 1 2 1 0
13 10 7 4 1 1 5
14 1 7 2 8 1 4
14 9 7 2 1 1 0
16 2 7 1 4 1 5
16 6 7 1 1 1 0
16 7 7 2 3 1 5
17 3 7 1 4 1 5
18 5 7 1 3 1 5
0 6 8 1 2 1 2
1 3 8 1 4 1 2
1 7 8 1 2 1 2
2 2 8 2 8 1 2
3 10 8 4 1 1 5
4 2 8 2 8 1 2
6 2 8 2 4 1 5
6 6 8 1 4 1 0
7 6 8 1 2 1 0
7 8 8 2 4 1 4
8 1 8 1 4 1 4
8 5 8 1 3 1 0
8 12 8 4 1 1 4
9 0 8 2 8 1 4
9 8 8 2 4 1 0
11 0 8 1 4 1 4
11 4 8 1 4 1 0
11 8 8 2 3 1 0
11 11 8 1 1 1 0
12 0 8 2 8 1 4
12 11 8 4 1 1 4
12 12 8 2 1 1 4
13 8 8 1 2 1 0
13 10 8 4 1 1 5
14 1 8 2 8 1 4
14 9 8 2 1 1 0
16 2 8 1 4 1 5
16 6 8 1 1 1 0
16 7 8 2 3 1 5
17 3 8 1 4 1 5
18 5 8 1 3 1 5
0 4 9 1 4 1 2
1 3 9 1 4 1 2
1 7 9 1 3 1 2
2 2 9 2 8 1 2
3 10 9 4 1 1 5
4 2 9 2 8 1 2
6 2 9 2 8 1 5
7 10 9 4 2 1 4
8 1 9 1 4 1 4
8 5 9 1 4 1 0
8 9 9 1 1 1 0
8 12 9 4 1 1 4
9 0 9 2 8 1 4
9 8 9 4 2 1 0
11 0 9 1 4 1 4
11 4 9 1 4 1 0
11 10 9 2 1 1 0
11 11 9 4 1 1 4
12 0 9 2 8 1 4
12 12 9 1 1 1 4
13 8 9 1 2 1 0
13 10 9 4 1 1 5
14 1 9 2 8 1 4
14 9 9 2 1 1 0
16 2 9 1 4 1 5
16 6 9 1 1 1 0
16 7 9 2 3 1 5
17 3 9 1 4 1 5
0 4 10 1 4 1 2
1 3 10 1 4 1 2
1 7 10 1 2 1 2
2 2 10 2 8 1 2
3 10 10 4 1 1 5
4 2 10 2 8 1 2
6 2 10 2 8 1 5
7 10 10 1 1 1 5
8 1 10 2 8 1 5
8 9 10 2 1 1 0
8 10 10 4 2 1 4
9 12 10 4 1 1 4
10 0 10 2 8 1 4
10 8 10 3 2 1 0
12 0 10 1 4 1 4
12 4 10 1 4 1 0
12 10 10 1 1 1 0
12 11 10 2 1 1 4
13 1 10 1 4 1 4
13 5 10 1 4 1 0
13 9 10 3 1 1 0
13 10 10 4 1 1 5
14 1 10 2 8 1 4
16 2 10 1 4 1 5
16 6 10 1 1 1 0
16 7 10 2 3 1 5
17 3 10 1 4 1 5
0 5 11 1 2 1 2
1 3 11 1 4 1 2
1 7 11 8 2 1 2
2 2 11 8 2 1 2
2 4 11 8 2 1 0
2 6 11 4 1 1 0
2 9 11 4 1 1 2
3 10 11 4 1 1 2
6 6 11 4 1 1 0
6 9 11 1 1 1 0
7 9 11 3 2 1 5
9 7 11 1 2 1 0
10 1 11 2 8 1 4
10 9 11 2 3 1 4
12 1 11 1 4 1 4
12 5 11 1 4 1 0
12 9 11 1 1 1 0
12 10 11 4 1 1 5
13 1 11 2 8 1 4
13 9 11 4 1 1 5
15 2 11 1 4 1 5
15 6 11 1 2 1 0
15 8 11 3 1 1 5
16 3 11 1 4 1 5
16 7 11 1 1 1 0
17 4 11 1 4 1 5
0 5 12 8 2 1 3
1 2 12 8 2 1 2
1 4 12 4 1 1 2
1 7 12 8 2 1 2
2 9 12 4 1 1 2
4 10 12 4 1 1 2
5 4 12 4 1 1 0
6 9 12 3 1 1 0
8 5 12 1 2 1 0
8 10 12 4 1 1 5
9 2 12 2 8 1 5
11 2 12 2 8 1 5
12 10 12 4 1 1 5
13 2 12 1 4 1 5
13 6 12 1 4 1 0
14 2 12 2 8 1 5
16 3 12 1 4 1 5
16 7 12 1 1 1 0
16 8 12 2 1 1 5
16 9 12 1 1 1 5
17 4 12 1 4 1 5
0 2 13 1 4 1 3
0 6 13 1 2 1 3
1 1 13 2 8 1 3
3 1 13 1 4 1 2
3 5 13 1 3 1 0
3 8 13 4 2 1 3
4 2 13 1 4 1 2
4 6 13 1 2 1 0
5 3 13 4 2 1 5
5 5 13 4 2 1 0
5 7 13 4 1 1 0
5 10 13 4 1 1 5
7 8 13 2 2 1 0
9 2 13 2 8 1 5
9 10 13 2 1 1 5
11 2 13 2 8 1 5
11 10 13 4 1 1 5
13 2 13 2 8 1 5
15 3 13 2 4 1 5
15 7 13 2 3 1 5
0 1 14 2 4 1 6
0 5 14 2 3 1 3
1 8 14 2 1 1 3
2 1 14 1 4 1 3
2 5 14 1 3 1 0
3 1 14 2 8 1 3
3 9 14 4 1 1 3
5 3 14 2 4 1 5
5 7 14 2 2 1 0
7 3 14 2 4 1 5
7 7 14 2 3 1 5
9 3 14 1 4 1 5
9 7 14 1 3 1 5
10 2 14 2 8 1 5
12 2 14 1 4 1 5
12 6 14 1 1 1 0
12 7 14 4 2 1 5
12 9 14 3 1 1 5
12 10 14 2 1 1 5
13 3 14 1 4 1 5
14 3 14 2 4 1 5
16 4 14 1 4 1 5
0 1 15 4 2 1 3
0 3 15 4 2 1 3
0 5 15 4 1 1 3
0 6 15 8 2 1 3
1 8 15 4 1 1 3
4 1 15 1 4 1 3
4 5 15 1 1 1 0
5 2 15 1 4 1 3
5 8 15 3 2 1 3
6 4 15 4 2 1 5
8 6 15 2 3 1 3
10 3 15 4 2 1 5
10 5 15 4 1 1 0
10 6 15 2 4 1 5
12 6 15 2 2 1 0
12 8 15 4 1 1 5
12 9 15 2 1 1 5
14 3 15 1 4 1 5
14 7 15 1 1 1 5
15 4 15 1 4 1 5
0 2 16 1 4 1 3
0 6 16 1 2 1 3
1 1 16 2 8 1 3
3 1 16 1 4 1 3
3 5 16 1 3 1 0
3 8 16 4 1 1 3
4 2 16 1 4 1 3
4 6 16 1 2 1 0
5 3 16 1 4 1 3
5 7 16 1 1 1 0
6 4 16 1 4 1 3
7 6 16 1 2 1 3
9 6 16 4 1 1 5
10 4 16 4 2 1 5
10 7 16 4 1 1 5
11 8 16 2 1 1 5
13 6 16 1 1 1 5
14 5 16 1 3 1 5
0 2 17 1 4 1 3
0 6 17 1 2 1 3
1 1 17 2 8 1 3
3 1 17 1 4 1 3
3 5 17 1 2 1 0
3 7 17 3 2 1 3
4 2 17 1 4 1 3
4 6 17 1 1 1 0
5 3 17 1 4 1 3
6 5 17 1 3 1 3
0 2 18 2 4 1 3
0 6 18 3 1 1 3
1 7 18 2 2 1 3
2 1 18 1 4 1 3
2 5 18 1 1 1 0
2 9 18 1 1 1 1
2 10 18 3 1 1 3
3 2 18 2 8 1 3
5 3 18 1 4 1 3
5 7 18 1 2 1 3
6 6 18 1 3 1 3
0 4 19 4 2 1 3
0 6 19 4 1 1 3
1 2 19 4 2 1 3
1 7 19 4 1 1 3
2 8 19 4 1 1 1
2 9 19 1 1 1 1
2 10 19 1 4 1 1
3 9 19 2 4 1 1
3 13 19 1 1 1 1
4 4 19 1 3 1 0
5 3 19 1 4 1 3
5 7 19 1 1 1 0
6 6 19 1 3 1 1
7 7 19 1 2 1 1
0 5 20 4 1 1 3
1 3 20 4 2 1 3
1 6 20 4 2 1 3
2 8 20 4 1 1 1
2 9 20 1 4 1 1
3 9 20 2 1 1 1
3 10 20 1 1 1 0
3 11 20 1 4 1 1
4 5 20 1 1 1 3
4 10 20 1 4 1 1
5 4 20 1 4 1 3
6 6 20 1 4 1 1
7 7 20 2 3 1 1
9 8 20 1 2 1 1
2 8 21 2 4 1 1
2 12 21 2 2 1 1
3 14 21 2 2 1 1
4 6 21 3 2 1 1
4 9 21 1 4 1 1
4 13 21 1 1 1 1
5 8 21 2 1 1 1
6 9 21 1 1 1 1
7 7 21 2 3 1 1
9 8 21 1 3 1 1
10 8 21 1 2 1 1
2 9 22 2 4 1 1
2 13 22 2 1 1 1
3 14 22 1 2 1 1
4 11 22 1 4 1 1
4 15 22 1 1 1 1
5 7 22 3 2 1 1
6 9 22 2 1 1 1
8 8 22 2 3 1 1
10 9 22 1 2 1 1
2 11 23 2 4 1 1
3 15 23 1 1 1 1
4 13 23 1 3 1 1
6 7 23 2 2 1 1
7 9 23 1 1 1 1
8 8 23 1 3 1 1
9 9 23 2 2 1 1
10 11 23 1 1 1 1
11 10 23 1 2 1 1
2 13 24 2 2 1 1
3 15 24 1 1 1 1
4 14 24 1 2 1 1
7 8 24 2 2 1 1
8 10 24 1 1 1 1
9 9 24 1 3 1 1
10 10 24 1 2 1 1
8 9 25 2 1 1 1
9 10 25 2 2 1 1
