0 0 0 2 2 1 0
0 6 0 8 2 1 0
0 8 0 8 2 1 0
1 2 0 8 2 1 0
2 0 0 1 1 1 0
2 1 0 4 1 1 0
2 4 0 8 2 1 0
4 10 0 1 1 1 0
5 10 0 2 2 1 0
5 12 0 3 1 1 0
7 1 0 3 1 1 0
7 10 0 2 1 1 0
7 11 0 1 1 1 0
8 6 0 4 2 1 0
8 8 0 4 2 1 0
9 2 0 1 2 1 0
10 0 0 2 4 1 0
10 4 0 1 2 1 0
12 0 0 1 2 1 0
12 6 0 1 4 1 0
0 0 1 2 2 1 0
0 6 1 2 4 1 0
1 2 1 1 2 1 0
2 0 1 1 1 1 0
2 1 1 2 8 1 0
2 9 1 2 1 1 0
4 1 1 2 8 1 0
4 9 1 4 2 1 0
5 11 1 2 2 1 0
7 1 1 2 8 1 0
7 11 1 1 2 1 0
8 9 1 3 1 1 0
8 10 1 1 1 1 0
9 1 1 2 8 1 0
10 0 1 1 1 1 0
11 0 1 2 2 1 0
11 2 1 1 2 1 0
11 6 1 2 4 1 0
0 0 2 2 2 1 0
0 6 2 8 2 1 0
0 8 2 8 2 1 0
1 2 2 8 2 1 0
2 0 2 1 1 1 0
2 1 2 4 1 1 0
2 4 2 8 2 1 0
4 10 2 1 1 1 0
5 10 2 2 2 1 0
5 12 2 3 1 1 0
7 1 2 3 1 1 0
7 10 2 2 1 1 0
7 11 2 1 1 1 0
8 6 2 4 2 1 0
8 8 2 4 2 1 0
9 2 2 1 2 1 0
10 0 2 2 4 1 0
10 4 2 1 2 1 0
12 0 2 1 2 1 0
12 6 2 1 4 1 0
