0 1 0 4 1 1 0
0 9 0 4 1 1 0
1 0 0 4 1 1 0
1 2 0 4 1 1 0
1 8 0 1 1 1 0
1 10 0 4 1 1 0
2 3 0 2 1 1 0
2 7 0 2 2 1 0
4 1 0 1 1 1 0
4 8 0 1 2 1 0
12 4 0 1 3 1 0
13 3 0 1 4 1 0
13 7 0 4 1 1 0
14 2 0 2 4 1 0
14 6 0 4 1 1 0
14 8 0 4 1 1 0
16 2 0 2 4 1 0
17 7 0 1 1 1 0
18 2 0 2 4 1 0
18 6 0 2 3 1 0
20 1 0 2 8 1 0
20 9 0 4 1 1 2
22 1 0 8 2 1 2
22 3 0 4 1 1 2
22 7 0 4 1 1 2
22 8 0 2 1 1 2
24 8 0 8 2 1 2
26 3 0 4 1 1 2
26 7 0 4 1 1 2
30 1 0 2 3 1 2
30 7 0 2 1 1 2
32 1 0 1 4 1 0
32 6 0 1 4 1 0
33 0 0 1 4 1 0
33 4 0 1 1 1 0
33 6 0 1 1 1 0
33 7 0 1 4 1 0
34 1 0 1 4 1 0
34 6 0 1 4 1 0
1 1 1 1 2 1 0
1 8 1 1 2 1 0
2 0 1 2 3 1 0
2 8 1 2 3 1 0
4 1 1 1 2 1 0
4 8 1 1 2 1 0
11 3 1 1 4 1 0
11 7 1 4 1 1 0
12 2 1 2 4 1 0
12 6 1 4 1 1 2
12 8 1 2 1 1 2
14 1 1 8 2 1 2
14 3 1 4 2 1 2
14 5 1 4 1 1 2
14 8 1 8 2 1 2
15 7 1 1 1 1 2
16 6 1 8 2 1 0
18 3 1 4 1 1 2
18 4 1 2 1 1 2
18 5 1 1 1 1 2
19 5 1 4 1 1 0
20 4 1 4 1 1 0
22 1 1 4 1 1 2
22 2 1 1 2 1 2
22 8 1 1 2 1 2
23 2 1 4 2 1 2
23 8 1 1 1 1 2
23 9 1 4 1 1 2
24 7 1 3 2 1 2
26 1 1 4 1 1 2
27 2 1 3 1 1 2
27 8 1 4 2 1 2
30 1 1 1 2 1 0
31 1 1 2 3 1 0
31 7 1 2 3 1 0
33 1 1 1 4 1 0
33 6 1 1 4 1 0
34 1 1 1 3 1 0
34 7 1 1 3 1 0
0 1 2 3 2 1 0
0 8 2 3 2 1 0
10 4 2 1 3 1 2
11 2 2 1 4 1 2
11 6 2 1 3 1 2
12 1 2 8 2 1 2
12 3 2 1 1 1 2
12 7 2 1 1 1 2
12 8 2 8 2 1 2
20 1 2 2 2 1 2
20 8 2 2 2 1 2
22 1 2 4 1 1 2
22 2 2 2 1 1 2
22 3 2 2 4 1 2
22 7 2 2 2 1 2
22 9 2 4 1 1 2
24 2 2 4 1 1 2
24 8 2 4 1 1 2
0 1 3 3 2 1 2
0 8 3 3 2 1 2
9 4 3 1 3 1 2
10 3 3 1 4 1 2
10 7 3 2 1 1 2
11 1 3 3 2 1 2
11 3 3 1 1 1 2
11 8 3 3 2 1 2
14 0 3 2 2 1 2
14 9 3 2 2 1 2
16 1 3 4 2 1 2
16 8 3 3 2 1 2
19 8 3 4 2 1 2
20 1 3 3 2 1 2
23 0 3 1 2 1 2
23 3 3 2 1 1 2
23 4 3 3 2 1 2
23 6 3 3 1 1 2
23 7 3 2 1 1 2
23 9 3 1 2 1 2
24 1 3 3 2 1 2
24 8 3 3 2 1 2
0 1 4 3 2 1 2
0 8 4 3 2 1 2
9 4 4 1 3 1 2
10 2 4 1 4 1 2
10 6 4 1 3 1 2
11 1 4 2 2 1 2
11 3 4 1 1 1 2
11 7 4 1 1 1 2
11 8 4 2 2 1 2
13 0 4 3 2 1 2
13 9 4 3 2 1 2
16 1 4 4 2 1 2
16 8 4 2 2 1 2
18 8 4 4 2 1 2
20 1 4 2 2 1 2
22 0 4 2 2 1 2
22 9 4 2 2 1 2
24 1 4 1 4 1 2
24 5 4 1 1 1 2
24 6 4 1 4 1 2
25 1 4 2 4 1 2
25 5 4 4 1 1 2
25 6 4 2 4 1 2
27 4 4 1 1 1 2
27 6 4 1 1 1 0
0 1 5 1 2 1 2
0 8 5 1 2 1 2
1 1 5 1 3 1 2
1 7 5 1 3 1 2
2 1 5 2 2 1 2
2 8 5 2 2 1 2
8 3 5 2 4 1 2
8 7 5 3 1 1 2
10 1 5 8 2 1 2
10 3 5 1 1 1 2
10 8 5 8 2 1 2
18 1 5 4 2 1 2
18 8 5 4 2 1 2
22 0 5 2 2 1 2
22 9 5 2 2 1 2
24 1 5 3 2 1 2
24 8 5 3 2 1 2
25 3 5 2 1 1 2
25 7 5 2 1 1 2
26 4 5 1 3 1 2
27 3 5 4 1 1 2
27 4 5 1 1 1 2
27 5 5 4 1 1 2
27 6 5 1 1 1 2
27 7 5 4 1 1 6
28 4 5 4 1 1 6
28 6 5 4 1 1 6
0 2 6 4 1 1 2
0 8 6 4 1 1 2
1 1 6 3 1 1 2
1 3 6 2 1 1 2
1 7 6 2 1 1 2
1 9 6 3 1 1 2
7 3 6 1 4 1 2
7 7 6 3 1 1 2
8 2 6 1 4 1 2
8 6 6 1 1 1 2
8 8 6 2 1 1 2
9 2 6 1 2 1 2
10 1 6 8 2 1 2
10 8 6 8 2 1 2
18 1 6 4 2 1 2
18 8 6 4 2 1 2
22 0 6 1 2 1 2
22 9 6 1 2 1 2
23 1 6 4 2 1 2
23 8 6 4 2 1 2
26 3 6 3 1 1 6
26 7 6 1 1 1 2
27 4 6 2 1 1 2
27 6 6 2 1 1 2
27 7 6 4 1 1 6
29 3 6 2 4 1 6
31 4 6 1 3 1 6
1 1 7 2 3 1 2
1 7 7 2 3 1 2
3 0 7 1 3 1 2
3 8 7 1 3 1 2
4 1 7 1 2 1 2
4 8 7 1 2 1 2
6 4 7 2 1 1 2
6 6 7 2 1 1 2
7 3 7 1 1 1 2
7 5 7 2 1 1 2
7 7 7 2 1 1 2
8 2 7 1 2 1 2
8 8 7 1 1 1 2
9 1 7 8 2 1 2
9 8 7 3 2 1 2
12 8 7 8 2 1 2
17 1 7 3 2 1 2
20 2 7 1 2 1 2
20 7 7 1 2 1 2
21 1 7 4 2 1 2
21 8 7 2 2 1 2
23 8 7 4 2 1 2
25 1 7 2 2 1 2
27 2 7 1 2 1 2
27 7 7 1 2 1 2
28 3 7 4 2 1 6
28 6 7 4 2 1 6
30 5 7 2 1 1 6
1 1 8 1 3 1 2
1 7 8 1 3 1 2
2 0 8 2 4 1 2
2 7 8 2 2 1 2
2 9 8 4 2 1 2
4 0 8 2 3 1 2
4 8 8 2 1 1 2
6 3 8 1 4 1 2
6 7 8 2 1 1 2
7 2 8 1 4 1 2
7 6 8 1 1 1 2
7 8 8 1 1 1 2
8 1 8 8 2 1 2
8 8 8 1 2 1 2
9 8 8 8 2 1 2
16 1 8 1 2 1 2
17 2 8 4 2 1 2
17 7 8 1 2 1 2
18 4 8 3 1 1 2
18 6 8 2 3 1 2
19 5 8 1 1 1 2
20 5 8 1 4 1 2
21 1 8 4 2 1 2
21 3 8 1 1 1 2
21 7 8 1 3 1 2
22 8 8 4 2 1 2
25 1 8 1 2 1 2
26 2 8 2 2 1 2
26 7 8 2 2 1 2
28 3 8 2 4 1 6
28 7 8 4 1 1 6
30 3 8 2 4 1 6
1 1 9 1 3 1 2
1 7 9 1 3 1 2
2 0 9 2 4 1 2
2 7 9 1 4 1 2
3 7 9 2 4 1 2
4 0 9 1 4 1 2
5 1 9 1 4 1 2
5 5 9 2 1 1 2
5 6 9 1 4 1 2
6 2 9 2 2 1 2
6 4 9 1 1 1 2
6 6 9 1 1 1 2
6 7 9 2 2 1 2
8 1 9 4 2 1 2
8 8 9 2 2 1 2
10 8 9 4 2 1 2
12 1 9 2 2 1 2
14 2 9 1 2 1 2
14 7 9 2 1 1 2
14 8 9 1 1 1 2
15 2 9 4 2 1 2
15 8 9 4 1 1 2
16 7 9 4 1 1 2
17 4 9 2 3 1 2
19 3 9 1 4 1 2
20 4 9 1 3 1 2
21 2 9 1 4 1 2
21 6 9 1 3 1 2
22 1 9 4 2 1 2
22 3 9 2 1 1 2
22 7 9 2 1 1 2
22 8 9 4 2 1 2
26 2 9 1 2 1 2
26 7 9 1 2 1 2
27 3 9 4 2 1 6
27 5 9 4 1 1 6
27 6 9 4 2 1 6
31 4 9 1 3 1 6
0 2 10 2 1 1 2
0 8 10 2 1 1 2
1 1 10 1 1 1 2
1 3 10 4 1 1 2
1 7 10 1 1 1 2
1 9 10 1 1 1 2
2 0 10 4 2 1 2
2 4 10 4 1 1 2
2 6 10 4 2 1 2
2 9 10 4 2 1 2
5 3 10 1 1 1 2
5 5 10 2 1 1 2
6 1 10 3 2 1 2
6 8 10 3 2 1 2
9 1 10 4 2 1 2
9 8 10 4 2 1 2
13 2 10 2 2 1 2
13 7 10 2 2 1 2
15 3 10 3 2 1 2
15 5 10 4 1 1 2
15 6 10 3 2 1 2
21 3 10 1 4 1 2
21 7 10 1 1 1 2
22 2 10 2 4 1 2
22 6 10 1 3 1 2
23 6 10 4 1 1 2
23 7 10 4 2 1 6
24 2 10 1 4 1 2
25 2 10 2 4 1 6
27 4 10 1 3 1 2
0 2 11 2 2 1 2
0 7 11 1 2 1 2
1 0 11 4 2 1 2
1 4 11 4 1 1 2
1 6 11 4 1 1 2
1 7 11 1 4 1 2
2 3 11 3 1 1 2
2 7 11 3 1 1 2
2 9 11 4 2 1 2
5 0 11 1 2 1 2
5 4 11 1 1 1 2
5 5 11 2 1 1 2
5 6 11 1 1 1 2
6 1 11 2 2 1 2
6 8 11 2 2 1 2
8 1 11 4 2 1 2
8 8 11 4 2 1 2
12 2 11 2 2 1 2
12 7 11 2 2 1 2
14 3 11 1 4 1 2
14 7 11 1 1 1 2
15 4 11 2 3 1 2
22 4 11 2 3 1 2
24 3 11 2 4 1 2
24 7 11 3 1 1 2
26 3 11 1 4 1 2
0 2 12 2 3 1 2
0 6 12 2 3 1 2
1 0 12 4 2 1 2
1 9 12 4 2 1 2
2 4 12 3 1 1 2
2 5 12 4 1 1 2
2 6 12 3 1 1 2
5 1 12 3 2 1 2
5 8 12 3 2 1 2
8 1 12 4 2 1 2
8 8 12 4 2 1 2
12 2 12 1 2 1 2
12 7 12 2 2 1 2
13 2 12 1 4 1 2
13 6 12 1 1 1 2
14 3 12 1 4 1 2
14 7 12 1 1 1 2
0 1 13 1 4 1 2
0 5 13 1 1 1 2
0 6 13 1 4 1 2
1 0 13 4 2 1 2
1 2 13 1 3 1 2
1 5 13 4 1 1 2
1 6 13 1 1 1 2
1 7 13 1 4 1 2
2 9 13 4 2 1 2
5 0 13 1 2 1 2
6 1 13 1 2 1 2
6 8 13 1 2 1 2
7 1 13 4 2 1 2
7 8 13 4 2 1 2
11 2 13 2 2 1 2
11 7 13 2 2 1 2
13 3 13 1 4 1 2
13 7 13 1 1 1 2
14 4 13 1 3 1 2
0 1 14 2 8 1 2
0 9 14 2 1 1 2
2 0 14 4 2 1 2
2 9 14 4 2 1 2
6 1 14 4 2 1 2
6 8 14 4 2 1 2
10 2 14 2 2 1 2
10 7 14 2 2 1 2
12 3 14 1 4 1 2
12 7 14 1 1 1 2
13 4 14 1 3 1 2
0 2 15 1 4 1 2
0 6 15 1 3 1 2
1 1 15 1 4 1 2
1 5 15 1 1 1 2
1 6 15 1 4 1 2
2 1 15 1 2 1 2
2 8 15 1 2 1 2
3 0 15 3 2 1 2
3 9 15 3 2 1 2
6 1 15 3 2 1 2
6 8 15 3 2 1 2
9 2 15 2 2 1 2
9 7 15 2 2 1 2
11 3 15 2 4 1 2
11 7 15 2 1 1 2
0 2 16 1 4 1 2
0 6 16 1 3 1 2
1 1 16 3 2 1 2
1 3 16 1 4 1 2
1 7 16 1 1 1 2
1 8 16 3 2 1 2
4 0 16 1 2 1 2
4 9 16 1 2 1 2
5 1 16 3 2 1 2
5 8 16 3 2 1 2
8 2 16 2 2 1 2
8 7 16 2 2 1 2
10 3 16 2 4 1 2
10 7 16 2 1 1 2
0 2 17 2 4 1 2
0 6 17 2 3 1 2
2 1 17 4 2 1 2
2 8 17 4 2 1 2
6 2 17 3 2 1 2
6 7 17 3 2 1 2
9 3 17 1 2 1 2
9 5 17 3 1 1 2
9 6 17 2 1 1 2
9 7 17 1 1 1 2
10 4 17 1 1 1 2
0 4 18 1 3 1 2
1 3 18 1 4 1 2
1 7 18 1 1 1 2
2 2 18 4 2 1 2
2 7 18 1 2 1 2
3 7 18 4 2 1 2
6 2 18 1 3 1 2
6 6 18 4 1 1 2
7 3 18 2 2 1 2
7 5 18 4 1 1 2
7 7 18 2 1 1 2
9 4 18 1 1 1 2
0 5 19 2 1 1 2
1 4 19 1 1 1 2
1 6 19 2 1 1 2
2 3 19 1 2 1 2
2 7 19 1 1 1 2
3 2 19 1 4 1 2
3 6 19 1 3 1 2
4 3 19 4 2 1 2
4 5 19 4 1 1 2
4 6 19 4 2 1 2
8 4 19 1 3 1 2
0 5 20 4 1 1 2
1 4 20 4 1 1 2
1 6 20 4 1 1 2
4 5 20 3 1 1 2
5 4 20 1 1 1 2
5 6 20 1 1 1 2
0 5 21 3 1 1 2
1 4 21 2 1 1 2
1 6 21 2 1 1 2
0 4 22 2 1 1 2
0 5 22 3 1 1 2
0 6 22 2 1 1 2
0 4 23 2 3 1 2
0 4 24 2 1 1 2
0 5 24 3 1 1 2
0 6 24 2 1 1 2
0 4 25 2 1 1 2
0 5 25 3 1 1 2
0 6 25 2 1 1 2
0 4 26 2 3 1 2
2 4 26 1 3 1 2
0 5 27 4 1 1 2
1 4 27 2 1 1 2
1 6 27 2 1 1 2
1 4 28 2 3 1 2
3 4 28 1 3 1 2
1 5 29 4 1 1 0
2 4 29 3 1 1 0
2 6 29 3 1 1 0
2 5 30 3 1 1 0
3 4 30 2 1 1 0
3 6 30 2 1 1 0
2 5 31 3 1 1 0
