X Y Z sizeX sizeY sizeZ
18 23 0 8 2 1
4 24 0 4 2 1
4 26 0 4 2 1
4 28 0 4 2 1
4 30 0 4 2 1
16 14 0 4 2 1
20 26 0 4 2 1
5 15 0 4 2 1
5 22 0 4 2 1
5 32 0 4 2 1
5 34 0 4 2 1
6 13 0 4 2 1
6 17 0 4 2 1
17 16 0 4 2 1
17 46 0 4 2 1
18 28 0 4 2 1
18 30 0 4 2 1
18 32 0 4 2 1
18 34 0 4 2 1
19 44 0 4 2 1
21 42 0 4 2 1
22 40 0 4 2 1
23 18 0 4 2 1
23 38 0 4 2 1
24 21 0 4 2 1
24 35 0 4 2 1
8 24 0 2 2 1
18 18 0 2 2 1
18 26 0 2 2 1
20 14 0 2 2 1
24 16 0 2 2 1
26 24 0 2 2 1
26 26 0 2 2 1
26 28 0 2 2 1
26 30 0 2 2 1
26 32 0 2 2 1
7 36 0 2 2 1
9 15 0 2 2 1
19 36 0 2 2 1
20 25 0 4 1 1
6 19 0 4 1 1
17 13 0 4 1 1
18 22 0 4 1 1
24 20 0 3 1 1
24 37 0 3 1 1
25 34 0 3 1 1
18 25 0 2 1 1
24 25 0 2 1 1
26 23 0 2 1 1
3 24 0 1 1 1
3 25 0 1 1 1
3 26 0 1 1 1
4 23 0 1 1 1
6 36 0 1 1 1
7 20 0 1 1 1
8 26 0 1 1 1
8 27 0 1 1 1
8 28 0 1 1 1
8 29 0 1 1 1
8 30 0 1 1 1
8 31 0 1 1 1
9 23 0 1 1 1
9 34 0 1 1 1
10 14 0 1 1 1
17 18 0 1 1 1
18 36 0 1 1 1
18 45 0 1 1 1
19 20 0 1 1 1
20 18 0 1 1 1
20 19 0 1 1 1
20 43 0 1 1 1
21 16 0 1 1 1
21 17 0 1 1 1
21 36 0 1 1 1
21 46 0 1 1 1
22 22 0 1 1 1
22 28 0 1 1 1
22 29 0 1 1 1
22 30 0 1 1 1
22 31 0 1 1 1
22 32 0 1 1 1
23 16 0 1 1 1
23 17 0 1 1 1
23 44 0 1 1 1
25 26 0 1 1 1
25 27 0 1 1 1
25 28 0 1 1 1
25 29 0 1 1 1
25 30 0 1 1 1
25 31 0 1 1 1
25 32 0 1 1 1
25 33 0 1 1 1
26 40 0 1 1 1
4 24 1 2 8 1
6 24 1 2 8 1
6 32 1 2 8 1
8 24 1 2 8 1
8 32 1 2 8 1
18 24 1 2 8 1
18 32 1 2 8 1
20 24 1 2 8 1
22 24 1 2 8 1
24 16 1 2 8 1
24 24 1 2 8 1
24 32 1 2 8 1
26 24 1 2 8 1
26 32 1 2 8 1
6 13 1 2 8 1
11 28 1 2 8 1
13 28 1 2 8 1
18 13 1 2 8 1
22 39 1 2 8 1
4 32 1 2 4 1
8 16 1 2 4 1
16 44 1 2 4 1
18 44 1 2 4 1
20 32 1 2 4 1
20 44 1 2 4 1
24 40 1 2 4 1
26 20 1 2 4 1
15 30 1 2 4 1
16 14 1 2 4 1
20 14 1 2 4 1
6 22 1 2 2 1
8 14 1 2 2 1
14 46 1 2 2 1
18 22 1 2 2 1
20 22 1 2 2 1
20 36 1 2 2 1
20 42 1 2 2 1
22 22 1 2 2 1
22 32 1 2 2 1
3 24 1 1 4 1
17 32 1 1 4 1
17 36 1 1 4 1
23 16 1 1 4 1
26 16 1 1 4 1
28 24 1 1 4 1
28 28 1 1 4 1
28 32 1 1 4 1
5 14 1 1 4 1
10 14 1 1 4 1
10 30 1 1 4 1
17 24 1 1 3 1
20 18 1 1 3 1
23 36 1 1 3 1
3 28 1 1 3 1
17 29 1 1 3 1
20 38 1 1 3 1
22 34 1 1 3 1
5 22 1 1 2 1
5 36 1 1 2 1
8 22 1 1 2 1
15 28 1 1 2 1
15 34 1 1 2 1
17 18 1 1 2 1
23 20 1 1 2 1
24 44 1 1 2 1
26 40 1 1 2 1
4 23 1 1 1 1
4 36 1 1 1 1
5 18 1 1 1 1
7 40 1 1 1 1
8 13 1 1 1 1
8 20 1 1 1 1
8 40 1 1 1 1
9 13 1 1 1 1
9 23 1 1 1 1
9 40 1 1 1 1
10 18 1 1 1 1
10 36 1 1 1 1
10 38 1 1 1 1
12 36 1 1 1 1
13 36 1 1 1 1
14 36 1 1 1 1
14 45 1 1 1 1
15 45 1 1 1 1
15 48 1 1 1 1
16 34 1 1 1 1
16 48 1 1 1 1
17 13 1 1 1 1
17 40 1 1 1 1
17 48 1 1 1 1
18 40 1 1 1 1
18 48 1 1 1 1
19 40 1 1 1 1
19 43 1 1 1 1
19 48 1 1 1 1
20 13 1 1 1 1
20 48 1 1 1 1
21 18 1 1 1 1
21 38 1 1 1 1
21 41 1 1 1 1
23 15 1 1 1 1
24 15 1 1 1 1
25 15 1 1 1 1
27 19 1 1 1 1
28 23 1 1 1 1
8 28 2 8 2 1
8 30 2 8 2 1
8 32 2 8 2 1
8 34 2 8 2 1
8 36 2 8 2 1
8 38 2 8 2 1
16 28 2 8 2 1
16 30 2 8 2 1
16 32 2 8 2 1
16 34 2 8 2 1
16 36 2 8 2 1
16 38 2 8 2 1
16 44 2 8 2 1
13 46 2 8 2 1
17 24 2 8 2 1
17 26 2 8 2 1
17 40 2 8 2 1
18 42 2 8 2 1
4 24 2 4 2 1
4 26 2 4 2 1
4 28 2 4 2 1
4 30 2 4 2 1
4 32 2 4 2 1
4 34 2 4 2 1
4 36 2 4 2 1
8 40 2 4 2 1
12 26 2 4 2 1
16 14 2 4 2 1
16 16 2 4 2 1
16 48 2 4 2 1
24 20 2 4 2 1
24 22 2 4 2 1
24 28 2 4 2 1
24 30 2 4 2 1
24 32 2 4 2 1
24 34 2 4 2 1
24 36 2 4 2 1
24 38 2 4 2 1
5 14 2 4 2 1
5 16 2 4 2 1
6 18 2 4 2 1
17 18 2 4 2 1
23 16 2 4 2 1
23 18 2 4 2 1
25 24 2 4 2 1
25 26 2 4 2 1
6 22 2 2 2 1
6 38 2 2 2 1
6 40 2 2 2 1
8 24 2 2 2 1
8 26 2 2 2 1
14 44 2 2 2 1
20 14 2 2 2 1
20 16 2 2 2 1
20 22 2 2 2 1
9 14 2 2 2 1
9 16 2 2 2 1
13 42 2 2 2 1
21 46 2 2 2 1
25 40 2 2 2 1
6 13 2 4 1 1
6 20 2 4 1 1
17 13 2 4 1 1
12 40 2 3 1 1
18 20 2 3 1 1
7 42 2 3 1 1
23 15 2 3 1 1
4 23 2 2 1 1
4 38 2 2 1 1
8 23 2 2 1 1
10 27 2 2 1 1
12 45 2 2 1 1
14 48 2 2 1 1
18 23 2 2 1 1
20 48 2 2 1 1
22 23 2 2 1 1
24 44 2 2 1 1
15 43 2 2 1 1
3 24 2 1 1 1
3 25 2 1 1 1
3 26 2 1 1 1
3 27 2 1 1 1
3 28 2 1 1 1
3 29 2 1 1 1
3 30 2 1 1 1
3 31 2 1 1 1
3 32 2 1 1 1
3 33 2 1 1 1
3 34 2 1 1 1
3 35 2 1 1 1
5 18 2 1 1 1
5 22 2 1 1 1
5 39 2 1 1 1
5 40 2 1 1 1
10 18 2 1 1 1
11 26 2 1 1 1
12 43 2 1 1 1
12 46 2 1 1 1
13 44 2 1 1 1
15 49 2 1 1 1
16 27 2 1 1 1
16 40 2 1 1 1
19 22 2 1 1 1
21 18 2 1 1 1
21 19 2 1 1 1
23 20 2 1 1 1
23 21 2 1 1 1
23 22 2 1 1 1
23 46 2 1 1 1
24 45 2 1 1 1
26 42 2 1 1 1
27 19 2 1 1 1
27 40 2 1 1 1
28 23 2 1 1 1
28 28 2 1 1 1
28 29 2 1 1 1
28 30 2 1 1 1
28 31 2 1 1 1
28 32 2 1 1 1
28 33 2 1 1 1
28 34 2 1 1 1
28 35 2 1 1 1
28 36 2 1 1 1
4 24 3 2 8 1
4 32 3 2 8 1
6 24 3 2 8 1
6 32 3 2 8 1
8 24 3 2 8 1
8 32 3 2 8 1
10 32 3 2 8 1
12 32 3 2 8 1
12 40 3 2 8 1
14 32 3 2 8 1
14 40 3 2 8 1
16 32 3 2 8 1
16 40 3 2 8 1
18 24 3 2 8 1
18 32 3 2 8 1
18 40 3 2 8 1
20 24 3 2 8 1
20 32 3 2 8 1
20 40 3 2 8 1
22 32 3 2 8 1
24 16 3 2 8 1
24 24 3 2 8 1
24 32 3 2 8 1
26 24 3 2 8 1
26 32 3 2 8 1
19 14 3 2 8 1
6 16 3 2 4 1
8 16 3 2 4 1
8 40 3 2 4 1
10 28 3 2 4 1
10 40 3 2 4 1
12 28 3 2 4 1
14 28 3 2 4 1
16 28 3 2 4 1
22 28 3 2 4 1
22 40 3 2 4 1
24 40 3 2 4 1
26 20 3 2 4 1
17 14 3 2 4 1
6 14 3 2 2 1
6 40 3 2 2 1
8 14 3 2 2 1
10 26 3 2 2 1
12 26 3 2 2 1
14 26 3 2 2 1
14 48 3 2 2 1
16 26 3 2 2 1
16 48 3 2 2 1
18 48 3 2 2 1
22 26 3 2 2 1
22 44 3 2 2 1
17 18 3 2 2 1
3 28 3 1 4 1
3 32 3 1 4 1
5 16 3 1 4 1
21 16 3 1 4 1
23 16 3 1 4 1
28 24 3 1 4 1
28 28 3 1 4 1
28 32 3 1 4 1
10 14 3 1 4 1
16 15 3 1 3 1
11 44 3 1 3 1
22 23 3 1 3 1
23 20 3 1 3 1
26 17 3 1 3 1
26 40 3 1 3 1
3 26 3 1 2 1
3 36 3 1 2 1
5 40 3 1 2 1
7 20 3 1 2 1
7 42 3 1 2 1
13 24 3 1 2 1
21 14 3 1 2 1
22 46 3 1 2 1
24 44 3 1 2 1
4 40 3 1 1 1
5 15 3 1 1 1
5 23 3 1 1 1
6 20 3 1 1 1
6 23 3 1 1 1
6 42 3 1 1 1
7 23 3 1 1 1
8 13 3 1 1 1
8 20 3 1 1 1
8 23 3 1 1 1
9 20 3 1 1 1
10 18 3 1 1 1
10 25 3 1 1 1
11 25 3 1 1 1
12 25 3 1 1 1
13 48 3 1 1 1
14 25 3 1 1 1
15 25 3 1 1 1
16 25 3 1 1 1
18 13 3 1 1 1
18 20 3 1 1 1
18 23 3 1 1 1
19 23 3 1 1 1
20 23 3 1 1 1
20 48 3 1 1 1
21 20 3 1 1 1
21 23 3 1 1 1
21 48 3 1 1 1
23 25 3 1 1 1
23 46 3 1 1 1
25 44 3 1 1 1
27 19 3 1 1 1
27 40 3 1 1 1
28 23 3 1 1 1
28 36 3 1 1 1
8 26 4 8 2 1
8 28 4 8 2 1
8 30 4 8 2 1
8 32 4 8 2 1
8 34 4 8 2 1
8 36 4 8 2 1
8 38 4 8 2 1
8 40 4 8 2 1
8 42 4 8 2 1
16 28 4 8 2 1
16 30 4 8 2 1
16 32 4 8 2 1
16 34 4 8 2 1
16 36 4 8 2 1
16 38 4 8 2 1
16 40 4 8 2 1
16 42 4 8 2 1
16 44 4 8 2 1
9 24 4 8 2 1
11 46 4 8 2 1
4 26 4 4 2 1
4 28 4 4 2 1
4 30 4 4 2 1
4 32 4 4 2 1
4 34 4 4 2 1
4 36 4 4 2 1
4 38 4 4 2 1
4 40 4 4 2 1
12 44 4 4 2 1
16 26 4 4 2 1
16 48 4 4 2 1
24 22 4 4 2 1
24 24 4 4 2 1
24 28 4 4 2 1
24 30 4 4 2 1
24 32 4 4 2 1
24 34 4 4 2 1
24 36 4 4 2 1
24 38 4 4 2 1
5 16 4 4 2 1
5 18 4 4 2 1
17 15 4 4 2 1
17 17 4 4 2 1
17 19 4 4 2 1
19 46 4 4 2 1
25 26 4 4 2 1
2 30 4 2 2 1
2 32 4 2 2 1
6 20 4 2 2 1
6 24 4 2 2 1
6 42 4 2 2 1
10 44 4 2 2 1
14 48 4 2 2 1
20 24 4 2 2 1
20 26 4 2 2 1
24 20 4 2 2 1
24 40 4 2 2 1
24 42 4 2 2 1
7 14 4 2 2 1
9 16 4 2 2 1
12 23 4 3 1 1
18 14 4 3 1 1
18 21 4 3 1 1
7 44 4 3 1 1
17 25 4 3 1 1
22 27 4 3 1 1
2 34 4 2 1 1
4 25 4 2 1 1
8 20 4 2 1 1
12 48 4 2 1 1
20 48 4 2 1 1
24 19 4 2 1 1
9 18 4 2 1 1
3 28 4 1 1 1
3 29 4 1 1 1
3 35 4 1 1 1
3 36 4 1 1 1
3 37 4 1 1 1
3 38 4 1 1 1
3 39 4 1 1 1
5 20 4 1 1 1
5 24 4 1 1 1
5 42 4 1 1 1
6 15 4 1 1 1
8 21 4 1 1 1
8 25 4 1 1 1
9 15 4 1 1 1
9 19 4 1 1 1
13 49 4 1 1 1
16 17 4 1 1 1
17 24 4 1 1 1
19 24 4 1 1 1
21 16 4 1 1 1
21 17 4 1 1 1
21 18 4 1 1 1
21 19 4 1 1 1
21 20 4 1 1 1
22 25 4 1 1 1
22 26 4 1 1 1
23 46 4 1 1 1
24 44 4 1 1 1
24 45 4 1 1 1
26 20 4 1 1 1
26 21 4 1 1 1
26 40 4 1 1 1
26 41 4 1 1 1
26 42 4 1 1 1
28 28 4 1 1 1
28 29 4 1 1 1
28 30 4 1 1 1
28 31 4 1 1 1
28 32 4 1 1 1
28 33 4 1 1 1
28 34 4 1 1 1
28 35 4 1 1 1
4 32 5 2 8 1
6 32 5 2 8 1
8 24 5 2 8 1
8 32 5 2 8 1
10 24 5 2 8 1
10 32 5 2 8 1
12 24 5 2 8 1
12 32 5 2 8 1
12 40 5 2 8 1
14 24 5 2 8 1
14 32 5 2 8 1
14 40 5 2 8 1
16 24 5 2 8 1
16 32 5 2 8 1
16 40 5 2 8 1
18 24 5 2 8 1
18 32 5 2 8 1
18 40 5 2 8 1
20 32 5 2 8 1
20 40 5 2 8 1
22 32 5 2 8 1
2 28 5 2 8 1
24 34 5 2 8 1
4 28 5 2 4 1
6 16 5 2 4 1
6 28 5 2 4 1
6 40 5 2 4 1
8 16 5 2 4 1
8 40 5 2 4 1
10 40 5 2 4 1
18 16 5 2 4 1
20 16 5 2 4 1
20 28 5 2 4 1
22 28 5 2 4 1
22 40 5 2 4 1
2 36 5 2 2 1
4 26 5 2 2 1
4 40 5 2 2 1
6 20 5 2 2 1
6 26 5 2 2 1
8 44 5 2 2 1
10 44 5 2 2 1
14 48 5 2 2 1
16 48 5 2 2 1
18 20 5 2 2 1
18 48 5 2 2 1
20 20 5 2 2 1
20 26 5 2 2 1
22 26 5 2 2 1
22 44 5 2 2 1
5 16 5 1 4 1
17 16 5 1 4 1
24 28 5 1 4 1
26 32 5 1 4 1
26 36 5 1 4 1
24 42 5 1 3 1
3 38 5 1 3 1
3 26 5 1 2 1
5 42 5 1 2 1
7 24 5 1 2 1
8 20 5 1 2 1
11 46 5 1 2 1
13 22 5 1 2 1
13 48 5 1 2 1
20 24 5 1 2 1
24 32 5 1 2 1
10 17 5 1 2 1
2 38 5 1 1 1
4 25 5 1 1 1
4 42 5 1 1 1
5 20 5 1 1 1
5 25 5 1 1 1
6 15 5 1 1 1
6 25 5 1 1 1
6 44 5 1 1 1
7 15 5 1 1 1
7 44 5 1 1 1
8 15 5 1 1 1
9 15 5 1 1 1
9 20 5 1 1 1
9 23 5 1 1 1
10 23 5 1 1 1
10 46 5 1 1 1
11 23 5 1 1 1
12 23 5 1 1 1
12 48 5 1 1 1
14 23 5 1 1 1
15 23 5 1 1 1
16 23 5 1 1 1
17 15 5 1 1 1
17 20 5 1 1 1
17 23 5 1 1 1
18 15 5 1 1 1
19 15 5 1 1 1
20 15 5 1 1 1
20 48 5 1 1 1
21 25 5 1 1 1
22 18 5 1 1 1
22 25 5 1 1 1
22 46 5 1 1 1
25 42 5 1 1 1
26 40 5 1 1 1
8 24 6 8 2 1
8 26 6 8 2 1
8 28 6 8 2 1
8 30 6 8 2 1
8 32 6 8 2 1
8 34 6 8 2 1
8 36 6 8 2 1
8 38 6 8 2 1
8 40 6 8 2 1
8 42 6 8 2 1
8 44 6 8 2 1
16 26 6 8 2 1
16 28 6 8 2 1
16 30 6 8 2 1
16 32 6 8 2 1
16 34 6 8 2 1
16 36 6 8 2 1
16 38 6 8 2 1
16 40 6 8 2 1
10 22 6 8 2 1
11 46 6 8 2 1
4 26 6 4 2 1
4 28 6 4 2 1
4 30 6 4 2 1
4 32 6 4 2 1
4 34 6 4 2 1
4 36 6 4 2 1
4 38 6 4 2 1
4 40 6 4 2 1
4 42 6 4 2 1
16 24 6 4 2 1
16 42 6 4 2 1
16 44 6 4 2 1
5 17 6 4 2 1
5 19 6 4 2 1
13 48 6 4 2 1
17 16 6 4 2 1
17 18 6 4 2 1
18 20 6 4 2 1
2 28 6 2 2 1
2 30 6 2 2 1
2 32 6 2 2 1
2 34 6 2 2 1
2 36 6 2 2 1
2 38 6 2 2 1
6 24 6 2 2 1
6 44 6 2 2 1
20 24 6 2 2 1
20 42 6 2 2 1
24 30 6 2 2 1
24 32 6 2 2 1
24 34 6 2 2 1
7 15 6 2 2 1
21 18 6 2 2 1
5 21 6 4 1 1
18 15 6 3 1 1
4 25 6 2 1 1
8 23 6 2 1 1
18 23 6 2 1 1
20 44 6 2 1 1
22 25 6 2 1 1
24 36 6 2 1 1
9 18 6 2 1 1
9 46 6 2 1 1
11 48 6 2 1 1
17 48 6 2 1 1
19 46 6 2 1 1
3 26 6 1 1 1
3 27 6 1 1 1
3 40 6 1 1 1
3 41 6 1 1 1
5 24 6 1 1 1
5 44 6 1 1 1
6 16 6 1 1 1
9 16 6 1 1 1
9 17 6 1 1 1
9 19 6 1 1 1
9 20 6 1 1 1
9 21 6 1 1 1
17 20 6 1 1 1
17 49 6 1 1 1
19 47 6 1 1 1
20 45 6 1 1 1
21 16 6 1 1 1
21 17 6 1 1 1
22 42 6 1 1 1
22 43 6 1 1 1
24 27 6 1 1 1
24 28 6 1 1 1
24 29 6 1 1 1
24 37 6 1 1 1
24 38 6 1 1 1
24 39 6 1 1 1
2 32 7 2 8 1
4 24 7 2 8 1
4 32 7 2 8 1
6 16 7 2 8 1
6 24 7 2 8 1
6 32 7 2 8 1
8 16 7 2 8 1
8 24 7 2 8 1
8 32 7 2 8 1
10 24 7 2 8 1
10 32 7 2 8 1
10 40 7 2 8 1
12 24 7 2 8 1
12 32 7 2 8 1
12 40 7 2 8 1
14 24 7 2 8 1
14 32 7 2 8 1
14 40 7 2 8 1
16 24 7 2 8 1
16 32 7 2 8 1
16 40 7 2 8 1
18 16 7 2 8 1
18 24 7 2 8 1
18 32 7 2 8 1
20 24 7 2 8 1
20 32 7 2 8 1
22 32 7 2 8 1
24 29 7 2 8 1
2 28 7 2 4 1
4 40 7 2 4 1
6 40 7 2 4 1
8 40 7 2 4 1
18 40 7 2 4 1
20 16 7 2 4 1
20 40 7 2 4 1
22 28 7 2 4 1
6 44 7 2 2 1
8 44 7 2 2 1
10 22 7 2 2 1
12 22 7 2 2 1
14 22 7 2 2 1
14 48 7 2 2 1
16 22 7 2 2 1
18 44 7 2 2 1
20 20 7 2 2 1
20 44 7 2 2 1
22 26 7 2 2 1
22 40 7 2 2 1
24 37 7 2 2 1
1 32 7 1 4 1
17 16 7 1 4 1
5 17 7 1 4 1
22 18 7 1 3 1
22 42 7 1 3 1
3 25 7 1 3 1
3 40 7 1 3 1
24 26 7 1 3 1
1 36 7 1 2 1
13 48 7 1 2 1
16 48 7 1 2 1
20 22 7 1 2 1
22 24 7 1 2 1
24 39 7 1 2 1
1 31 7 1 1 1
2 27 7 1 1 1
5 21 7 1 1 1
5 44 7 1 1 1
7 15 7 1 1 1
7 46 7 1 1 1
8 15 7 1 1 1
8 46 7 1 1 1
9 46 7 1 1 1
10 21 7 1 1 1
11 21 7 1 1 1
11 48 7 1 1 1
12 21 7 1 1 1
12 48 7 1 1 1
13 21 7 1 1 1
14 21 7 1 1 1
15 21 7 1 1 1
16 21 7 1 1 1
17 20 7 1 1 1
17 48 7 1 1 1
18 15 7 1 1 1
18 46 7 1 1 1
19 15 7 1 1 1
23 25 7 1 1 1
23 42 7 1 1 1
8 22 8 8 2 1
8 24 8 8 2 1
8 26 8 8 2 1
8 28 8 8 2 1
8 30 8 8 2 1
8 32 8 8 2 1
8 34 8 8 2 1
8 36 8 8 2 1
8 38 8 8 2 1
8 40 8 8 2 1
8 42 8 8 2 1
8 44 8 8 2 1
16 24 8 8 2 1
16 26 8 8 2 1
16 28 8 8 2 1
16 30 8 8 2 1
16 32 8 8 2 1
16 34 8 8 2 1
16 36 8 8 2 1
16 38 8 8 2 1
16 40 8 8 2 1
16 42 8 8 2 1
10 46 8 8 2 1
4 24 8 4 2 1
4 26 8 4 2 1
4 28 8 4 2 1
4 30 8 4 2 1
4 32 8 4 2 1
4 34 8 4 2 1
4 36 8 4 2 1
4 38 8 4 2 1
4 40 8 4 2 1
4 42 8 4 2 1
12 20 8 4 2 1
16 22 8 4 2 1
16 44 8 4 2 1
5 17 8 4 2 1
5 19 8 4 2 1
17 16 8 4 2 1
17 18 8 4 2 1
17 20 8 4 2 1
2 26 8 2 2 1
2 28 8 2 2 1
2 30 8 2 2 1
2 32 8 2 2 1
2 34 8 2 2 1
2 36 8 2 2 1
2 38 8 2 2 1
6 22 8 2 2 1
6 44 8 2 2 1
14 48 8 2 2 1
20 22 8 2 2 1
20 44 8 2 2 1
24 28 8 2 2 1
24 30 8 2 2 1
24 32 8 2 2 1
24 34 8 2 2 1
24 36 8 2 2 1
21 18 8 2 2 1
8 21 8 4 1 1
6 16 8 4 1 1
18 46 8 3 1 1
5 21 8 3 1 1
7 46 8 3 1 1
2 40 8 2 1 1
4 44 8 2 1 1
12 48 8 2 1 1
24 38 8 2 1 1
21 20 8 2 1 1
1 29 8 1 1 1
1 30 8 1 1 1
1 31 8 1 1 1
1 32 8 1 1 1
1 33 8 1 1 1
1 34 8 1 1 1
1 35 8 1 1 1
1 36 8 1 1 1
1 37 8 1 1 1
3 25 8 1 1 1
3 41 8 1 1 1
3 42 8 1 1 1
4 19 8 1 1 1
5 23 8 1 1 1
5 45 8 1 1 1
9 17 8 1 1 1
9 18 8 1 1 1
9 19 8 1 1 1
9 20 8 1 1 1
11 20 8 1 1 1
16 21 8 1 1 1
16 48 8 1 1 1
21 16 8 1 1 1
21 17 8 1 1 1
21 21 8 1 1 1
22 44 8 1 1 1
24 26 8 1 1 1
24 27 8 1 1 1
24 39 8 1 1 1
24 40 8 1 1 1
24 41 8 1 1 1
26 33 8 1 1 1
26 34 8 1 1 1
2 32 9 2 8 1
4 24 9 2 8 1
4 32 9 2 8 1
6 16 9 2 8 1
6 24 9 2 8 1
6 32 9 2 8 1
8 16 9 2 8 1
8 24 9 2 8 1
8 32 9 2 8 1
10 24 9 2 8 1
10 32 9 2 8 1
10 40 9 2 8 1
12 24 9 2 8 1
12 32 9 2 8 1
12 40 9 2 8 1
14 24 9 2 8 1
14 32 9 2 8 1
14 40 9 2 8 1
16 24 9 2 8 1
16 32 9 2 8 1
16 40 9 2 8 1
18 16 9 2 8 1
18 24 9 2 8 1
18 32 9 2 8 1
20 16 9 2 8 1
20 24 9 2 8 1
20 32 9 2 8 1
22 24 9 2 8 1
22 32 9 2 8 1
24 27 9 2 8 1
2 28 9 2 4 1
4 40 9 2 4 1
6 40 9 2 4 1
8 40 9 2 4 1
10 20 9 2 4 1
12 20 9 2 4 1
14 20 9 2 4 1
16 20 9 2 4 1
18 40 9 2 4 1
20 40 9 2 4 1
22 40 9 2 4 1
24 35 9 2 4 1
2 26 9 2 2 1
4 18 9 2 2 1
6 44 9 2 2 1
8 44 9 2 2 1
18 44 9 2 2 1
20 44 9 2 2 1
0 33 9 2 2 1
3 40 9 1 4 1
26 32 9 1 4 1
1 29 9 1 4 1
22 17 9 1 4 1
24 39 9 1 3 1
1 35 9 1 3 1
17 17 9 1 3 1
5 20 9 1 2 1
5 44 9 1 2 1
9 46 9 1 2 1
2 40 9 1 1 1
3 25 9 1 1 1
4 20 9 1 1 1
4 44 9 1 1 1
5 17 9 1 1 1
5 23 9 1 1 1
7 46 9 1 1 1
8 46 9 1 1 1
12 48 9 1 1 1
13 48 9 1 1 1
14 48 9 1 1 1
15 48 9 1 1 1
16 48 9 1 1 1
18 46 9 1 1 1
19 46 9 1 1 1
20 46 9 1 1 1
22 44 9 1 1 1
24 26 9 1 1 1
26 31 9 1 1 1
0 32 10 8 2 1
0 34 10 8 2 1
8 20 10 8 2 1
8 22 10 8 2 1
8 24 10 8 2 1
8 26 10 8 2 1
8 28 10 8 2 1
8 30 10 8 2 1
8 32 10 8 2 1
8 34 10 8 2 1
8 36 10 8 2 1
8 38 10 8 2 1
8 40 10 8 2 1
8 42 10 8 2 1
8 44 10 8 2 1
16 24 10 8 2 1
16 26 10 8 2 1
16 28 10 8 2 1
16 30 10 8 2 1
16 32 10 8 2 1
16 34 10 8 2 1
16 36 10 8 2 1
16 38 10 8 2 1
16 40 10 8 2 1
16 42 10 8 2 1
9 46 10 8 2 1
4 18 10 4 2 1
4 24 10 4 2 1
4 26 10 4 2 1
4 28 10 4 2 1
4 30 10 4 2 1
4 36 10 4 2 1
4 38 10 4 2 1
4 40 10 4 2 1
4 42 10 4 2 1
16 20 10 4 2 1
16 22 10 4 2 1
16 44 10 4 2 1
5 16 10 4 2 1
17 16 10 4 2 1
17 18 10 4 2 1
2 26 10 2 2 1
2 28 10 2 2 1
2 30 10 2 2 1
2 36 10 2 2 1
2 38 10 2 2 1
2 40 10 2 2 1
6 20 10 2 2 1
6 22 10 2 2 1
6 44 10 2 2 1
8 18 10 2 2 1
20 20 10 2 2 1
20 22 10 2 2 1
20 44 10 2 2 1
24 28 10 2 2 1
24 30 10 2 2 1
24 32 10 2 2 1
24 34 10 2 2 1
24 36 10 2 2 1
24 38 10 2 2 1
21 17 10 2 2 1
12 48 10 4 1 1
17 46 10 4 1 1
6 46 10 3 1 1
12 19 10 3 1 1
0 31 10 2 1 1
4 20 10 2 1 1
4 44 10 2 1 1
22 44 10 2 1 1
24 27 10 2 1 1
21 19 10 2 1 1
1 28 10 1 1 1
1 29 10 1 1 1
1 30 10 1 1 1
1 36 10 1 1 1
1 37 10 1 1 1
1 38 10 1 1 1
3 24 10 1 1 1
3 25 10 1 1 1
3 42 10 1 1 1
3 43 10 1 1 1
5 21 10 1 1 1
5 22 10 1 1 1
5 23 10 1 1 1
5 45 10 1 1 1
9 16 10 1 1 1
9 17 10 1 1 1
10 19 10 1 1 1
16 48 10 1 1 1
17 47 10 1 1 1
21 16 10 1 1 1
22 20 10 1 1 1
22 21 10 1 1 1
22 45 10 1 1 1
24 25 10 1 1 1
24 26 10 1 1 1
24 40 10 1 1 1
24 41 10 1 1 1
24 42 10 1 1 1
26 30 10 1 1 1
26 31 10 1 1 1
26 32 10 1 1 1
26 33 10 1 1 1
26 34 10 1 1 1
26 35 10 1 1 1
26 36 10 1 1 1
2 32 11 2 8 1
4 24 11 2 8 1
4 32 11 2 8 1
6 16 11 2 8 1
6 24 11 2 8 1
6 32 11 2 8 1
8 16 11 2 8 1
8 24 11 2 8 1
8 32 11 2 8 1
10 24 11 2 8 1
10 32 11 2 8 1
10 40 11 2 8 1
12 24 11 2 8 1
12 32 11 2 8 1
12 40 11 2 8 1
14 24 11 2 8 1
14 32 11 2 8 1
14 40 11 2 8 1
16 24 11 2 8 1
16 32 11 2 8 1
16 40 11 2 8 1
18 16 11 2 8 1
18 24 11 2 8 1
18 32 11 2 8 1
20 16 11 2 8 1
20 24 11 2 8 1
20 32 11 2 8 1
22 24 11 2 8 1
22 32 11 2 8 1
24 32 11 2 8 1
0 32 11 2 4 1
2 28 11 2 4 1
4 40 11 2 4 1
6 40 11 2 4 1
8 40 11 2 4 1
10 20 11 2 4 1
12 20 11 2 4 1
14 20 11 2 4 1
16 20 11 2 4 1
18 40 11 2 4 1
20 40 11 2 4 1
22 40 11 2 4 1
24 28 11 2 4 1
4 18 11 2 4 1
2 26 11 2 2 1
2 40 11 2 2 1
4 44 11 2 2 1
6 44 11 2 2 1
8 44 11 2 2 1
18 44 11 2 2 1
20 44 11 2 2 1
1 28 11 1 4 1
17 16 11 1 4 1
26 32 11 1 4 1
22 17 11 1 4 1
1 36 11 1 3 1
24 25 11 1 3 1
24 40 11 1 3 1
3 24 11 1 2 1
3 42 11 1 2 1
5 16 11 1 2 1
5 22 11 1 2 1
9 46 11 1 2 1
10 18 11 1 2 1
18 46 11 1 2 1
22 44 11 1 2 1
26 30 11 1 2 1
0 31 11 1 1 1
6 46 11 1 1 1
7 15 11 1 1 1
7 46 11 1 1 1
8 46 11 1 1 1
11 19 11 1 1 1
12 19 11 1 1 1
12 48 11 1 1 1
13 19 11 1 1 1
13 48 11 1 1 1
14 19 11 1 1 1
14 48 11 1 1 1
15 19 11 1 1 1
15 48 11 1 1 1
16 19 11 1 1 1
19 15 11 1 1 1
19 46 11 1 1 1
20 46 11 1 1 1
22 21 11 1 1 1
23 44 11 1 1 1
25 27 11 1 1 1
26 36 11 1 1 1
0 30 12 8 2 1
0 32 12 8 2 1
0 34 12 8 2 1
8 20 12 8 2 1
8 22 12 8 2 1
8 24 12 8 2 1
8 26 12 8 2 1
8 28 12 8 2 1
8 30 12 8 2 1
8 32 12 8 2 1
8 34 12 8 2 1
8 36 12 8 2 1
8 38 12 8 2 1
8 40 12 8 2 1
8 42 12 8 2 1
8 44 12 8 2 1
16 24 12 8 2 1
16 26 12 8 2 1
16 28 12 8 2 1
16 30 12 8 2 1
16 32 12 8 2 1
16 34 12 8 2 1
16 36 12 8 2 1
16 38 12 8 2 1
16 40 12 8 2 1
16 42 12 8 2 1
9 46 12 8 2 1
4 18 12 4 2 1
4 20 12 4 2 1
4 24 12 4 2 1
4 26 12 4 2 1
4 28 12 4 2 1
4 36 12 4 2 1
4 38 12 4 2 1
4 40 12 4 2 1
4 42 12 4 2 1
4 44 12 4 2 1
16 20 12 4 2 1
16 22 12 4 2 1
16 44 12 4 2 1
5 16 12 4 2 1
17 16 12 4 2 1
17 18 12 4 2 1
2 26 12 2 2 1
2 28 12 2 2 1
2 36 12 2 2 1
2 38 12 2 2 1
2 40 12 2 2 1
6 22 12 2 2 1
8 18 12 2 2 1
20 20 12 2 2 1
20 22 12 2 2 1
20 44 12 2 2 1
24 28 12 2 2 1
24 30 12 2 2 1
24 32 12 2 2 1
24 34 12 2 2 1
24 36 12 2 2 1
24 38 12 2 2 1
17 46 12 2 2 1
21 17 12 2 2 1
12 19 12 4 1 1
6 46 12 3 1 1
0 36 12 2 1 1
10 19 12 2 1 1
18 15 12 2 1 1
22 44 12 2 1 1
24 27 12 2 1 1
7 15 12 2 1 1
13 48 12 2 1 1
19 46 12 2 1 1
21 19 12 2 1 1
1 28 12 1 1 1
1 29 12 1 1 1
1 37 12 1 1 1
1 38 12 1 1 1
3 24 12 1 1 1
3 25 12 1 1 1
3 42 12 1 1 1
3 43 12 1 1 1
3 44 12 1 1 1
4 17 12 1 1 1
5 22 12 1 1 1
5 23 12 1 1 1
9 16 12 1 1 1
9 17 12 1 1 1
10 18 12 1 1 1
16 19 12 1 1 1
21 16 12 1 1 1
22 20 12 1 1 1
22 21 12 1 1 1
22 22 12 1 1 1
22 45 12 1 1 1
24 25 12 1 1 1
24 26 12 1 1 1
24 40 12 1 1 1
24 41 12 1 1 1
24 42 12 1 1 1
26 29 12 1 1 1
26 30 12 1 1 1
26 31 12 1 1 1
26 32 12 1 1 1
26 33 12 1 1 1
26 34 12 1 1 1
26 35 12 1 1 1
26 36 12 1 1 1
26 37 12 1 1 1
2 32 13 2 8 1
4 24 13 2 8 1
4 32 13 2 8 1
6 16 13 2 8 1
6 24 13 2 8 1
6 32 13 2 8 1
8 16 13 2 8 1
8 24 13 2 8 1
8 32 13 2 8 1
10 24 13 2 8 1
10 32 13 2 8 1
10 40 13 2 8 1
12 24 13 2 8 1
12 32 13 2 8 1
12 40 13 2 8 1
14 24 13 2 8 1
14 32 13 2 8 1
14 40 13 2 8 1
16 24 13 2 8 1
16 32 13 2 8 1
16 40 13 2 8 1
18 16 13 2 8 1
18 24 13 2 8 1
18 32 13 2 8 1
20 16 13 2 8 1
20 24 13 2 8 1
20 32 13 2 8 1
22 24 13 2 8 1
22 32 13 2 8 1
24 32 13 2 8 1
0 32 13 2 4 1
2 28 13 2 4 1
4 40 13 2 4 1
6 40 13 2 4 1
8 40 13 2 4 1
10 20 13 2 4 1
12 20 13 2 4 1
14 20 13 2 4 1
16 20 13 2 4 1
18 40 13 2 4 1
20 40 13 2 4 1
22 40 13 2 4 1
24 28 13 2 4 1
4 17 13 2 4 1
0 30 13 2 2 1
2 26 13 2 2 1
2 40 13 2 2 1
4 44 13 2 2 1
6 44 13 2 2 1
8 44 13 2 2 1
10 18 13 2 2 1
12 18 13 2 2 1
14 18 13 2 2 1
16 18 13 2 2 1
18 44 13 2 2 1
20 44 13 2 2 1
4 21 13 2 2 1
1 36 13 1 4 1
26 32 13 1 4 1
22 17 13 1 4 1
3 42 13 1 3 1
24 25 13 1 3 1
24 40 13 1 3 1
26 29 13 1 3 1
1 28 13 1 2 1
3 24 13 1 2 1
17 16 13 1 2 1
22 44 13 1 2 1
26 36 13 1 2 1
22 21 13 1 2 1
0 36 13 1 1 1
2 25 13 1 1 1
5 16 13 1 1 1
5 23 13 1 1 1
6 15 13 1 1 1
6 46 13 1 1 1
7 15 13 1 1 1
7 46 13 1 1 1
8 15 13 1 1 1
8 46 13 1 1 1
9 46 13 1 1 1
10 17 13 1 1 1
18 15 13 1 1 1
18 46 13 1 1 1
19 15 13 1 1 1
19 46 13 1 1 1
20 15 13 1 1 1
20 46 13 1 1 1
23 44 13 1 1 1
25 27 13 1 1 1
0 30 14 8 2 1
0 32 14 8 2 1
0 34 14 8 2 1
8 18 14 8 2 1
8 20 14 8 2 1
8 22 14 8 2 1
8 24 14 8 2 1
8 26 14 8 2 1
8 28 14 8 2 1
8 30 14 8 2 1
8 32 14 8 2 1
8 34 14 8 2 1
8 36 14 8 2 1
8 38 14 8 2 1
8 40 14 8 2 1
8 42 14 8 2 1
8 44 14 8 2 1
16 24 14 8 2 1
16 26 14 8 2 1
16 28 14 8 2 1
16 30 14 8 2 1
16 32 14 8 2 1
16 34 14 8 2 1
16 36 14 8 2 1
16 38 14 8 2 1
16 40 14 8 2 1
16 42 14 8 2 1
10 46 14 8 2 1
4 18 14 4 2 1
4 20 14 4 2 1
4 24 14 4 2 1
4 26 14 4 2 1
4 28 14 4 2 1
4 36 14 4 2 1
4 38 14 4 2 1
4 40 14 4 2 1
4 42 14 4 2 1
4 44 14 4 2 1
16 18 14 4 2 1
16 20 14 4 2 1
16 22 14 4 2 1
16 44 14 4 2 1
24 32 14 4 2 1
5 16 14 4 2 1
17 16 14 4 2 1
2 26 14 2 2 1
2 28 14 2 2 1
2 36 14 2 2 1
2 38 14 2 2 1
2 40 14 2 2 1
6 22 14 2 2 1
20 18 14 2 2 1
20 20 14 2 2 1
20 22 14 2 2 1
20 44 14 2 2 1
24 28 14 2 2 1
24 30 14 2 2 1
24 34 14 2 2 1
24 36 14 2 2 1
24 38 14 2 2 1
21 16 14 2 2 1
6 15 14 4 1 1
6 46 14 4 1 1
18 15 14 4 1 1
12 17 14 3 1 1
18 46 14 3 1 1
0 36 14 2 1 1
2 25 14 2 1 1
4 22 14 2 1 1
22 44 14 2 1 1
24 27 14 2 1 1
9 17 14 2 1 1
1 28 14 1 1 1
1 29 14 1 1 1
1 37 14 1 1 1
1 38 14 1 1 1
1 39 14 1 1 1
3 24 14 1 1 1
3 42 14 1 1 1
3 43 14 1 1 1
4 17 14 1 1 1
5 23 14 1 1 1
9 16 14 1 1 1
16 17 14 1 1 1
22 18 14 1 1 1
22 19 14 1 1 1
22 20 14 1 1 1
22 21 14 1 1 1
22 22 14 1 1 1
22 45 14 1 1 1
24 25 14 1 1 1
24 26 14 1 1 1
24 40 14 1 1 1
24 41 14 1 1 1
24 42 14 1 1 1
26 29 14 1 1 1
26 30 14 1 1 1
26 31 14 1 1 1
26 34 14 1 1 1
26 35 14 1 1 1
26 36 14 1 1 1
26 37 14 1 1 1
2 32 15 2 8 1
4 24 15 2 8 1
4 32 15 2 8 1
6 16 15 2 8 1
6 24 15 2 8 1
6 32 15 2 8 1
8 16 15 2 8 1
8 24 15 2 8 1
8 32 15 2 8 1
10 24 15 2 8 1
10 32 15 2 8 1
12 24 15 2 8 1
12 32 15 2 8 1
12 40 15 2 8 1
14 24 15 2 8 1
14 32 15 2 8 1
14 40 15 2 8 1
16 24 15 2 8 1
16 32 15 2 8 1
18 16 15 2 8 1
18 24 15 2 8 1
18 32 15 2 8 1
20 16 15 2 8 1
20 24 15 2 8 1
20 32 15 2 8 1
22 24 15 2 8 1
22 32 15 2 8 1
24 32 15 2 8 1
0 32 15 2 4 1
2 28 15 2 4 1
4 40 15 2 4 1
6 40 15 2 4 1
8 40 15 2 4 1
10 20 15 2 4 1
10 40 15 2 4 1
12 20 15 2 4 1
14 20 15 2 4 1
16 20 15 2 4 1
16 40 15 2 4 1
18 40 15 2 4 1
20 40 15 2 4 1
22 40 15 2 4 1
24 28 15 2 4 1
4 17 15 2 4 1
0 30 15 2 2 1
2 26 15 2 2 1
2 40 15 2 2 1
6 44 15 2 2 1
8 44 15 2 2 1
10 18 15 2 2 1
10 44 15 2 2 1
12 18 15 2 2 1
14 18 15 2 2 1
16 18 15 2 2 1
16 44 15 2 2 1
18 44 15 2 2 1
20 44 15 2 2 1
26 32 15 2 2 1
4 21 15 2 2 1
22 19 15 2 2 1
1 36 15 1 4 1
26 34 15 1 4 1
3 42 15 1 3 1
17 15 15 1 3 1
22 21 15 1 3 1
22 16 15 1 3 1
24 25 15 1 3 1
24 40 15 1 3 1
26 29 15 1 3 1
1 28 15 1 2 1
3 24 15 1 2 1
5 44 15 1 2 1
10 16 15 1 2 1
16 46 15 1 2 1
22 44 15 1 2 1
5 15 15 1 2 1
0 36 15 1 1 1
4 44 15 1 1 1
5 23 15 1 1 1
6 15 15 1 1 1
7 15 15 1 1 1
7 46 15 1 1 1
8 15 15 1 1 1
8 46 15 1 1 1
9 15 15 1 1 1
9 46 15 1 1 1
10 46 15 1 1 1
11 17 15 1 1 1
11 46 15 1 1 1
12 17 15 1 1 1
13 17 15 1 1 1
14 17 15 1 1 1
15 17 15 1 1 1
16 17 15 1 1 1
17 46 15 1 1 1
18 15 15 1 1 1
18 46 15 1 1 1
19 15 15 1 1 1
19 46 15 1 1 1
20 15 15 1 1 1
21 15 15 1 1 1
23 44 15 1 1 1
25 27 15 1 1 1
0 30 16 8 2 1
0 32 16 8 2 1
0 34 16 8 2 1
0 36 16 8 2 1
8 16 16 8 2 1
8 18 16 8 2 1
8 20 16 8 2 1
8 22 16 8 2 1
8 24 16 8 2 1
8 26 16 8 2 1
8 28 16 8 2 1
8 30 16 8 2 1
8 32 16 8 2 1
8 34 16 8 2 1
8 36 16 8 2 1
8 38 16 8 2 1
8 40 16 8 2 1
8 42 16 8 2 1
8 44 16 8 2 1
16 18 16 8 2 1
16 20 16 8 2 1
16 24 16 8 2 1
16 26 16 8 2 1
16 28 16 8 2 1
16 30 16 8 2 1
16 32 16 8 2 1
16 34 16 8 2 1
16 36 16 8 2 1
16 38 16 8 2 1
16 40 16 8 2 1
16 42 16 8 2 1
4 18 16 4 2 1
4 20 16 4 2 1
4 22 16 4 2 1
4 24 16 4 2 1
4 26 16 4 2 1
4 28 16 4 2 1
4 38 16 4 2 1
4 40 16 4 2 1
4 42 16 4 2 1
16 16 16 4 2 1
16 22 16 4 2 1
16 44 16 4 2 1
24 32 16 4 2 1
17 14 16 4 2 1
2 26 16 2 2 1
2 28 16 2 2 1
2 38 16 2 2 1
2 40 16 2 2 1
6 16 16 2 2 1
6 44 16 2 2 1
8 14 16 2 2 1
20 16 16 2 2 1
20 22 16 2 2 1
20 44 16 2 2 1
24 28 16 2 2 1
24 30 16 2 2 1
24 34 16 2 2 1
24 36 16 2 2 1
24 38 16 2 2 1
13 46 16 2 2 1
8 46 16 4 1 1
16 46 16 4 1 1
5 15 16 3 1 1
4 17 16 2 1 1
4 44 16 2 1 1
22 44 16 2 1 1
24 27 16 2 1 1
26 34 16 2 1 1
13 15 16 2 1 1
1 28 16 1 1 1
1 29 16 1 1 1
1 38 16 1 1 1
1 39 16 1 1 1
3 24 16 1 1 1
3 25 16 1 1 1
3 42 16 1 1 1
3 43 16 1 1 1
5 16 16 1 1 1
5 45 16 1 1 1
7 14 16 1 1 1
10 15 16 1 1 1
12 46 16 1 1 1
15 46 16 1 1 1
16 15 16 1 1 1
21 15 16 1 1 1
22 16 16 1 1 1
22 17 16 1 1 1
22 22 16 1 1 1
22 23 16 1 1 1
24 25 16 1 1 1
24 26 16 1 1 1
24 40 16 1 1 1
24 41 16 1 1 1
24 42 16 1 1 1
26 29 16 1 1 1
26 30 16 1 1 1
26 31 16 1 1 1
26 35 16 1 1 1
26 36 16 1 1 1
26 37 16 1 1 1
2 32 17 2 8 1
4 16 17 2 8 1
4 24 17 2 8 1
4 32 17 2 8 1
6 16 17 2 8 1
6 24 17 2 8 1
6 32 17 2 8 1
8 16 17 2 8 1
8 24 17 2 8 1
8 32 17 2 8 1
10 16 17 2 8 1
10 24 17 2 8 1
10 32 17 2 8 1
12 16 17 2 8 1
12 24 17 2 8 1
12 32 17 2 8 1
14 16 17 2 8 1
14 24 17 2 8 1
14 32 17 2 8 1
16 16 17 2 8 1
16 24 17 2 8 1
16 32 17 2 8 1
18 16 17 2 8 1
18 24 17 2 8 1
18 32 17 2 8 1
20 16 17 2 8 1
20 24 17 2 8 1
20 32 17 2 8 1
22 24 17 2 8 1
22 32 17 2 8 1
24 32 17 2 8 1
0 30 17 2 8 1
2 28 17 2 4 1
4 40 17 2 4 1
6 40 17 2 4 1
8 40 17 2 4 1
10 40 17 2 4 1
12 40 17 2 4 1
14 40 17 2 4 1
16 40 17 2 4 1
18 40 17 2 4 1
20 40 17 2 4 1
22 40 17 2 4 1
24 28 17 2 4 1
22 18 17 2 4 1
2 26 17 2 2 1
2 40 17 2 2 1
6 14 17 2 2 1
6 44 17 2 2 1
8 14 17 2 2 1
8 44 17 2 2 1
10 14 17 2 2 1
10 44 17 2 2 1
12 14 17 2 2 1
12 44 17 2 2 1
14 14 17 2 2 1
14 44 17 2 2 1
16 14 17 2 2 1
16 44 17 2 2 1
18 14 17 2 2 1
18 44 17 2 2 1
20 14 17 2 2 1
20 44 17 2 2 1
26 32 17 2 2 1
26 34 17 1 4 1
24 25 17 1 3 1
24 40 17 1 3 1
26 29 17 1 3 1
1 28 17 1 2 1
3 42 17 1 2 1
5 44 17 1 2 1
22 16 17 1 2 1
22 22 17 1 2 1
1 38 17 1 1 1
3 25 17 1 1 1
4 44 17 1 1 1
5 15 17 1 1 1
7 13 17 1 1 1
8 13 17 1 1 1
9 13 17 1 1 1
9 46 17 1 1 1
10 46 17 1 1 1
11 46 17 1 1 1
12 46 17 1 1 1
13 46 17 1 1 1
14 46 17 1 1 1
15 46 17 1 1 1
16 46 17 1 1 1
17 13 17 1 1 1
17 46 17 1 1 1
18 13 17 1 1 1
18 46 17 1 1 1
19 13 17 1 1 1
22 44 17 1 1 1
25 27 17 1 1 1
27 34 17 1 1 1
0 30 18 8 2 1
0 32 18 8 2 1
0 34 18 8 2 1
8 14 18 8 2 1
8 16 18 8 2 1
8 18 18 8 2 1
8 20 18 8 2 1
8 22 18 8 2 1
8 24 18 8 2 1
8 26 18 8 2 1
8 28 18 8 2 1
8 30 18 8 2 1
8 32 18 8 2 1
8 34 18 8 2 1
8 36 18 8 2 1
8 38 18 8 2 1
8 40 18 8 2 1
8 42 18 8 2 1
8 44 18 8 2 1
16 18 18 8 2 1
16 20 18 8 2 1
16 24 18 8 2 1
16 26 18 8 2 1
16 28 18 8 2 1
16 30 18 8 2 1
16 32 18 8 2 1
16 34 18 8 2 1
16 36 18 8 2 1
16 38 18 8 2 1
16 40 18 8 2 1
16 42 18 8 2 1
4 16 18 4 2 1
4 18 18 4 2 1
4 20 18 4 2 1
4 22 18 4 2 1
4 24 18 4 2 1
4 26 18 4 2 1
4 28 18 4 2 1
4 36 18 4 2 1
4 38 18 4 2 1
4 40 18 4 2 1
4 42 18 4 2 1
16 14 18 4 2 1
16 16 18 4 2 1
16 22 18 4 2 1
16 44 18 4 2 1
24 32 18 4 2 1
2 26 18 2 2 1
2 28 18 2 2 1
2 36 18 2 2 1
2 38 18 2 2 1
2 40 18 2 2 1
6 14 18 2 2 1
6 44 18 2 2 1
8 12 18 2 2 1
20 14 18 2 2 1
20 16 18 2 2 1
20 22 18 2 2 1
24 28 18 2 2 1
24 30 18 2 2 1
24 34 18 2 2 1
24 36 18 2 2 1
24 38 18 2 2 1
17 12 18 2 2 1
12 13 18 4 1 1
12 46 18 4 1 1
20 44 18 3 1 1
0 36 18 2 1 1
4 44 18 2 1 1
6 13 18 2 1 1
10 13 18 2 1 1
22 17 18 2 1 1
22 22 18 2 1 1
19 13 18 2 1 1
1 28 18 1 1 1
1 29 18 1 1 1
1 37 18 1 1 1
1 38 18 1 1 1
3 19 18 1 1 1
3 20 18 1 1 1
3 25 18 1 1 1
3 42 18 1 1 1
5 14 18 1 1 1
5 15 18 1 1 1
11 46 18 1 1 1
13 12 18 1 1 1
16 13 18 1 1 1
16 46 18 1 1 1
20 45 18 1 1 1
22 15 18 1 1 1
22 16 18 1 1 1
22 23 18 1 1 1
24 26 18 1 1 1
24 27 18 1 1 1
24 40 18 1 1 1
24 41 18 1 1 1
26 30 18 1 1 1
26 31 18 1 1 1
26 34 18 1 1 1
26 35 18 1 1 1
26 36 18 1 1 1
26 37 18 1 1 1
2 32 19 2 8 1
4 16 19 2 8 1
4 24 19 2 8 1
4 32 19 2 8 1
6 16 19 2 8 1
6 24 19 2 8 1
6 32 19 2 8 1
8 16 19 2 8 1
8 24 19 2 8 1
8 32 19 2 8 1
10 16 19 2 8 1
10 24 19 2 8 1
10 32 19 2 8 1
12 16 19 2 8 1
12 24 19 2 8 1
12 32 19 2 8 1
14 16 19 2 8 1
14 24 19 2 8 1
14 32 19 2 8 1
16 16 19 2 8 1
16 24 19 2 8 1
16 32 19 2 8 1
18 16 19 2 8 1
18 24 19 2 8 1
18 32 19 2 8 1
20 16 19 2 8 1
20 24 19 2 8 1
20 32 19 2 8 1
22 32 19 2 8 1
24 32 19 2 8 1
0 32 19 2 4 1
2 28 19 2 4 1
4 40 19 2 4 1
6 40 19 2 4 1
8 12 19 2 4 1
8 40 19 2 4 1
10 12 19 2 4 1
10 40 19 2 4 1
12 12 19 2 4 1
12 40 19 2 4 1
14 12 19 2 4 1
14 40 19 2 4 1
16 12 19 2 4 1
16 40 19 2 4 1
18 12 19 2 4 1
18 40 19 2 4 1
20 40 19 2 4 1
22 28 19 2 4 1
22 40 19 2 4 1
24 28 19 2 4 1
22 17 19 2 4 1
0 30 19 2 2 1
6 14 19 2 2 1
8 44 19 2 2 1
10 44 19 2 2 1
12 44 19 2 2 1
14 44 19 2 2 1
16 44 19 2 2 1
18 44 19 2 2 1
20 14 19 2 2 1
22 26 19 2 2 1
22 21 19 2 2 1
26 32 19 1 4 1
1 36 19 1 3 1
3 25 19 1 3 1
3 40 19 1 3 1
22 23 19 1 3 1
5 14 19 1 2 1
7 12 19 1 2 1
7 44 19 1 2 1
20 12 19 1 2 1
24 26 19 1 2 1
26 30 19 1 2 1
26 36 19 1 2 1
3 19 19 1 2 1
22 15 19 1 2 1
0 36 19 1 1 1
1 29 19 1 1 1
2 27 19 1 1 1
2 40 19 1 1 1
4 15 19 1 1 1
5 44 19 1 1 1
6 13 19 1 1 1
6 44 19 1 1 1
9 11 19 1 1 1
10 11 19 1 1 1
12 11 19 1 1 1
12 46 19 1 1 1
13 11 19 1 1 1
13 46 19 1 1 1
14 11 19 1 1 1
14 46 19 1 1 1
15 11 19 1 1 1
17 11 19 1 1 1
18 11 19 1 1 1
20 44 19 1 1 1
21 13 19 1 1 1
21 44 19 1 1 1
23 25 19 1 1 1
24 40 19 1 1 1
0 32 20 8 2 1
0 34 20 8 2 1
8 12 20 8 2 1
8 14 20 8 2 1
8 16 20 8 2 1
8 18 20 8 2 1
8 20 20 8 2 1
8 22 20 8 2 1
8 24 20 8 2 1
8 26 20 8 2 1
8 28 20 8 2 1
8 30 20 8 2 1
8 32 20 8 2 1
8 34 20 8 2 1
8 36 20 8 2 1
8 38 20 8 2 1
8 40 20 8 2 1
8 42 20 8 2 1
16 18 20 8 2 1
16 20 20 8 2 1
16 26 20 8 2 1
16 28 20 8 2 1
16 30 20 8 2 1
16 32 20 8 2 1
16 34 20 8 2 1
16 36 20 8 2 1
16 38 20 8 2 1
16 40 20 8 2 1
9 44 20 8 2 1
4 16 20 4 2 1
4 18 20 4 2 1
4 20 20 4 2 1
4 22 20 4 2 1
4 26 20 4 2 1
4 28 20 4 2 1
4 30 20 4 2 1
4 36 20 4 2 1
4 38 20 4 2 1
4 40 20 4 2 1
12 10 20 4 2 1
16 12 20 4 2 1
16 14 20 4 2 1
16 16 20 4 2 1
16 22 20 4 2 1
16 24 20 4 2 1
16 42 20 4 2 1
2 28 20 2 2 1
2 30 20 2 2 1
2 36 20 2 2 1
2 38 20 2 2 1
6 12 20 2 2 1
6 14 20 2 2 1
6 24 20 2 2 1
6 42 20 2 2 1
20 14 20 2 2 1
20 16 20 2 2 1
20 22 20 2 2 1
20 24 20 2 2 1
20 42 20 2 2 1
24 28 20 2 2 1
24 30 20 2 2 1
24 32 20 2 2 1
24 34 20 2 2 1
24 36 20 2 2 1
24 38 20 2 2 1
17 44 20 2 2 1
8 11 20 4 1 1
16 11 20 4 1 1
6 44 20 3 1 1
0 31 20 2 1 1
0 36 20 2 1 1
2 27 20 2 1 1
2 40 20 2 1 1
4 15 20 2 1 1
4 25 20 2 1 1
4 42 20 2 1 1
20 13 20 2 1 1
22 17 20 2 1 1
22 22 20 2 1 1
22 25 20 2 1 1
19 44 20 2 1 1
1 29 20 1 1 1
1 30 20 1 1 1
1 37 20 1 1 1
1 38 20 1 1 1
3 18 20 1 1 1
3 19 20 1 1 1
3 20 20 1 1 1
3 21 20 1 1 1
3 26 20 1 1 1
3 41 20 1 1 1
5 13 20 1 1 1
5 14 20 1 1 1
5 24 20 1 1 1
5 43 20 1 1 1
7 11 20 1 1 1
10 10 20 1 1 1
17 10 20 1 1 1
20 12 20 1 1 1
22 14 20 1 1 1
22 15 20 1 1 1
22 16 20 1 1 1
22 23 20 1 1 1
22 24 20 1 1 1
22 42 20 1 1 1
22 43 20 1 1 1
24 27 20 1 1 1
24 40 20 1 1 1
26 31 20 1 1 1
26 32 20 1 1 1
26 33 20 1 1 1
26 34 20 1 1 1
26 35 20 1 1 1
26 36 20 1 1 1
2 32 21 2 8 1
4 16 21 2 8 1
4 24 21 2 8 1
4 32 21 2 8 1
6 16 21 2 8 1
6 24 21 2 8 1
6 32 21 2 8 1
8 16 21 2 8 1
8 24 21 2 8 1
8 32 21 2 8 1
10 16 21 2 8 1
10 24 21 2 8 1
10 32 21 2 8 1
12 16 21 2 8 1
12 24 21 2 8 1
12 32 21 2 8 1
14 16 21 2 8 1
14 24 21 2 8 1
14 32 21 2 8 1
16 16 21 2 8 1
16 24 21 2 8 1
16 32 21 2 8 1
18 16 21 2 8 1
18 24 21 2 8 1
18 32 21 2 8 1
20 16 21 2 8 1
20 24 21 2 8 1
20 32 21 2 8 1
22 32 21 2 8 1
24 29 21 2 8 1
2 28 21 2 4 1
6 12 21 2 4 1
6 40 21 2 4 1
8 12 21 2 4 1
8 40 21 2 4 1
10 12 21 2 4 1
10 40 21 2 4 1
12 12 21 2 4 1
12 40 21 2 4 1
14 12 21 2 4 1
14 40 21 2 4 1
16 12 21 2 4 1
16 40 21 2 4 1
18 12 21 2 4 1
18 40 21 2 4 1
20 12 21 2 4 1
20 40 21 2 4 1
22 16 21 2 4 1
22 28 21 2 4 1
0 32 21 2 2 1
4 14 21 2 2 1
4 40 21 2 2 1
8 10 21 2 2 1
10 10 21 2 2 1
12 10 21 2 2 1
12 44 21 2 2 1
14 10 21 2 2 1
14 44 21 2 2 1
16 10 21 2 2 1
18 10 21 2 2 1
22 20 21 2 2 1
22 26 21 2 2 1
22 40 21 2 2 1
24 37 21 2 2 1
26 32 21 1 4 1
1 34 21 1 4 1
3 18 21 1 4 1
22 22 21 1 4 1
1 29 21 1 3 1
3 26 21 1 2 1
3 40 21 1 2 1
5 12 21 1 2 1
5 42 21 1 2 1
11 44 21 1 2 1
16 44 21 1 2 1
22 14 21 1 2 1
24 27 21 1 2 1
24 39 21 1 2 1
0 34 21 1 1 1
4 42 21 1 1 1
7 11 21 1 1 1
7 44 21 1 1 1
8 44 21 1 1 1
9 44 21 1 1 1
10 44 21 1 1 1
12 9 21 1 1 1
13 9 21 1 1 1
14 9 21 1 1 1
17 44 21 1 1 1
18 44 21 1 1 1
19 44 21 1 1 1
20 11 21 1 1 1
22 42 21 1 1 1
23 22 21 1 1 1
23 25 21 1 1 1
26 31 21 1 1 1
8 10 22 8 2 1
8 12 22 8 2 1
8 14 22 8 2 1
8 16 22 8 2 1
8 18 22 8 2 1
8 20 22 8 2 1
8 22 22 8 2 1
8 24 22 8 2 1
8 26 22 8 2 1
8 28 22 8 2 1
8 30 22 8 2 1
8 32 22 8 2 1
8 34 22 8 2 1
8 36 22 8 2 1
8 38 22 8 2 1
8 40 22 8 2 1
8 42 22 8 2 1
16 16 22 8 2 1
16 18 22 8 2 1
16 20 22 8 2 1
16 28 22 8 2 1
16 30 22 8 2 1
16 32 22 8 2 1
16 34 22 8 2 1
16 36 22 8 2 1
16 38 22 8 2 1
4 14 22 4 2 1
4 16 22 4 2 1
4 18 22 4 2 1
4 20 22 4 2 1
4 22 22 4 2 1
4 24 22 4 2 1
4 26 22 4 2 1
4 28 22 4 2 1
4 30 22 4 2 1
4 32 22 4 2 1
4 34 22 4 2 1
4 36 22 4 2 1
4 38 22 4 2 1
4 40 22 4 2 1
16 10 22 4 2 1
16 12 22 4 2 1
16 14 22 4 2 1
16 22 22 4 2 1
16 24 22 4 2 1
16 26 22 4 2 1
16 40 22 4 2 1
16 42 22 4 2 1
2 30 22 2 2 1
2 32 22 2 2 1
2 34 22 2 2 1
2 36 22 2 2 1
6 12 22 2 2 1
20 12 22 2 2 1
20 14 22 2 2 1
20 22 22 2 2 1
20 24 22 2 2 1
20 26 22 2 2 1
20 40 22 2 2 1
24 30 22 2 2 1
24 32 22 2 2 1
24 34 22 2 2 1
24 36 22 2 2 1
8 9 22 4 1 1
12 9 22 4 1 1
12 44 22 4 1 1
9 44 22 3 1 1
5 42 22 3 1 1
16 9 22 3 1 1
16 44 22 3 1 1
2 29 22 2 1 1
2 38 22 2 1 1
6 11 22 2 1 1
20 42 22 2 1 1
22 22 22 2 1 1
22 27 22 2 1 1
22 40 22 2 1 1
1 31 22 1 1 1
1 32 22 1 1 1
1 33 22 1 1 1
1 34 22 1 1 1
1 35 22 1 1 1
1 36 22 1 1 1
3 18 22 1 1 1
3 19 22 1 1 1
3 20 22 1 1 1
3 21 22 1 1 1
3 27 22 1 1 1
3 28 22 1 1 1
3 39 22 1 1 1
5 12 22 1 1 1
5 13 22 1 1 1
7 10 22 1 1 1
7 43 22 1 1 1
20 11 22 1 1 1
20 43 22 1 1 1
22 13 22 1 1 1
22 14 22 1 1 1
22 15 22 1 1 1
22 23 22 1 1 1
22 24 22 1 1 1
22 25 22 1 1 1
22 26 22 1 1 1
22 41 22 1 1 1
24 28 22 1 1 1
24 29 22 1 1 1
24 38 22 1 1 1
26 33 22 1 1 1
26 34 22 1 1 1
4 16 23 2 8 1
4 32 23 2 8 1
6 16 23 2 8 1
6 24 23 2 8 1
6 32 23 2 8 1
8 16 23 2 8 1
8 24 23 2 8 1
8 32 23 2 8 1
10 8 23 2 8 1
10 16 23 2 8 1
10 24 23 2 8 1
10 32 23 2 8 1
12 8 23 2 8 1
12 16 23 2 8 1
12 24 23 2 8 1
12 32 23 2 8 1
14 8 23 2 8 1
14 16 23 2 8 1
14 24 23 2 8 1
14 32 23 2 8 1
16 8 23 2 8 1
16 16 23 2 8 1
16 24 23 2 8 1
16 32 23 2 8 1
18 16 23 2 8 1
18 24 23 2 8 1
18 32 23 2 8 1
20 16 23 2 8 1
20 24 23 2 8 1
20 32 23 2 8 1
22 32 23 2 8 1
2 30 23 2 8 1
4 28 23 2 4 1
6 12 23 2 4 1
8 12 23 2 4 1
8 40 23 2 4 1
10 40 23 2 4 1
12 40 23 2 4 1
14 40 23 2 4 1
16 40 23 2 4 1
18 12 23 2 4 1
18 40 23 2 4 1
20 12 23 2 4 1
22 16 23 2 4 1
22 28 23 2 4 1
24 32 23 2 4 1
4 14 23 2 2 1
4 26 23 2 2 1
6 10 23 2 2 1
6 40 23 2 2 1
8 10 23 2 2 1
18 10 23 2 2 1
20 40 23 2 2 1
22 20 23 2 2 1
3 17 23 1 4 1
24 36 23 1 3 1
22 13 23 1 3 1
22 22 23 1 3 1
24 29 23 1 3 1
3 28 23 1 2 1
3 38 23 1 2 1
5 12 23 1 2 1
5 24 23 1 2 1
5 40 23 1 2 1
20 10 23 1 2 1
22 26 23 1 2 1
1 33 23 1 2 1
3 21 23 1 1 1
4 40 23 1 1 1
6 42 23 1 1 1
7 9 23 1 1 1
7 42 23 1 1 1
8 9 23 1 1 1
9 9 23 1 1 1
11 44 23 1 1 1
12 44 23 1 1 1
13 44 23 1 1 1
14 44 23 1 1 1
15 44 23 1 1 1
16 44 23 1 1 1
18 9 23 1 1 1
19 9 23 1 1 1
20 42 23 1 1 1
21 11 23 1 1 1
22 40 23 1 1 1
23 22 23 1 1 1
23 27 23 1 1 1
25 31 23 1 1 1
8 10 24 8 2 1
8 12 24 8 2 1
8 14 24 8 2 1
8 16 24 8 2 1
8 18 24 8 2 1
8 20 24 8 2 1
8 22 24 8 2 1
8 24 24 8 2 1
8 26 24 8 2 1
8 28 24 8 2 1
8 30 24 8 2 1
8 32 24 8 2 1
8 34 24 8 2 1
8 36 24 8 2 1
8 38 24 8 2 1
8 40 24 8 2 1
16 16 24 8 2 1
16 18 24 8 2 1
16 20 24 8 2 1
16 30 24 8 2 1
16 32 24 8 2 1
16 34 24 8 2 1
16 36 24 8 2 1
9 8 24 8 2 1
9 42 24 8 2 1
4 14 24 4 2 1
4 16 24 4 2 1
4 18 24 4 2 1
4 20 24 4 2 1
4 22 24 4 2 1
4 28 24 4 2 1
4 30 24 4 2 1
4 32 24 4 2 1
4 34 24 4 2 1
4 36 24 4 2 1
4 38 24 4 2 1
16 10 24 4 2 1
16 12 24 4 2 1
16 14 24 4 2 1
16 22 24 4 2 1
16 24 24 4 2 1
16 26 24 4 2 1
16 28 24 4 2 1
16 38 24 4 2 1
16 40 24 4 2 1
2 32 24 2 2 1
2 34 24 2 2 1
6 10 24 2 2 1
6 12 24 2 2 1
6 24 24 2 2 1
6 26 24 2 2 1
6 40 24 2 2 1
20 12 24 2 2 1
20 14 24 2 2 1
20 22 24 2 2 1
20 24 24 2 2 1
20 26 24 2 2 1
20 28 24 2 2 1
20 38 24 2 2 1
17 8 24 2 2 1
17 42 24 3 1 1
2 31 24 2 1 1
4 13 24 2 1 1
4 27 24 2 1 1
20 11 24 2 1 1
20 40 24 2 1 1
22 22 24 2 1 1
22 29 24 2 1 1
22 38 24 2 1 1
7 9 24 2 1 1
3 17 24 1 1 1
3 18 24 1 1 1
3 19 24 1 1 1
3 20 24 1 1 1
3 21 24 1 1 1
3 29 24 1 1 1
3 30 24 1 1 1
3 36 24 1 1 1
3 37 24 1 1 1
5 11 24 1 1 1
5 12 24 1 1 1
5 24 24 1 1 1
5 25 24 1 1 1
5 26 24 1 1 1
5 40 24 1 1 1
8 42 24 1 1 1
13 7 24 1 1 1
17 43 24 1 1 1
19 9 24 1 1 1
20 10 24 1 1 1
20 41 24 1 1 1
22 13 24 1 1 1
22 14 24 1 1 1
22 15 24 1 1 1
22 23 24 1 1 1
22 24 24 1 1 1
22 27 24 1 1 1
22 28 24 1 1 1
22 39 24 1 1 1
24 31 24 1 1 1
24 32 24 1 1 1
24 33 24 1 1 1
24 34 24 1 1 1
24 35 24 1 1 1
24 36 24 1 1 1
4 16 25 2 8 1
6 16 25 2 8 1
6 24 25 2 8 1
6 32 25 2 8 1
8 8 25 2 8 1
8 16 25 2 8 1
8 24 25 2 8 1
8 32 25 2 8 1
10 8 25 2 8 1
10 16 25 2 8 1
10 24 25 2 8 1
10 32 25 2 8 1
12 8 25 2 8 1
12 16 25 2 8 1
12 24 25 2 8 1
12 32 25 2 8 1
14 8 25 2 8 1
14 16 25 2 8 1
14 24 25 2 8 1
14 32 25 2 8 1
16 8 25 2 8 1
16 16 25 2 8 1
16 24 25 2 8 1
16 32 25 2 8 1
18 16 25 2 8 1
18 24 25 2 8 1
18 32 25 2 8 1
20 16 25 2 8 1
20 24 25 2 8 1
20 32 25 2 8 1
4 29 25 2 8 1
22 30 25 2 8 1
6 12 25 2 4 1
12 40 25 2 4 1
14 40 25 2 4 1
18 12 25 2 4 1
20 12 25 2 4 1
22 16 25 2 4 1
4 14 25 2 2 1
6 10 25 2 2 1
8 40 25 2 2 1
10 40 25 2 2 1
16 40 25 2 2 1
18 10 25 2 2 1
18 40 25 2 2 1
20 10 25 2 2 1
22 20 25 2 2 1
4 37 25 2 2 1
3 32 25 1 4 1
22 12 25 1 4 1
3 17 25 1 4 1
5 11 25 1 3 1
22 22 25 1 3 1
5 24 25 1 2 1
7 40 25 1 2 1
11 42 25 1 2 1
16 42 25 1 2 1
18 8 25 1 2 1
22 28 25 1 2 1
5 27 25 1 2 1
3 21 25 1 1 1
3 31 25 1 1 1
3 36 25 1 1 1
4 13 25 1 1 1
5 39 25 1 1 1
6 40 25 1 1 1
7 9 25 1 1 1
9 42 25 1 1 1
10 7 25 1 1 1
10 42 25 1 1 1
11 7 25 1 1 1
12 7 25 1 1 1
13 7 25 1 1 1
14 7 25 1 1 1
15 7 25 1 1 1
16 7 25 1 1 1
17 42 25 1 1 1
19 9 25 1 1 1
20 9 25 1 1 1
20 40 25 1 1 1
22 38 25 1 1 1
23 22 25 1 1 1
8 8 26 8 2 1
8 10 26 8 2 1
8 12 26 8 2 1
8 14 26 8 2 1
8 16 26 8 2 1
8 18 26 8 2 1
8 20 26 8 2 1
8 22 26 8 2 1
8 24 26 8 2 1
8 26 26 8 2 1
8 28 26 8 2 1
8 30 26 8 2 1
8 32 26 8 2 1
8 34 26 8 2 1
8 36 26 8 2 1
8 38 26 8 2 1
8 40 26 8 2 1
16 16 26 8 2 1
16 18 26 8 2 1
16 20 26 8 2 1
16 32 26 8 2 1
4 14 26 4 2 1
4 16 26 4 2 1
4 18 26 4 2 1
4 20 26 4 2 1
4 22 26 4 2 1
4 30 26 4 2 1
4 32 26 4 2 1
4 34 26 4 2 1
16 8 26 4 2 1
16 10 26 4 2 1
16 12 26 4 2 1
16 14 26 4 2 1
16 22 26 4 2 1
16 24 26 4 2 1
16 26 26 4 2 1
16 28 26 4 2 1
16 30 26 4 2 1
16 34 26 4 2 1
16 36 26 4 2 1
16 38 26 4 2 1
6 10 26 2 2 1
6 12 26 2 2 1
6 24 26 2 2 1
6 26 26 2 2 1
6 28 26 2 2 1
6 36 26 2 2 1
6 38 26 2 2 1
16 40 26 2 2 1
20 10 26 2 2 1
20 12 26 2 2 1
20 14 26 2 2 1
20 22 26 2 2 1
20 24 26 2 2 1
20 28 26 2 2 1
20 30 26 2 2 1
20 34 26 2 2 1
20 36 26 2 2 1
12 7 26 4 1 1
12 42 26 4 1 1
4 13 26 2 1 1
4 36 26 2 1 1
10 7 26 2 1 1
16 7 26 2 1 1
18 40 26 2 1 1
20 38 26 2 1 1
22 22 26 2 1 1
22 34 26 2 1 1
3 17 26 1 1 1
3 18 26 1 1 1
3 19 26 1 1 1
3 20 26 1 1 1
3 21 26 1 1 1
5 11 26 1 1 1
5 12 26 1 1 1
5 24 26 1 1 1
5 28 26 1 1 1
5 29 26 1 1 1
5 37 26 1 1 1
7 9 26 1 1 1
7 40 26 1 1 1
11 42 26 1 1 1
16 42 26 1 1 1
18 41 26 1 1 1
20 9 26 1 1 1
20 26 26 1 1 1
20 27 26 1 1 1
20 39 26 1 1 1
22 12 26 1 1 1
22 13 26 1 1 1
22 14 26 1 1 1
22 15 26 1 1 1
22 23 26 1 1 1
22 29 26 1 1 1
22 30 26 1 1 1
22 31 26 1 1 1
22 35 26 1 1 1
22 36 26 1 1 1
4 16 27 2 8 1
6 16 27 2 8 1
8 8 27 2 8 1
8 16 27 2 8 1
8 24 27 2 8 1
8 32 27 2 8 1
10 8 27 2 8 1
10 16 27 2 8 1
10 24 27 2 8 1
10 32 27 2 8 1
12 8 27 2 8 1
12 16 27 2 8 1
12 24 27 2 8 1
12 32 27 2 8 1
14 8 27 2 8 1
14 16 27 2 8 1
14 24 27 2 8 1
14 32 27 2 8 1
16 8 27 2 8 1
16 16 27 2 8 1
16 24 27 2 8 1
16 32 27 2 8 1
18 8 27 2 8 1
18 16 27 2 8 1
18 24 27 2 8 1
18 32 27 2 8 1
20 16 27 2 8 1
6 28 27 2 8 1
20 29 27 2 8 1
6 12 27 2 4 1
20 12 27 2 4 1
22 16 27 2 4 1
4 14 27 2 2 1
6 10 27 2 2 1
6 24 27 2 2 1
6 36 27 2 2 1
10 40 27 2 2 1
12 6 27 2 2 1
12 40 27 2 2 1
14 40 27 2 2 1
22 20 27 2 2 1
5 32 27 1 4 1
20 24 27 1 4 1
22 12 27 1 4 1
22 32 27 1 4 1
3 18 27 1 3 1
20 9 27 1 3 1
5 11 27 1 3 1
5 30 27 1 2 1
7 26 27 1 2 1
7 38 27 1 2 1
14 6 27 1 2 1
16 40 27 1 2 1
22 22 27 1 2 1
20 37 27 1 2 1
4 13 27 1 1 1
5 24 27 1 1 1
5 36 27 1 1 1
6 26 27 1 1 1
7 9 27 1 1 1
8 40 27 1 1 1
9 40 27 1 1 1
10 7 27 1 1 1
11 7 27 1 1 1
15 7 27 1 1 1
16 7 27 1 1 1
17 7 27 1 1 1
17 40 27 1 1 1
18 40 27 1 1 1
20 28 27 1 1 1
21 11 27 1 1 1
21 24 27 1 1 1
21 37 27 1 1 1
23 22 27 1 1 1
8 8 28 8 2 1
8 10 28 8 2 1
8 12 28 8 2 1
8 14 28 8 2 1
8 16 28 8 2 1
8 18 28 8 2 1
8 20 28 8 2 1
8 22 28 8 2 1
8 24 28 8 2 1
8 26 28 8 2 1
8 28 28 8 2 1
8 30 28 8 2 1
8 32 28 8 2 1
8 34 28 8 2 1
8 36 28 8 2 1
16 16 28 8 2 1
16 18 28 8 2 1
16 20 28 8 2 1
9 38 28 8 2 1
4 14 28 4 2 1
4 16 28 4 2 1
4 18 28 4 2 1
4 20 28 4 2 1
12 6 28 4 2 1
16 10 28 4 2 1
16 12 28 4 2 1
16 14 28 4 2 1
16 22 28 4 2 1
16 24 28 4 2 1
16 26 28 4 2 1
16 28 28 4 2 1
16 30 28 4 2 1
16 32 28 4 2 1
16 34 28 4 2 1
16 36 28 4 2 1
6 10 28 2 2 1
6 12 28 2 2 1
6 22 28 2 2 1
6 24 28 2 2 1
6 30 28 2 2 1
6 32 28 2 2 1
6 34 28 2 2 1
12 40 28 2 2 1
16 8 28 2 2 1
20 12 28 2 2 1
20 14 28 2 2 1
20 22 28 2 2 1
20 32 28 2 2 1
17 38 28 2 2 1
9 7 28 3 1 1
18 9 28 3 1 1
14 40 28 3 1 1
4 22 28 2 1 1
6 36 28 2 1 1
10 40 28 2 1 1
16 7 28 2 1 1
20 11 28 2 1 1
20 24 28 2 1 1
20 34 28 2 1 1
3 18 28 1 1 1
3 19 28 1 1 1
3 20 28 1 1 1
5 11 28 1 1 1
5 12 28 1 1 1
5 13 28 1 1 1
5 23 28 1 1 1
5 24 28 1 1 1
7 9 28 1 1 1
7 26 28 1 1 1
7 27 28 1 1 1
7 28 28 1 1 1
7 29 28 1 1 1
7 37 28 1 1 1
8 38 28 1 1 1
11 6 28 1 1 1
14 41 28 1 1 1
18 8 28 1 1 1
19 38 28 1 1 1
20 10 28 1 1 1
20 25 28 1 1 1
20 29 28 1 1 1
20 30 28 1 1 1
20 31 28 1 1 1
20 35 28 1 1 1
20 36 28 1 1 1
22 13 28 1 1 1
22 14 28 1 1 1
22 15 28 1 1 1
22 22 28 1 1 1
22 23 28 1 1 1
6 16 29 2 8 1
8 8 29 2 8 1
8 16 29 2 8 1
8 24 29 2 8 1
10 8 29 2 8 1
10 16 29 2 8 1
10 24 29 2 8 1
10 32 29 2 8 1
12 8 29 2 8 1
12 16 29 2 8 1
12 24 29 2 8 1
12 32 29 2 8 1
14 8 29 2 8 1
14 16 29 2 8 1
14 24 29 2 8 1
14 32 29 2 8 1
16 8 29 2 8 1
16 16 29 2 8 1
16 24 29 2 8 1
18 16 29 2 8 1
18 24 29 2 8 1
20 16 29 2 8 1
4 14 29 2 8 1
6 12 29 2 4 1
8 32 29 2 4 1
16 32 29 2 4 1
18 12 29 2 4 1
18 32 29 2 4 1
20 12 29 2 4 1
22 16 29 2 4 1
6 10 29 2 2 1
12 6 29 2 2 1
14 6 29 2 2 1
16 36 29 2 2 1
18 10 29 2 2 1
22 20 29 2 2 1
7 32 29 1 4 1
7 24 29 1 3 1
9 36 29 1 3 1
7 29 29 1 3 1
22 13 29 1 3 1
5 12 29 1 2 1
5 22 29 1 2 1
11 6 29 1 2 1
16 38 29 1 2 1
18 8 29 1 2 1
18 36 29 1 2 1
20 10 29 1 2 1
20 24 29 1 2 1
22 22 29 1 2 1
4 22 29 1 1 1
6 24 29 1 1 1
7 9 29 1 1 1
8 36 29 1 1 1
9 7 29 1 1 1
10 7 29 1 1 1
12 40 29 1 1 1
13 40 29 1 1 1
14 40 29 1 1 1
15 40 29 1 1 1
16 7 29 1 1 1
17 7 29 1 1 1
17 38 29 1 1 1
19 9 29 1 1 1
20 33 29 1 1 1
21 11 29 1 1 1
21 24 29 1 1 1
8 8 30 8 2 1
8 10 30 8 2 1
8 12 30 8 2 1
8 14 30 8 2 1
8 16 30 8 2 1
8 18 30 8 2 1
8 20 30 8 2 1
8 22 30 8 2 1
8 24 30 8 2 1
8 26 30 8 2 1
8 28 30 8 2 1
8 30 30 8 2 1
16 18 30 8 2 1
9 32 30 8 2 1
9 34 30 8 2 1
10 36 30 8 2 1
4 14 30 4 2 1
4 16 30 4 2 1
4 18 30 4 2 1
4 20 30 4 2 1
12 6 30 4 2 1
12 38 30 4 2 1
16 10 30 4 2 1
16 12 30 4 2 1
16 14 30 4 2 1
16 16 30 4 2 1
16 20 30 4 2 1
16 22 30 4 2 1
16 24 30 4 2 1
6 12 30 2 2 1
6 22 30 2 2 1
16 8 30 2 2 1
16 26 30 2 2 1
16 28 30 2 2 1
16 30 30 2 2 1
20 12 30 2 2 1
20 14 30 2 2 1
20 16 30 2 2 1
20 20 30 2 2 1
20 22 30 2 2 1
17 32 30 2 2 1
17 34 30 2 2 1
9 7 30 3 1 1
4 22 30 2 1 1
6 11 30 2 1 1
6 24 30 2 1 1
16 7 30 2 1 1
18 9 30 2 1 1
22 17 30 2 1 1
5 12 30 1 1 1
5 13 30 1 1 1
5 23 30 1 1 1
7 9 30 1 1 1
7 10 30 1 1 1
7 25 30 1 1 1
8 32 30 1 1 1
8 34 30 1 1 1
9 36 30 1 1 1
11 6 30 1 1 1
11 38 30 1 1 1
11 39 30 1 1 1
16 6 30 1 1 1
16 38 30 1 1 1
18 8 30 1 1 1
18 26 30 1 1 1
18 27 30 1 1 1
18 28 30 1 1 1
18 29 30 1 1 1
18 30 30 1 1 1
18 31 30 1 1 1
20 10 30 1 1 1
20 11 30 1 1 1
20 24 30 1 1 1
22 14 30 1 1 1
22 15 30 1 1 1
22 16 30 1 1 1
22 20 30 1 1 1
22 21 30 1 1 1
22 22 30 1 1 1
6 16 31 2 8 1
8 8 31 2 8 1
8 16 31 2 8 1
10 8 31 2 8 1
10 16 31 2 8 1
10 24 31 2 8 1
12 8 31 2 8 1
12 16 31 2 8 1
12 24 31 2 8 1
14 8 31 2 8 1
14 16 31 2 8 1
14 24 31 2 8 1
16 8 31 2 8 1
16 16 31 2 8 1
16 24 31 2 8 1
18 16 31 2 8 1
20 16 31 2 8 1
4 16 31 2 4 1
6 12 31 2 4 1
10 32 31 2 4 1
12 4 31 2 4 1
12 32 31 2 4 1
14 32 31 2 4 1
18 12 31 2 4 1
20 12 31 2 4 1
4 20 31 2 2 1
8 24 31 2 2 1
10 6 31 2 2 1
12 36 31 2 2 1
14 6 31 2 2 1
14 36 31 2 2 1
16 32 31 2 2 1
18 10 31 2 2 1
9 28 31 1 4 1
18 24 31 1 4 1
22 16 31 1 4 1
7 9 31 1 3 1
14 3 31 1 3 1
5 13 31 1 3 1
9 32 31 1 3 1
16 34 31 1 3 1
22 20 31 1 3 1
5 22 31 1 2 1
9 26 31 1 2 1
11 36 31 1 2 1
16 6 31 1 2 1
18 8 31 1 2 1
20 10 31 1 2 1
4 15 31 1 1 1
6 11 31 1 1 1
7 24 31 1 1 1
8 26 31 1 1 1
9 7 31 1 1 1
12 38 31 1 1 1
13 3 31 1 1 1
13 38 31 1 1 1
14 38 31 1 1 1
17 7 31 1 1 1
17 34 31 1 1 1
18 28 31 1 1 1
19 9 31 1 1 1
19 24 31 1 1 1
20 24 31 1 1 1
22 15 31 1 1 1
8 8 32 8 2 1
8 10 32 8 2 1
8 12 32 8 2 1
8 14 32 8 2 1
8 16 32 8 2 1
8 18 32 8 2 1
8 20 32 8 2 1
8 22 32 8 2 1
8 24 32 8 2 1
9 5 32 8 2 1
9 26 32 8 2 1
10 28 32 8 2 1
4 18 32 4 2 1
12 2 32 4 2 1
12 30 32 4 2 1
12 32 32 4 2 1
12 34 32 4 2 1
16 8 32 4 2 1
16 10 32 4 2 1
16 12 32 4 2 1
16 14 32 4 2 1
16 16 32 4 2 1
16 18 32 4 2 1
16 20 32 4 2 1
16 22 32 4 2 1
6 12 32 2 2 1
6 14 32 2 2 1
6 16 32 2 2 1
6 20 32 2 2 1
6 22 32 2 2 1
10 30 32 2 2 1
10 32 32 2 2 1
16 24 32 2 2 1
20 14 32 2 2 1
20 16 32 2 2 1
20 18 32 2 2 1
20 20 32 2 2 1
10 3 32 2 2 1
8 7 32 4 1 1
12 1 32 4 1 1
12 4 32 4 1 1
12 7 32 4 1 1
12 36 32 3 1 1
16 7 32 3 1 1
4 17 32 2 1 1
4 20 32 2 1 1
6 11 32 2 1 1
10 34 32 2 1 1
16 30 32 2 1 1
18 24 32 2 1 1
20 13 32 2 1 1
20 22 32 2 1 1
5 14 32 1 1 1
5 15 32 1 1 1
5 16 32 1 1 1
5 21 32 1 1 1
5 22 32 1 1 1
7 8 32 1 1 1
7 9 32 1 1 1
7 10 32 1 1 1
7 24 32 1 1 1
9 28 32 1 1 1
11 2 32 1 1 1
11 35 32 1 1 1
16 2 32 1 1 1
16 3 32 1 1 1
16 4 32 1 1 1
16 31 32 1 1 1
16 32 32 1 1 1
16 33 32 1 1 1
16 34 32 1 1 1
17 5 32 1 1 1
17 6 32 1 1 1
17 26 32 1 1 1
17 27 32 1 1 1
18 25 32 1 1 1
20 10 32 1 1 1
20 11 32 1 1 1
20 12 32 1 1 1
20 23 32 1 1 1
22 15 32 1 1 1
22 16 32 1 1 1
22 17 32 1 1 1
22 18 32 1 1 1
22 19 32 1 1 1
22 20 32 1 1 1
22 21 32 1 1 1
8 8 33 2 8 1
8 16 33 2 8 1
10 8 33 2 8 1
10 16 33 2 8 1
12 0 33 2 8 1
12 8 33 2 8 1
12 16 33 2 8 1
12 24 33 2 8 1
14 8 33 2 8 1
14 16 33 2 8 1
14 24 33 2 8 1
16 8 33 2 8 1
16 16 33 2 8 1
18 8 33 2 8 1
18 16 33 2 8 1
6 10 33 2 8 1
20 13 33 2 8 1
10 4 33 2 4 1
10 24 33 2 4 1
14 4 33 2 4 1
16 4 33 2 4 1
5 18 33 2 4 1
8 6 33 2 2 1
10 2 33 2 2 1
12 32 33 2 2 1
14 2 33 2 2 1
14 32 33 2 2 1
16 24 33 2 2 1
20 21 33 2 2 1
7 20 33 1 4 1
11 28 33 1 4 1
16 28 33 1 4 1
18 4 33 1 4 1
20 9 33 1 4 1
5 15 33 1 3 1
9 3 33 1 3 1
16 1 33 1 3 1
22 17 33 1 3 1
7 8 33 1 2 1
7 18 33 1 2 1
9 24 33 1 2 1
11 32 33 1 2 1
14 0 33 1 2 1
16 26 33 1 2 1
6 22 33 1 1 1
8 5 33 1 1 1
8 24 33 1 1 1
10 1 33 1 1 1
10 28 33 1 1 1
11 1 33 1 1 1
12 34 33 1 1 1
13 34 33 1 1 1
14 34 33 1 1 1
15 1 33 1 1 1
17 3 33 1 1 1
17 26 33 1 1 1
18 24 33 1 1 1
19 7 33 1 1 1
20 23 33 1 1 1
8 4 34 8 2 1
8 6 34 8 2 1
8 8 34 8 2 1
8 10 34 8 2 1
8 12 34 8 2 1
8 14 34 8 2 1
8 16 34 8 2 1
8 18 34 8 2 1
8 20 34 8 2 1
8 22 34 8 2 1
10 2 34 8 2 1
12 0 34 4 2 1
12 24 34 4 2 1
12 26 34 4 2 1
16 6 34 4 2 1
16 8 34 4 2 1
16 10 34 4 2 1
16 12 34 4 2 1
16 14 34 4 2 1
16 16 34 4 2 1
16 18 34 4 2 1
16 20 34 4 2 1
16 22 34 4 2 1
6 8 34 2 2 1
6 10 34 2 2 1
6 12 34 2 2 1
6 14 34 2 2 1
6 16 34 2 2 1
6 18 34 2 2 1
6 20 34 2 2 1
10 24 34 2 2 1
12 28 34 2 2 1
16 4 34 2 2 1
20 12 34 2 2 1
20 14 34 2 2 1
20 16 34 2 2 1
20 18 34 2 2 1
20 20 34 2 2 1
12 30 34 3 1 1
16 24 34 3 1 1
10 1 34 2 1 1
14 28 34 2 1 1
18 5 34 2 1 1
20 11 34 2 1 1
5 16 34 1 1 1
5 17 34 1 1 1
5 18 34 1 1 1
5 19 34 1 1 1
5 20 34 1 1 1
7 6 34 1 1 1
7 7 34 1 1 1
7 22 34 1 1 1
9 3 34 1 1 1
9 24 34 1 1 1
11 0 34 1 1 1
11 26 34 1 1 1
11 27 34 1 1 1
11 28 34 1 1 1
13 31 34 1 1 1
14 29 34 1 1 1
16 1 34 1 1 1
16 25 34 1 1 1
16 26 34 1 1 1
18 4 34 1 1 1
20 7 34 1 1 1
20 8 34 1 1 1
20 9 34 1 1 1
20 10 34 1 1 1
20 22 34 1 1 1
6 8 35 2 8 1
8 8 35 2 8 1
8 16 35 2 8 1
10 8 35 2 8 1
10 16 35 2 8 1
12 0 35 2 8 1
12 8 35 2 8 1
12 16 35 2 8 1
14 0 35 2 8 1
14 8 35 2 8 1
14 16 35 2 8 1
16 8 35 2 8 1
16 16 35 2 8 1
18 8 35 2 8 1
6 16 35 2 4 1
8 4 35 2 4 1
10 4 35 2 4 1
16 4 35 2 4 1
18 16 35 2 4 1
20 9 35 2 4 1
10 2 35 2 2 1
12 24 35 2 2 1
14 24 35 2 2 1
16 2 35 2 2 1
18 6 35 2 2 1
18 20 35 2 2 1
20 18 35 2 2 1
20 13 35 2 2 1
18 3 35 1 3 1
20 6 35 1 3 1
20 15 35 1 3 1
5 10 35 1 3 1
7 5 35 1 3 1
7 20 35 1 3 1
11 0 35 1 2 1
11 24 35 1 2 1
18 22 35 1 2 1
20 20 35 1 2 1
6 7 35 1 1 1
6 20 35 1 1 1
9 3 35 1 1 1
10 1 35 1 1 1
10 24 35 1 1 1
12 26 35 1 1 1
13 26 35 1 1 1
14 26 35 1 1 1
16 1 35 1 1 1
16 24 35 1 1 1
17 24 35 1 1 1
19 5 35 1 1 1
19 22 35 1 1 1
21 17 35 1 1 1
8 4 36 8 2 1
8 6 36 8 2 1
8 8 36 8 2 1
8 10 36 8 2 1
8 12 36 8 2 1
8 14 36 8 2 1
8 16 36 8 2 1
8 18 36 8 2 1
8 20 36 8 2 1
9 22 36 8 2 1
10 2 36 8 2 1
12 0 36 4 2 1
16 4 36 4 2 1
16 6 36 4 2 1
16 8 36 4 2 1
16 10 36 4 2 1
16 12 36 4 2 1
16 14 36 4 2 1
16 16 36 4 2 1
16 18 36 4 2 1
16 20 36 4 2 1
6 6 36 2 2 1
6 8 36 2 2 1
6 10 36 2 2 1
6 12 36 2 2 1
6 14 36 2 2 1
6 16 36 2 2 1
12 24 36 2 2 1
20 8 36 2 2 1
20 10 36 2 2 1
20 12 36 2 2 1
14 24 36 3 1 1
6 18 36 2 1 1
10 1 36 2 1 1
20 7 36 2 1 1
20 14 36 2 1 1
17 22 36 2 1 1
5 9 36 1 1 1
5 10 36 1 1 1
5 11 36 1 1 1
5 12 36 1 1 1
5 13 36 1 1 1
7 5 36 1 1 1
7 19 36 1 1 1
7 20 36 1 1 1
8 22 36 1 1 1
9 3 36 1 1 1
11 0 36 1 1 1
11 24 36 1 1 1
14 25 36 1 1 1
16 1 36 1 1 1
17 23 36 1 1 1
18 3 36 1 1 1
20 6 36 1 1 1
20 15 36 1 1 1
20 16 36 1 1 1
20 17 36 1 1 1
20 18 36 1 1 1
20 19 36 1 1 1
20 20 36 1 1 1
6 8 37 2 8 1
8 8 37 2 8 1
10 8 37 2 8 1
12 0 37 2 8 1
12 8 37 2 8 1
12 16 37 2 8 1
14 0 37 2 8 1
14 8 37 2 8 1
14 16 37 2 8 1
16 8 37 2 8 1
18 8 37 2 8 1
20 8 37 2 8 1
8 4 37 2 4 1
8 16 37 2 4 1
10 4 37 2 4 1
10 16 37 2 4 1
16 4 37 2 4 1
16 16 37 2 4 1
18 4 37 2 4 1
18 16 37 2 4 1
6 6 37 2 2 1
10 2 37 2 2 1
10 20 37 2 2 1
16 20 37 2 2 1
5 8 37 1 4 1
7 16 37 1 4 1
5 12 37 1 3 1
9 20 37 1 3 1
20 5 37 1 3 1
7 4 37 1 2 1
11 22 37 1 2 1
16 2 37 1 2 1
16 22 37 1 2 1
18 20 37 1 2 1
20 16 37 1 2 1
6 16 37 1 1 1
8 20 37 1 1 1
9 3 37 1 1 1
10 22 37 1 1 1
11 1 37 1 1 1
12 24 37 1 1 1
13 24 37 1 1 1
14 24 37 1 1 1
17 3 37 1 1 1
17 22 37 1 1 1
18 3 37 1 1 1
21 7 37 1 1 1
8 4 38 8 2 1
8 6 38 8 2 1
8 8 38 8 2 1
8 10 38 8 2 1
8 12 38 8 2 1
8 14 38 8 2 1
8 16 38 8 2 1
8 18 38 8 2 1
9 20 38 8 2 1
12 2 38 4 2 1
16 4 38 4 2 1
16 6 38 4 2 1
16 8 38 4 2 1
16 10 38 4 2 1
16 12 38 4 2 1
16 14 38 4 2 1
16 16 38 4 2 1
6 6 38 2 2 1
6 8 38 2 2 1
6 10 38 2 2 1
6 12 38 2 2 1
6 14 38 2 2 1
12 22 38 2 2 1
16 18 38 2 2 1
20 8 38 2 2 1
20 10 38 2 2 1
20 12 38 2 2 1
20 14 38 2 2 1
9 3 38 3 1 1
12 1 38 3 1 1
14 22 38 3 1 1
6 5 38 2 1 1
6 16 38 2 1 1
10 22 38 2 1 1
16 3 38 2 1 1
18 18 38 2 1 1
20 7 38 2 1 1
17 20 38 2 1 1
5 8 38 1 1 1
5 9 38 1 1 1
5 10 38 1 1 1
5 11 38 1 1 1
5 12 38 1 1 1
5 13 38 1 1 1
5 14 38 1 1 1
7 4 38 1 1 1
7 17 38 1 1 1
7 18 38 1 1 1
11 2 38 1 1 1
14 23 38 1 1 1
16 2 38 1 1 1
17 21 38 1 1 1
18 19 38 1 1 1
20 5 38 1 1 1
20 6 38 1 1 1
20 16 38 1 1 1
20 17 38 1 1 1
6 8 39 2 8 1
8 8 39 2 8 1
10 8 39 2 8 1
12 8 39 2 8 1
14 8 39 2 8 1
16 8 39 2 8 1
18 8 39 2 8 1
20 8 39 2 8 1
8 4 39 2 4 1
8 16 39 2 4 1
10 4 39 2 4 1
10 16 39 2 4 1
12 4 39 2 4 1
12 16 39 2 4 1
14 4 39 2 4 1
14 16 39 2 4 1
16 4 39 2 4 1
16 16 39 2 4 1
18 4 39 2 4 1
6 6 39 2 2 1
12 2 39 2 2 1
12 20 39 2 2 1
14 2 39 2 2 1
14 20 39 2 2 1
18 16 39 2 2 1
5 8 39 1 4 1
5 12 39 1 3 1
20 5 39 1 3 1
7 16 39 1 2 1
11 20 39 1 2 1
16 20 39 1 2 1
18 18 39 1 2 1
20 16 39 1 2 1
5 7 39 1 1 1
6 5 39 1 1 1
6 16 39 1 1 1
7 5 39 1 1 1
9 3 39 1 1 1
9 20 39 1 1 1
10 3 39 1 1 1
10 20 39 1 1 1
11 3 39 1 1 1
12 22 39 1 1 1
13 22 39 1 1 1
14 22 39 1 1 1
16 3 39 1 1 1
17 3 39 1 1 1
17 20 39 1 1 1
19 18 39 1 1 1
21 7 39 1 1 1
8 4 40 8 2 1
8 6 40 8 2 1
8 8 40 8 2 1
8 10 40 8 2 1
8 12 40 8 2 1
8 14 40 8 2 1
8 16 40 8 2 1
9 18 40 8 2 1
12 20 40 4 2 1
16 6 40 4 2 1
16 8 40 4 2 1
16 10 40 4 2 1
16 12 40 4 2 1
16 14 40 4 2 1
16 16 40 4 2 1
6 6 40 2 2 1
6 8 40 2 2 1
6 10 40 2 2 1
6 12 40 2 2 1
6 14 40 2 2 1
12 2 40 2 2 1
16 4 40 2 2 1
20 8 40 2 2 1
20 10 40 2 2 1
20 12 40 2 2 1
20 14 40 2 2 1
17 18 40 2 2 1
14 3 40 4 1 1
9 3 40 3 1 1
18 5 40 3 1 1
6 16 40 2 1 1
10 20 40 2 1 1
20 7 40 2 1 1
5 7 40 1 1 1
5 8 40 1 1 1
5 9 40 1 1 1
5 10 40 1 1 1
5 11 40 1 1 1
5 12 40 1 1 1
5 13 40 1 1 1
5 14 40 1 1 1
7 5 40 1 1 1
7 17 40 1 1 1
8 18 40 1 1 1
11 21 40 1 1 1
14 2 40 1 1 1
16 20 40 1 1 1
18 4 40 1 1 1
19 18 40 1 1 1
20 6 40 1 1 1
20 16 40 1 1 1
20 17 40 1 1 1
6 8 41 2 8 1
8 8 41 2 8 1
10 8 41 2 8 1
12 8 41 2 8 1
14 8 41 2 8 1
16 8 41 2 8 1
18 8 41 2 8 1
20 8 41 2 8 1
10 4 41 2 4 1
10 16 41 2 4 1
12 4 41 2 4 1
12 16 41 2 4 1
14 4 41 2 4 1
14 16 41 2 4 1
16 4 41 2 4 1
16 16 41 2 4 1
6 6 41 2 2 1
8 6 41 2 2 1
8 16 41 2 2 1
12 2 41 2 2 1
18 6 41 2 2 1
18 16 41 2 2 1
5 8 41 1 4 1
5 12 41 1 3 1
7 16 41 1 2 1
9 4 41 1 2 1
9 18 41 1 2 1
14 2 41 1 2 1
18 4 41 1 2 1
20 6 41 1 2 1
20 16 41 1 2 1
6 16 41 1 1 1
7 5 41 1 1 1
8 5 41 1 1 1
8 18 41 1 1 1
10 3 41 1 1 1
10 20 41 1 1 1
11 3 41 1 1 1
11 20 41 1 1 1
12 20 41 1 1 1
13 20 41 1 1 1
14 20 41 1 1 1
15 3 41 1 1 1
15 20 41 1 1 1
16 3 41 1 1 1
16 20 41 1 1 1
18 18 41 1 1 1
19 5 41 1 1 1
19 18 41 1 1 1
8 6 42 8 2 1
8 8 42 8 2 1
8 10 42 8 2 1
8 12 42 8 2 1
8 14 42 8 2 1
8 16 42 8 2 1
9 4 42 8 2 1
10 18 42 8 2 1
16 6 42 4 2 1
16 8 42 4 2 1
16 10 42 4 2 1
16 12 42 4 2 1
16 14 42 4 2 1
16 16 42 4 2 1
6 8 42 2 2 1
6 10 42 2 2 1
6 12 42 2 2 1
6 14 42 2 2 1
20 10 42 2 2 1
20 12 42 2 2 1
20 14 42 2 2 1
12 3 42 4 1 1
12 20 42 3 1 1
17 5 42 3 1 1
6 7 42 2 1 1
6 16 42 2 1 1
8 18 42 2 1 1
20 9 42 2 1 1
5 11 42 1 1 1
5 12 42 1 1 1
5 13 42 1 1 1
5 14 42 1 1 1
5 15 42 1 1 1
7 6 42 1 1 1
7 17 42 1 1 1
8 5 42 1 1 1
11 3 42 1 1 1
17 4 42 1 1 1
18 18 42 1 1 1
20 6 42 1 1 1
20 7 42 1 1 1
20 8 42 1 1 1
20 16 42 1 1 1
20 17 42 1 1 1
6 8 43 2 8 1
8 8 43 2 8 1
10 8 43 2 8 1
12 8 43 2 8 1
14 8 43 2 8 1
16 8 43 2 8 1
18 8 43 2 8 1
10 4 43 2 4 1
12 4 43 2 4 1
12 16 43 2 4 1
14 4 43 2 4 1
14 16 43 2 4 1
16 4 43 2 4 1
20 12 43 2 4 1
8 6 43 2 2 1
8 16 43 2 2 1
10 16 43 2 2 1
16 16 43 2 2 1
18 6 43 2 2 1
18 16 43 2 2 1
5 12 43 1 4 1
20 8 43 1 4 1
7 6 43 1 2 1
7 16 43 1 2 1
9 4 43 1 2 1
11 18 43 1 2 1
16 18 43 1 2 1
5 11 43 1 1 1
6 16 43 1 1 1
8 5 43 1 1 1
9 18 43 1 1 1
10 18 43 1 1 1
12 3 43 1 1 1
13 3 43 1 1 1
14 3 43 1 1 1
15 3 43 1 1 1
17 18 43 1 1 1
18 5 43 1 1 1
20 16 43 1 1 1
21 11 43 1 1 1
8 6 44 8 2 1
8 8 44 8 2 1
8 10 44 8 2 1
8 12 44 8 2 1
8 14 44 8 2 1
9 16 44 8 2 1
12 4 44 4 2 1
16 8 44 4 2 1
16 10 44 4 2 1
16 12 44 4 2 1
16 14 44 4 2 1
6 10 44 2 2 1
6 12 44 2 2 1
6 14 44 2 2 1
16 6 44 2 2 1
20 12 44 2 2 1
20 14 44 2 2 1
17 16 44 2 2 1
12 18 44 4 1 1
6 16 44 3 1 1
9 5 44 3 1 1
16 5 44 2 1 1
18 7 44 2 1 1
20 11 44 2 1 1
19 16 44 2 1 1
5 11 44 1 1 1
5 12 44 1 1 1
5 13 44 1 1 1
5 14 44 1 1 1
5 15 44 1 1 1
7 8 44 1 1 1
7 9 44 1 1 1
11 4 44 1 1 1
11 18 44 1 1 1
16 18 44 1 1 1
18 6 44 1 1 1
20 10 44 1 1 1
8 8 45 2 8 1
10 8 45 2 8 1
12 8 45 2 8 1
14 8 45 2 8 1
16 8 45 2 8 1
6 12 45 2 4 1
18 12 45 2 4 1
20 12 45 2 4 1
10 6 45 2 2 1
12 6 45 2 2 1
12 16 45 2 2 1
14 6 45 2 2 1
14 16 45 2 2 1
18 10 45 2 2 1
5 12 45 1 4 1
7 9 45 1 3 1
22 12 45 1 3 1
11 16 45 1 2 1
16 6 45 1 2 1
18 8 45 1 2 1
20 10 45 1 2 1
5 11 45 1 1 1
6 11 45 1 1 1
8 16 45 1 1 1
9 7 45 1 1 1
9 16 45 1 1 1
10 16 45 1 1 1
12 5 45 1 1 1
13 5 45 1 1 1
14 5 45 1 1 1
15 5 45 1 1 1
16 16 45 1 1 1
17 7 45 1 1 1
17 16 45 1 1 1
18 16 45 1 1 1
19 9 45 1 1 1
21 11 45 1 1 1
8 10 46 8 2 1
8 12 46 8 2 1
9 8 46 8 2 1
9 14 46 8 2 1
4 12 46 4 2 1
16 10 46 4 2 1
16 12 46 4 2 1
17 14 46 4 2 1
6 14 46 2 2 1
20 12 46 2 2 1
12 7 46 4 1 1
5 11 46 3 1 1
20 11 46 3 1 1
10 7 46 2 1 1
17 9 46 2 1 1
21 14 46 2 1 1
5 14 46 1 1 1
7 10 46 1 1 1
8 9 46 1 1 1
8 14 46 1 1 1
16 7 46 1 1 1
17 8 46 1 1 1
22 12 46 1 1 1
22 13 46 1 1 1
5 11 47 2 4 1
7 10 47 2 4 1
9 9 47 2 4 1
16 9 47 2 4 1
18 10 47 2 4 1
20 11 47 2 4 1
12 10 47 2 2 1
14 10 47 2 2 1
11 9 47 1 4 1
22 11 47 1 3 1
4 12 47 1 2 1
7 14 47 1 1 1
8 9 47 1 1 1
9 13 47 1 1 1
10 13 47 1 1 1
15 9 47 1 1 1
17 13 47 1 1 1
18 9 47 1 1 1
4 11 48 4 2 1
19 11 48 4 2 1
6 10 48 3 1 1
18 10 48 3 1 1
4 13 48 3 1 1
20 13 48 3 1 1
8 11 48 1 1 1
18 11 48 1 1 1
4 11 49 2 2 1
20 11 49 2 2 1
6 10 49 1 3 1
22 11 49 1 2 1
7 11 49 1 1 1
20 10 49 1 1 1
