4 12 0 2 8 1 0
4 7 0 2 4 1 0
11 18 0 2 8 1 0
13 15 0 2 8 1 0
12 8 0 2 4 1 0
9 7 0 2 4 1 0
14 11 0 2 4 1 0
11 7 0 1 4 1 0
3 7 0 1 4 1 0
2 12 0 2 8 1 0
3 20 0 3 2 1 0
9 24 0 2 3 1 0
9 12 0 2 8 1 0
8 24 0 1 2 1 0
9 20 0 2 2 1 0
15 16 0 1 4 1 0
10 23 0 1 1 1 0
13 23 0 1 2 1 0
14 9 0 1 2 1 0
15 15 0 1 1 1 0
6 16 0 2 4 1 0
3 11 0 2 1 1 0
8 16 0 1 4 1 0
6 15 0 3 1 1 0
10 11 0 2 1 1 0
11 14 0 2 4 1 0
11 12 0 3 2 1 0
13 14 0 1 1 1 0
1 17 1 4 1 1 0
10 7 1 2 8 1 0
11 18 1 2 8 1 0
8 26 1 4 1 1 0
4 22 1 4 2 1 0
3 7 1 2 8 1 0
2 12 1 1 4 1 0
13 16 1 2 8 1 0
13 9 1 2 4 1 0
12 8 1 2 1 1 0
5 7 1 1 4 1 0
9 7 1 1 4 1 0
15 17 1 1 4 1 0
2 20 1 8 2 1 0
7 24 1 1 3 1 0
6 24 1 1 1 1 0
15 11 1 1 4 1 0
5 12 1 1 4 1 0
3 22 1 1 1 1 0
13 24 1 1 1 1 0
15 15 1 1 2 1 0
2 18 1 8 2 1 0
6 13 1 4 2 1 0
2 16 1 4 1 1 0
12 13 1 3 2 1 0
7 16 1 4 2 1 0
12 9 1 1 4 1 0
9 22 1 2 4 1 0
3 15 1 2 1 1 0
11 15 1 2 3 1 0
5 17 1 2 1 1 0
8 22 1 1 4 1 0
10 18 1 1 4 1 0
13 15 1 2 1 1 0
7 15 1 4 1 1 0
6 15 1 1 2 1 0
10 7 2 2 8 1 0
12 17 2 2 8 1 0
7 19 2 2 8 1 0
1 17 2 2 4 1 0
4 17 2 2 8 1 0
14 13 2 2 8 1 0
3 20 2 1 4 1 0
10 19 2 2 8 1 0
6 22 2 1 4 1 0
3 8 2 2 8 1 0
13 12 2 3 1 1 0
12 25 2 1 1 1 0
2 13 2 1 4 1 0
9 7 2 1 4 1 0
14 21 2 1 3 1 0
4 7 2 2 1 1 0
2 21 2 1 2 1 0
1 15 2 1 2 1 0
13 9 2 2 3 1 0
8 12 2 2 4 1 0
9 23 2 1 4 1 0
5 11 2 1 4 1 0
5 8 2 1 3 1 0
6 12 2 2 4 1 0
12 13 2 2 4 1 0
12 9 2 1 2 1 0
5 16 2 4 1 1 0
10 15 2 2 4 1 0
6 18 2 1 4 1 0
3 16 2 1 4 1 0
7 17 2 3 2 1 0
9 19 2 1 4 1 0
9 16 2 1 1 1 0
6 17 2 1 1 1 0
5 15 2 1 1 1 0
4 16 2 1 1 1 0
2 10 3 4 1 1 0
3 8 3 3 2 1 0
1 20 3 8 2 1 0
1 14 3 8 2 1 0
9 8 3 2 8 1 0
11 9 3 2 2 1 0
11 13 3 2 8 1 0
2 22 3 8 2 1 0
13 14 3 1 4 1 0
3 11 3 4 1 1 0
11 21 3 2 4 1 0
2 13 3 4 1 1 0
13 18 3 1 4 1 0
7 25 3 4 2 1 0
5 24 3 2 2 1 0
11 8 3 1 1 1 0
6 26 3 1 1 1 0
3 24 3 2 1 1 0
11 25 3 1 1 1 0
1 17 3 8 2 1 0
1 19 3 4 1 1 0
4 12 3 4 1 1 0
11 11 3 1 2 1 0
7 11 3 2 1 1 0
1 16 3 4 1 1 0
5 19 3 4 1 1 0
9 16 3 2 4 1 0
6 13 3 3 1 1 0
7 24 3 4 1 1 0
10 20 3 1 4 1 0
5 16 3 4 1 1 0
9 20 3 1 2 1 0
8 12 3 1 1 1 0
8 19 4 2 8 1 0
2 10 4 4 2 1 0
2 9 4 4 1 1 0
2 13 4 2 8 1 0
11 13 4 2 8 1 0
9 8 4 2 8 1 0
10 22 4 1 4 1 0
2 21 4 2 4 1 0
11 21 4 3 2 1 0
0 17 4 2 3 1 0
11 9 4 2 3 1 0
4 18 4 2 8 1 0
3 8 4 3 1 1 0
1 20 4 1 3 1 0
11 23 4 2 2 1 0
1 14 4 1 3 1 0
13 16 4 2 4 1 0
6 19 4 2 8 1 0
11 8 4 1 1 1 0
13 14 4 1 2 1 0
6 11 4 2 8 1 0
11 12 4 1 1 1 0
13 20 4 1 1 1 0
3 12 4 3 1 1 0
8 11 4 1 4 1 0
10 18 4 1 4 1 0
8 16 4 2 3 1 0
4 13 4 2 4 1 0
10 16 4 1 2 1 0
4 17 4 2 1 1 0
8 15 4 1 1 1 0
6 13 5 8 2 1 0
9 9 5 4 2 1 0
0 19 5 8 2 1 0
2 10 5 4 2 1 0
6 22 5 8 2 1 0
10 8 5 2 1 1 0
3 8 5 3 2 1 0
4 24 5 4 2 1 0
1 21 5 4 2 1 0
2 23 5 2 2 1 0
9 24 5 4 1 1 0
0 16 5 8 2 1 0
6 26 5 3 1 1 0
11 16 5 4 2 1 0
9 11 5 4 1 1 0
2 9 5 1 1 1 0
8 25 5 3 1 1 0
1 13 5 4 2 1 0
11 19 5 4 2 1 0
6 10 5 3 2 1 0
0 18 5 4 1 1 0
10 15 5 4 1 1 0
11 18 5 4 1 1 0
1 15 5 4 1 1 0
8 12 5 4 1 1 0
10 21 5 4 1 1 0
3 12 5 4 1 1 0
9 17 5 2 4 1 0
8 15 5 2 2 1 0
5 18 5 4 1 1 0
8 17 5 1 1 1 0
4 23 5 2 1 1 0
5 15 5 3 1 1 0
8 24 5 1 1 1 0
6 21 5 4 1 1 0
10 16 5 1 1 1 0
8 19 5 1 2 1 0
5 21 5 1 2 1 0
5 13 5 1 2 1 0
4 18 5 1 1 1 0
7 12 5 1 1 1 0
0 15 6 8 2 1 0
12 13 6 2 8 1 0
4 9 6 2 4 1 0
10 8 6 2 8 1 0
7 19 6 2 8 1 0
2 9 6 2 4 1 0
12 9 6 1 4 1 0
2 17 6 2 8 1 0
3 8 6 2 1 1 0
9 9 6 1 4 1 0
10 22 6 4 2 1 0
14 15 6 1 4 1 0
1 20 6 1 4 1 0
1 13 6 8 2 1 0
4 18 6 2 8 1 0
0 17 6 1 4 1 0
14 19 6 1 2 1 0
9 24 6 4 1 1 0
9 25 6 2 1 1 0
10 21 6 4 1 1 0
7 10 6 2 3 1 0
6 22 6 1 4 1 0
6 10 6 1 3 1 0
10 16 6 2 4 1 0
8 15 6 2 4 1 0
9 19 6 1 4 1 0
4 17 6 4 1 1 0
6 18 6 1 4 1 0
10 20 6 2 1 1 0
9 13 6 1 2 1 0
1 17 6 1 3 1 0
9 23 6 1 1 1 0
7 18 6 1 1 1 0
2 23 7 8 2 1 0
9 8 7 2 8 1 0
11 15 7 4 2 1 0
1 20 7 1 4 1 0
7 19 7 8 2 1 0
7 25 7 4 1 1 0
4 8 7 2 8 1 0
1 13 7 2 4 1 0
11 13 7 3 2 1 0
4 25 7 3 1 1 0
10 22 7 4 2 1 0
11 9 7 2 4 1 0
3 8 7 1 4 1 0
0 15 7 1 4 1 0
10 24 7 3 1 1 0
0 19 7 1 2 1 0
11 8 7 1 1 1 0
2 9 7 1 4 1 0
7 17 7 8 2 1 0
10 21 7 4 1 1 0
7 9 7 2 8 1 0
6 9 7 1 4 1 0
2 21 7 8 2 1 0
9 16 7 2 1 1 0
3 19 7 4 2 1 0
3 16 7 4 2 1 0
3 12 7 1 4 1 0
3 18 7 4 1 1 0
1 17 7 2 3 1 0
2 20 7 1 1 1 0
6 13 7 1 3 1 0
10 7 8 1 4 1 0
4 7 8 1 4 1 0
2 9 8 2 8 1 0
3 8 8 1 1 1 0
12 13 8 2 8 1 0
2 17 8 2 8 1 0
0 17 8 2 4 1 0
14 15 8 1 4 1 0
0 15 8 2 2 1 0
14 19 8 1 2 1 0
6 22 8 8 2 1 0
9 24 8 4 1 1 0
1 13 8 1 2 1 0
11 8 8 2 4 1 0
7 25 8 4 1 1 0
4 18 8 2 8 1 0
1 21 8 1 3 1 0
6 8 8 2 8 1 0
5 8 8 1 4 1 0
6 24 8 1 2 1 0
10 21 8 4 1 1 0
8 8 8 2 8 1 0
10 12 8 3 1 1 0
4 14 8 2 4 1 0
4 12 8 2 2 1 0
7 18 8 2 4 1 0
10 13 8 2 8 1 0
6 16 8 4 2 1 0
9 18 8 1 4 1 0
7 24 8 2 1 1 0
6 18 8 1 4 1 0
10 11 8 1 1 1 0
4 11 8 1 1 1 0
5 23 9 8 2 1 0
4 7 9 8 2 1 0
2 16 9 2 8 1 0
13 20 9 1 4 1 0
7 15 9 8 2 1 0
1 19 9 1 4 1 0
14 17 9 1 4 1 0
6 13 9 8 2 1 0
0 17 9 1 4 1 0
1 13 9 4 2 1 0
3 7 9 1 4 1 0
6 25 9 4 1 1 0
12 8 9 1 4 1 0
0 15 9 4 1 1 0
2 8 9 1 4 1 0
3 24 9 2 1 1 0
9 12 9 4 1 1 0
0 16 9 2 1 1 0
2 12 9 4 1 1 0
5 21 9 8 2 1 0
6 18 9 8 2 1 0
4 16 9 2 4 1 0
10 17 9 4 1 1 0
6 15 9 1 3 1 0
4 10 9 8 2 1 0
7 17 9 3 1 1 0
1 17 9 1 2 1 0
4 9 9 4 1 1 0
3 11 9 1 1 1 0
6 12 9 3 1 1 0
8 9 9 4 1 1 0
4 20 9 4 1 1 0
5 13 9 1 3 1 0
9 20 9 4 1 1 0
4 21 9 1 3 1 0
4 15 9 1 1 1 0
8 20 9 1 1 1 0
7 5 10 1 4 1 0
9 6 10 2 8 1 0
7 19 10 8 2 1 0
11 7 10 1 4 1 0
0 17 10 2 4 1 0
3 7 10 2 8 1 0
4 6 10 3 1 1 0
2 16 10 2 8 1 0
7 16 10 8 2 1 0
1 14 10 2 2 1 0
5 22 10 8 2 1 0
3 24 10 4 1 1 0
2 8 10 1 4 1 0
8 24 10 4 1 1 0
13 21 10 1 2 1 0
0 16 10 2 1 1 0
12 8 10 1 4 1 0
1 21 10 1 2 1 0
6 14 10 8 2 1 0
11 12 10 2 2 1 0
2 12 10 1 2 1 0
7 24 10 1 1 1 0
11 18 10 4 1 1 0
8 6 10 1 4 1 0
5 16 10 2 4 1 0
3 15 10 3 1 1 0
4 20 10 3 2 1 0
9 21 10 4 1 1 0
7 10 10 2 4 1 0
5 9 10 2 4 1 0
4 16 10 1 4 1 0
5 13 10 2 1 1 0
7 18 10 4 1 1 0
7 21 10 2 1 1 0
5 7 10 2 2 1 0
11 11 10 1 1 1 0
5 14 10 1 1 1 0
7 9 10 1 1 1 0
4 22 10 1 2 1 0
2 7 11 8 2 1 0
6 20 11 8 2 1 0
7 16 11 8 2 1 0
4 5 11 4 2 1 0
11 7 11 2 8 1 0
2 22 11 8 2 1 0
14 18 11 1 3 1 0
8 6 11 4 1 1 0
4 24 11 4 1 1 0
1 14 11 2 8 1 0
8 5 11 3 1 1 0
3 6 11 1 1 1 0
0 17 11 1 4 1 0
10 22 11 3 2 1 0
13 14 11 1 2 1 0
0 16 11 1 1 1 0
8 24 11 3 1 1 0
2 11 11 8 2 1 0
2 9 11 8 2 1 0
2 13 11 4 1 1 0
3 14 11 8 2 1 0
6 18 11 8 2 1 0
3 16 11 4 2 1 0
4 18 11 2 4 1 0
7 13 11 4 1 1 0
11 15 11 2 1 1 0
3 18 11 1 4 1 0
6 13 11 1 1 1 0
10 7 11 1 4 1 0
10 11 11 1 2 1 0
3 5 12 2 8 1 0
11 15 12 2 8 1 0
5 4 12 2 8 1 0
2 7 12 1 4 1 0
11 7 12 2 8 1 0
13 17 12 2 2 1 0
13 15 12 1 2 1 0
1 19 12 8 2 1 0
0 17 12 8 2 1 0
6 21 12 2 4 1 0
8 23 12 4 1 1 0
2 21 12 4 2 1 0
1 15 12 8 2 1 0
3 23 12 3 1 1 0
8 4 12 2 8 1 0
8 24 12 1 1 1 0
10 5 12 2 2 1 0
13 19 12 1 3 1 0
2 13 12 8 2 1 0
7 4 12 1 4 1 0
2 11 12 1 2 1 0
9 15 12 2 8 1 0
8 17 12 1 2 1 0
7 12 12 4 1 1 0
7 8 12 1 4 1 0
5 12 12 2 1 1 0
10 8 12 1 4 1 0
10 7 12 1 1 1 0
8 21 12 1 2 1 0
10 13 12 1 2 1 0
2 15 13 8 2 1 0
5 12 13 8 2 1 0
6 22 13 4 2 1 0
2 7 13 8 2 1 0
1 18 13 8 2 1 0
10 16 13 4 2 1 0
11 6 13 2 4 1 0
8 5 13 4 1 1 0
2 20 13 8 2 1 0
7 4 13 4 1 1 0
3 22 13 3 1 1 0
10 18 13 4 2 1 0
2 10 13 2 4 1 0
1 16 13 1 2 1 0
10 15 13 3 1 1 0
10 20 13 2 3 1 0
12 20 13 1 2 1 0
5 23 13 1 1 1 0
4 4 13 3 2 1 0
3 5 13 1 2 1 0
2 9 13 4 1 1 0
5 10 13 8 2 1 0
8 14 13 4 1 1 0
3 14 13 4 1 1 0
7 9 13 4 1 1 0
6 17 13 4 1 1 0
4 6 13 4 1 1 0
2 17 13 4 1 1 0
4 10 13 1 4 1 0
9 18 13 1 2 1 0
8 6 13 3 1 1 0
7 5 13 1 1 1 0
6 9 13 1 1 1 0
10 7 13 1 2 1 0
7 14 13 1 1 1 0
10 5 14 2 8 1 0
6 3 14 2 8 1 0
7 16 14 2 8 1 0
11 16 14 2 4 1 0
3 5 14 2 8 1 0
2 16 14 2 4 1 0
9 20 14 3 2 1 0
3 20 14 4 2 1 0
4 4 14 2 1 1 0
2 6 14 1 4 1 0
6 22 14 1 2 1 0
8 3 14 1 4 1 0
12 6 14 1 4 1 0
9 22 14 2 1 1 0
12 10 14 1 3 1 0
9 4 14 2 1 1 0
4 22 14 2 1 1 0
2 10 14 1 3 1 0
4 14 14 8 2 1 0
3 13 14 1 3 1 0
8 13 14 4 1 1 0
5 11 14 2 3 1 0
5 7 14 1 4 1 0
7 11 14 3 2 1 0
5 5 14 1 2 1 0
8 7 14 2 4 1 0
4 16 14 2 4 1 0
9 16 14 2 4 1 0
7 13 14 1 1 1 0
6 16 14 1 4 1 0
9 5 14 1 2 1 0
4 13 14 1 1 1 0
3 5 15 8 2 1 0
4 13 15 2 8 1 0
3 10 15 1 4 1 0
5 11 15 8 2 1 0
2 7 15 8 2 1 0
6 3 15 4 2 1 0
5 21 15 4 1 1 0
5 3 15 1 2 1 0
8 18 15 4 2 1 0
6 22 15 3 1 1 0
9 20 15 1 2 1 0
11 5 15 1 4 1 0
10 4 15 1 1 1 0
8 13 15 4 1 1 0
3 16 15 1 4 1 0
8 15 15 4 2 1 0
10 20 15 1 1 1 0
12 6 15 1 4 1 0
4 4 15 1 1 1 0
2 9 15 1 4 1 0
9 10 15 4 1 1 0
7 14 15 4 1 1 0
8 17 15 4 1 1 0
6 15 15 2 4 1 0
8 9 15 4 1 1 0
4 9 15 4 2 1 0
6 13 15 2 1 1 0
6 14 15 1 1 1 0
8 10 15 1 1 1 0
4 11 15 1 2 1 0
6 20 15 3 1 1 0
10 7 15 1 2 1 0
6 19 15 2 1 1 0
3 9 15 1 1 1 0
3 6 16 2 8 1 0
10 6 16 2 8 1 0
2 9 16 1 4 1 0
5 13 16 2 8 1 0
6 21 16 3 1 1 0
5 3 16 2 8 1 0
12 9 16 1 4 1 0
4 16 16 1 4 1 0
9 16 16 2 4 1 0
8 3 16 2 8 1 0
2 7 16 1 2 1 0
10 5 16 2 1 1 0
7 20 16 3 1 1 0
10 4 16 1 1 1 0
4 4 16 1 2 1 0
12 7 16 1 2 1 0
7 14 16 4 2 1 0
4 14 16 1 2 1 0
7 3 16 1 4 1 0
7 10 16 1 4 1 0
5 11 16 2 2 1 0
7 16 16 2 4 1 0
8 11 16 2 3 1 0
7 7 16 1 3 1 0
2 8 17 8 2 1 0
7 4 17 4 2 1 0
3 6 17 8 2 1 0
8 11 17 2 8 1 0
2 10 17 4 2 1 0
4 4 17 3 2 1 0
7 0 17 2 4 1 0
3 12 17 4 1 1 0
11 8 17 2 4 1 0
6 0 17 1 4 1 0
9 1 17 1 3 1 0
11 5 17 1 3 1 0
4 13 17 4 1 1 0
7 19 17 2 2 1 0
5 15 17 2 4 1 0
10 10 17 1 4 1 0
5 1 17 1 3 1 0
6 19 17 1 1 1 0
11 12 17 1 1 1 0
5 14 17 3 1 1 0
6 10 17 2 2 1 0
10 8 17 1 2 1 0
7 15 17 1 4 1 0
7 12 17 1 1 1 0
8 10 17 2 1 1 0
7 15 18 1 4 1 0
5 7 18 2 8 1 0
9 9 18 4 2 1 0
5 0 18 2 4 1 0
2 9 18 3 2 1 0
4 11 18 1 3 1 0
8 11 18 2 4 1 0
6 15 18 1 3 1 0
3 11 18 1 2 1 0
8 15 18 1 3 1 0
10 11 18 2 2 1 0
4 4 18 8 2 1 0
3 4 18 1 4 1 0
10 13 18 1 1 1 0
8 0 18 2 4 1 0
4 2 18 1 2 1 0
10 2 18 1 2 1 0
8 6 18 4 2 1 0
3 8 18 2 1 1 0
8 8 18 4 1 1 0
7 0 18 1 4 1 0
7 9 18 1 4 1 0
4 6 18 4 1 1 0
7 7 18 1 2 1 0
8 9 18 1 2 1 0
7 13 18 1 2 1 0
4 7 18 1 1 1 0
3 10 19 8 2 1 0
3 3 19 8 2 1 0
6 12 19 3 2 1 0
11 3 19 1 4 1 0
5 0 19 4 2 1 0
4 2 19 4 1 1 0
9 0 19 1 3 1 0
9 12 19 2 1 1 0
4 12 19 2 1 1 0
10 2 19 1 1 1 0
11 8 19 1 4 1 0
3 8 19 8 2 1 0
3 6 19 8 2 1 0
3 5 19 4 1 1 0
11 7 19 1 1 1 0
7 5 19 4 1 1 0
8 2 19 1 1 1 0
9 4 20 2 8 1 0
6 5 20 2 8 1 0
7 0 20 2 4 1 0
11 3 20 1 4 1 0
4 4 20 2 8 1 0
5 1 20 2 3 1 0
3 3 20 1 4 1 0
6 0 20 1 1 1 0
4 2 20 1 2 1 0
11 7 20 1 3 1 0
3 7 20 1 3 1 0
8 12 20 2 1 1 0
9 2 20 2 2 1 0
9 1 20 1 1 1 0
6 4 20 3 1 1 0
8 7 20 1 4 1 0
8 5 20 1 2 1 0
8 11 20 1 1 1 0
4 3 21 8 2 1 0
5 1 21 4 2 1 0
7 9 21 4 2 1 0
4 7 21 2 4 1 0
5 11 21 4 1 1 0
9 1 21 1 2 1 0
11 6 21 1 4 1 0
4 2 21 1 1 1 0
3 6 21 1 4 1 0
9 11 21 1 1 1 0
10 2 21 1 1 1 0
3 3 21 1 3 1 0
8 5 21 4 1 1 0
7 7 21 4 2 1 0
7 6 21 4 1 1 0
6 7 21 1 4 1 0
4 5 21 3 2 1 0
7 5 21 1 1 1 0
4 2 22 2 8 1 0
3 6 22 1 4 1 0
7 1 22 2 8 1 0
10 3 22 2 4 1 0
10 7 22 2 3 1 0
6 1 22 1 4 1 0
6 9 22 2 3 1 0
9 2 22 2 1 1 0
3 3 22 1 3 1 0
5 10 22 1 1 1 0
8 10 22 3 1 1 0
8 11 22 1 1 1 0
9 5 22 1 4 1 0
6 5 22 1 4 1 0
8 9 22 2 1 1 0
9 3 22 1 2 1 0
4 4 23 8 2 1 0
7 1 23 2 3 1 0
4 2 23 3 2 1 0
3 7 23 8 2 1 0
6 9 23 4 2 1 0
5 9 23 1 2 1 0
9 2 23 2 2 1 0
3 4 23 1 3 1 0
11 6 23 1 4 1 0
4 9 23 1 1 1 0
10 9 23 1 1 1 0
7 6 23 4 1 1 0
4 6 23 3 1 1 0
3 5 24 8 2 1 0
2 7 24 4 1 1 0
5 3 24 4 2 1 0
3 8 24 4 1 1 0
11 6 24 2 2 1 0
9 3 24 1 2 1 0
8 7 24 2 3 1 0
5 9 24 3 1 1 0
10 8 24 2 1 1 0
6 2 24 3 1 1 0
11 5 24 1 1 1 0
2 6 24 1 1 1 0
10 4 24 1 1 1 0
4 4 24 1 1 1 0
6 7 24 2 1 1 0
7 8 24 1 1 1 0
10 7 24 1 1 1 0
7 3 25 1 4 1 0
7 7 25 1 2 1 0
5 4 25 2 4 1 0
9 6 25 4 2 1 0
2 6 25 3 2 1 0
8 4 25 2 2 1 0
10 5 25 2 1 1 0
3 5 25 2 1 1 0
8 6 25 1 2 1 0
3 5 26 2 2 1 0
10 5 26 2 2 1 0
2 6 26 1 2 1 0
12 6 26 1 2 1 0
3 7 26 1 1 1 0
11 7 26 1 1 1 0
