X Y Z sizeX sizeY sizeZ
2 17 0 8 2 1
10 16 0 2 8 1
12 16 0 2 8 1
14 16 0 2 8 1
3 8 0 2 8 1
11 8 0 2 8 1
2 19 0 4 2 1
9 26 0 4 2 1
13 12 0 4 2 1
13 14 0 4 2 1
4 22 0 2 2 1
12 24 0 2 2 1
14 10 0 2 2 1
5 8 0 2 2 1
7 19 0 2 2 1
9 8 0 2 2 1
2 16 0 4 1 1
16 16 0 1 4 1
3 21 0 3 1 1
13 9 0 3 1 1
2 13 0 1 3 1
5 13 0 1 3 1
10 13 0 1 3 1
4 7 0 2 1 1
10 7 0 2 1 1
14 24 0 2 1 1
5 10 0 2 1 1
9 10 0 2 1 1
13 10 0 1 2 1
13 26 0 1 2 1
16 20 0 1 2 1
3 22 0 1 1 1
5 11 0 1 1 1
8 26 0 1 1 1
10 11 0 1 1 1
10 28 0 1 1 1
11 25 0 1 1 1
14 25 0 1 1 1
4 16 1 2 8 1
6 16 1 2 8 1
8 16 1 2 8 1
10 16 1 2 8 1
12 16 1 2 8 1
14 16 1 2 8 1
2 13 1 2 8 1
11 8 1 2 8 1
7 24 1 8 2 1
4 8 1 2 4 1
14 12 1 2 4 1
8 26 1 4 2 1
4 14 1 2 2 1
12 26 1 2 2 1
14 10 1 2 2 1
2 21 1 2 2 1
7 14 1 2 2 1
9 8 1 2 2 1
3 8 1 1 4 1
13 12 1 1 4 1
16 12 1 1 4 1
16 16 1 1 4 1
8 28 1 4 1 1
3 24 1 4 1 1
13 9 1 1 3 1
6 8 1 1 3 1
10 13 1 1 3 1
16 20 1 1 3 1
4 12 1 1 2 1
7 26 1 1 2 1
10 10 1 1 2 1
14 8 1 1 2 1
4 7 1 2 1 1
10 7 1 2 1 1
3 23 1 1 1 1
5 13 1 1 1 1
6 15 1 1 1 1
9 10 1 1 1 1
9 15 1 1 1 1
12 28 1 1 1 1
14 26 1 1 1 1
15 9 1 1 1 1
15 24 1 1 1 1
8 14 2 8 2 1
8 16 2 8 2 1
8 18 2 8 2 1
8 20 2 8 2 1
8 22 2 8 2 1
3 24 2 8 2 1
6 26 2 8 2 1
2 16 2 2 8 1
4 16 2 2 8 1
6 16 2 2 8 1
3 8 2 2 8 1
12 10 2 4 2 1
11 24 2 4 2 1
10 8 2 2 4 1
6 14 2 2 2 1
10 12 2 2 2 1
14 12 2 2 2 1
5 9 2 2 2 1
8 28 2 4 1 1
1 16 2 1 4 1
16 12 2 1 4 1
16 16 2 1 4 1
7 13 2 3 1 1
16 20 2 1 3 1
12 12 2 2 1 1
1 20 2 1 2 1
2 14 2 1 2 1
5 14 2 1 2 1
12 8 2 1 2 1
5 11 2 1 2 1
9 9 2 1 2 1
2 24 2 1 1 1
5 8 2 1 1 1
7 28 2 1 1 1
12 13 2 1 1 1
12 28 2 1 1 1
14 9 2 1 1 1
14 26 2 1 1 1
15 24 2 1 1 1
2 16 3 2 8 1
4 16 3 2 8 1
6 16 3 2 8 1
8 16 3 2 8 1
10 16 3 2 8 1
12 16 3 2 8 1
2 14 3 8 2 1
3 24 3 8 2 1
10 12 3 2 4 1
3 9 3 2 4 1
11 24 3 2 4 1
6 26 3 4 2 1
10 10 3 2 2 1
12 14 3 2 2 1
14 22 3 2 2 1
7 12 3 2 2 1
13 24 3 2 2 1
1 16 3 1 4 1
14 16 3 1 4 1
5 9 3 1 4 1
12 9 3 1 4 1
8 28 3 4 1 1
1 20 3 1 3 1
4 13 3 3 1 1
10 26 3 1 2 1
14 20 3 1 2 1
4 26 3 2 1 1
10 9 3 2 1 1
1 15 3 1 1 1
2 24 3 1 1 1
7 28 3 1 1 1
9 13 3 1 1 1
13 26 3 1 1 1
14 15 3 1 1 1
15 21 3 1 1 1
0 18 4 8 2 1
8 18 4 8 2 1
1 15 4 8 2 1
1 20 4 8 2 1
1 22 4 8 2 1
2 24 4 8 2 1
3 12 4 8 2 1
11 9 4 2 8 1
5 26 4 4 2 1
9 20 4 4 2 1
9 22 4 4 2 1
10 24 4 4 2 1
9 14 4 2 4 1
13 20 4 2 4 1
4 10 4 2 2 1
9 26 4 2 2 1
13 15 4 2 2 1
4 14 4 4 1 1
4 17 4 4 1 1
7 28 4 4 1 1
11 17 4 4 1 1
3 9 4 3 1 1
1 17 4 3 1 1
10 9 4 1 3 1
2 14 4 2 1 1
3 26 4 2 1 1
11 26 4 2 1 1
3 10 4 1 2 1
0 20 4 1 1 1
8 14 4 1 1 1
8 17 4 1 1 1
13 11 4 1 1 1
13 14 4 1 1 1
15 20 4 1 1 1
2 16 5 2 8 1
4 16 5 2 8 1
6 16 5 2 8 1
8 16 5 2 8 1
10 16 5 2 8 1
12 16 5 2 8 1
1 14 5 8 2 1
2 24 5 8 2 1
3 11 5 8 2 1
4 26 5 8 2 1
0 17 5 2 4 1
11 9 5 2 4 1
14 17 5 2 4 1
9 13 5 4 2 1
10 24 5 4 2 1
3 9 5 2 2 1
13 14 5 2 2 1
1 21 5 1 4 1
14 21 5 1 4 1
4 13 5 4 1 1
9 15 5 4 1 1
7 28 5 3 1 1
2 10 5 1 2 1
13 10 5 1 2 1
5 9 5 1 2 1
10 9 5 1 2 1
0 21 5 1 1 1
1 16 5 1 1 1
3 13 5 1 1 1
3 26 5 1 1 1
8 13 5 1 1 1
12 26 5 1 1 1
14 16 5 1 1 1
15 21 5 1 1 1
0 18 6 8 2 1
0 20 6 8 2 1
8 18 6 8 2 1
8 20 6 8 2 1
1 15 6 8 2 1
1 22 6 8 2 1
2 11 6 8 2 1
2 24 6 8 2 1
3 13 6 8 2 1
4 26 6 8 2 1
11 9 6 2 8 1
9 22 6 4 2 1
10 24 6 4 2 1
3 9 6 2 2 1
9 15 6 2 2 1
13 15 6 2 2 1
13 22 6 2 2 1
0 17 6 4 1 1
4 17 6 4 1 1
8 17 6 4 1 1
12 17 6 4 1 1
10 9 6 1 4 1
13 10 6 1 3 1
2 26 6 2 1 1
12 26 6 2 1 1
7 28 6 2 1 1
5 9 6 1 2 1
1 24 6 1 1 1
2 10 6 1 1 1
2 14 6 1 1 1
13 14 6 1 1 1
14 24 6 1 1 1
2 16 7 2 8 1
4 16 7 2 8 1
6 16 7 2 8 1
8 16 7 2 8 1
10 16 7 2 8 1
12 16 7 2 8 1
1 14 7 8 2 1
2 10 7 8 2 1
2 24 7 8 2 1
3 12 7 8 2 1
4 26 7 8 2 1
0 16 7 2 4 1
14 16 7 2 4 1
11 9 7 2 4 1
9 14 7 4 2 1
10 24 7 4 2 1
0 20 7 2 2 1
14 20 7 2 2 1
13 14 7 2 2 1
10 9 7 1 3 1
1 22 7 1 3 1
13 10 7 1 3 1
14 22 7 1 3 1
3 9 7 3 1 1
2 26 7 2 1 1
12 26 7 2 1 1
11 13 7 2 1 1
0 22 7 1 1 1
2 12 7 1 1 1
15 22 7 1 1 1
0 16 8 8 2 1
0 18 8 8 2 1
0 20 8 8 2 1
8 16 8 8 2 1
8 18 8 8 2 1
8 20 8 8 2 1
1 14 8 8 2 1
1 22 8 8 2 1
2 10 8 8 2 1
2 12 8 8 2 1
2 24 8 8 2 1
4 26 8 8 2 1
10 8 8 2 8 1
9 22 8 4 2 1
10 24 8 4 2 1
12 12 8 2 4 1
4 8 8 2 2 1
12 10 8 2 2 1
13 22 8 2 2 1
2 9 8 2 1 1
2 26 8 2 1 1
12 9 8 2 1 1
12 26 8 2 1 1
9 14 8 1 2 1
14 14 8 1 2 1
0 22 8 1 1 1
1 24 8 1 1 1
3 8 8 1 1 1
12 8 8 1 1 1
14 24 8 1 1 1
15 22 8 1 1 1
2 16 9 2 8 1
4 8 9 2 8 1
4 16 9 2 8 1
6 16 9 2 8 1
8 16 9 2 8 1
10 8 9 2 8 1
10 16 9 2 8 1
12 16 9 2 8 1
2 24 9 8 2 1
0 16 9 2 4 1
2 12 9 2 4 1
6 12 9 2 4 1
8 12 9 2 4 1
12 12 9 2 4 1
14 16 9 2 4 1
6 9 9 4 2 1
6 26 9 4 2 1
10 24 9 4 2 1
0 20 9 2 2 1
2 10 9 2 2 1
12 10 9 2 2 1
14 20 9 2 2 1
6 11 9 4 1 1
1 22 9 1 3 1
14 22 9 1 3 1
3 26 9 3 1 1
10 26 9 3 1 1
1 14 9 1 2 1
3 8 9 1 2 1
12 8 9 1 2 1
14 14 9 1 2 1
0 22 9 1 1 1
2 9 9 1 1 1
6 8 9 1 1 1
9 8 9 1 1 1
10 27 9 1 1 1
13 9 9 1 1 1
15 22 9 1 1 1
0 18 10 8 2 1
0 20 10 8 2 1
8 18 10 8 2 1
8 20 10 8 2 1
1 15 10 8 2 1
1 22 10 8 2 1
2 9 10 8 2 1
2 11 10 8 2 1
2 13 10 8 2 1
2 24 10 8 2 1
4 7 10 8 2 1
10 9 10 2 8 1
12 9 10 2 8 1
9 22 10 4 2 1
10 24 10 4 2 1
7 26 10 2 2 1
13 22 10 2 2 1
0 17 10 4 1 1
4 17 10 4 1 1
8 17 10 4 1 1
12 17 10 4 1 1
3 26 10 4 1 1
9 26 10 4 1 1
9 15 10 1 2 1
14 15 10 1 2 1
0 22 10 1 1 1
1 24 10 1 1 1
3 8 10 1 1 1
12 8 10 1 1 1
14 24 10 1 1 1
15 22 10 1 1 1
2 8 11 2 8 1
2 16 11 2 8 1
4 8 11 2 8 1
4 16 11 2 8 1
6 8 11 2 8 1
6 16 11 2 8 1
8 8 11 2 8 1
8 16 11 2 8 1
10 8 11 2 8 1
10 16 11 2 8 1
12 8 11 2 8 1
12 16 11 2 8 1
2 24 11 8 2 1
4 6 11 8 2 1
0 17 11 2 4 1
14 17 11 2 4 1
10 24 11 4 2 1
4 26 11 4 1 1
8 26 11 4 1 1
1 21 11 1 3 1
14 21 11 1 3 1
1 15 11 1 2 1
14 15 11 1 2 1
0 21 11 1 1 1
3 7 11 1 1 1
12 7 11 1 1 1
15 21 11 1 1 1
0 18 12 8 2 1
8 18 12 8 2 1
1 16 12 8 2 1
1 20 12 8 2 1
1 22 12 8 2 1
2 8 12 8 2 1
2 10 12 8 2 1
2 12 12 8 2 1
2 14 12 8 2 1
3 6 12 8 2 1
3 24 12 8 2 1
10 8 12 2 8 1
12 8 12 2 8 1
9 16 12 4 2 1
9 20 12 4 2 1
9 22 12 4 2 1
13 20 12 2 4 1
11 6 12 2 2 1
11 24 12 2 2 1
13 16 12 2 2 1
5 5 12 4 1 1
6 26 12 4 1 1
9 5 12 2 1 1
0 17 12 1 1 1
0 20 12 1 1 1
2 24 12 1 1 1
13 24 12 1 1 1
15 17 12 1 1 1
15 20 12 1 1 1
2 8 13 2 8 1
2 16 13 2 8 1
4 8 13 2 8 1
4 16 13 2 8 1
6 8 13 2 8 1
6 16 13 2 8 1
8 8 13 2 8 1
8 16 13 2 8 1
10 8 13 2 8 1
10 16 13 2 8 1
12 8 13 2 8 1
12 16 13 2 8 1
3 6 13 8 2 1
4 24 13 8 2 1
7 4 13 2 2 1
11 6 13 2 2 1
1 16 13 1 4 1
14 16 13 1 4 1
1 20 13 1 3 1
14 20 13 1 3 1
9 5 13 3 1 1
4 5 13 3 1 1
3 24 13 1 1 1
12 24 13 1 1 1
15 19 13 1 1 1
1 18 14 8 2 1
2 7 14 8 2 1
2 9 14 8 2 1
2 11 14 8 2 1
2 16 14 8 2 1
2 20 14 8 2 1
3 13 14 8 2 1
3 22 14 8 2 1
4 5 14 8 2 1
11 7 14 2 8 1
11 15 14 2 8 1
6 24 14 4 2 1
9 18 14 2 2 1
13 18 14 2 2 1
4 15 14 4 1 1
5 4 14 4 1 1
10 8 14 1 4 1
13 8 14 1 4 1
8 15 14 3 1 1
13 20 14 1 3 1
4 24 14 2 1 1
10 24 14 2 1 1
9 4 14 2 1 1
11 23 14 2 1 1
10 16 14 1 2 1
10 20 14 1 2 1
13 12 14 1 2 1
13 16 14 1 2 1
1 20 14 1 1 1
2 13 14 1 1 1
2 22 14 1 1 1
3 6 14 1 1 1
3 15 14 1 1 1
10 7 14 1 1 1
10 12 14 1 1 1
12 6 14 1 1 1
13 7 14 1 1 1
14 20 14 1 1 1
4 8 15 2 8 1
4 16 15 2 8 1
6 8 15 2 8 1
6 16 15 2 8 1
8 8 15 2 8 1
8 16 15 2 8 1
10 8 15 2 8 1
10 16 15 2 8 1
3 6 15 8 2 1
2 8 15 2 4 1
12 8 15 2 4 1
2 17 15 2 4 1
12 17 15 2 4 1
5 4 15 4 2 1
2 12 15 2 2 1
12 12 15 2 2 1
9 4 15 2 2 1
11 6 15 2 2 1
5 24 15 4 1 1
3 14 15 1 3 1
12 14 15 1 3 1
3 21 15 1 2 1
12 21 15 1 2 1
9 24 15 2 1 1
2 7 15 1 1 1
2 21 15 1 1 1
4 5 15 1 1 1
11 5 15 1 1 1
13 7 15 1 1 1
13 21 15 1 1 1
2 8 16 8 2 1
2 10 16 8 2 1
2 12 16 8 2 1
3 6 16 8 2 1
3 17 16 8 2 1
3 19 16 8 2 1
4 14 16 8 2 1
4 21 16 8 2 1
11 6 16 2 8 1
5 4 16 4 2 1
11 17 16 2 4 1
7 23 16 2 2 1
9 4 16 2 2 1
4 16 16 4 1 1
8 16 16 4 1 1
10 8 16 1 4 1
13 8 16 1 4 1
5 23 16 2 1 1
7 3 16 2 1 1
9 23 16 2 1 1
10 12 16 1 2 1
13 12 16 1 2 1
3 14 16 1 1 1
3 21 16 1 1 1
4 5 16 1 1 1
11 5 16 1 1 1
12 14 16 1 1 1
12 21 16 1 1 1
4 8 17 2 8 1
6 8 17 2 8 1
8 8 17 2 8 1
10 8 17 2 8 1
7 16 17 2 8 1
3 6 17 8 2 1
2 8 17 2 4 1
4 16 17 2 4 1
10 16 17 2 4 1
12 8 17 2 4 1
5 4 17 4 2 1
5 20 17 2 2 1
9 4 17 2 2 1
9 20 17 2 2 1
11 6 17 2 2 1
6 16 17 1 4 1
9 16 17 1 4 1
6 3 17 4 1 1
3 12 17 1 3 1
12 12 17 1 3 1
5 22 17 2 1 1
9 22 17 2 1 1
2 12 17 1 1 1
4 5 17 1 1 1
4 20 17 1 1 1
11 5 17 1 1 1
11 20 17 1 1 1
13 12 17 1 1 1
2 9 18 8 2 1
2 11 18 8 2 1
3 7 18 8 2 1
4 5 18 8 2 1
4 13 18 8 2 1
5 3 18 4 2 1
5 15 18 4 2 1
5 17 18 4 2 1
6 1 18 4 2 1
6 19 18 4 2 1
10 9 18 4 2 1
10 11 18 4 2 1
9 15 18 2 4 1
9 3 18 2 2 1
11 7 18 2 2 1
6 21 18 4 1 1
3 13 18 1 1 1
5 19 18 1 1 1
8 22 18 1 1 1
10 19 18 1 1 1
12 13 18 1 1 1
6 0 19 2 8 1
6 8 19 2 8 1
8 0 19 2 8 1
8 8 19 2 8 1
3 6 19 2 8 1
10 3 19 2 8 1
6 16 19 2 4 1
8 16 19 2 4 1
10 11 19 2 4 1
4 4 19 2 2 1
12 10 19 2 2 1
5 8 19 1 4 1
5 12 19 1 4 1
12 6 19 1 4 1
5 1 19 1 3 1
5 6 19 1 2 1
12 12 19 1 2 1
10 1 19 1 2 1
7 20 19 2 1 1
2 10 19 1 1 1
4 3 19 1 1 1
4 14 19 1 1 1
10 15 19 1 1 1
3 4 20 8 2 1
3 6 20 8 2 1
3 8 20 8 2 1
3 10 20 8 2 1
4 2 20 8 2 1
4 12 20 8 2 1
11 4 20 2 8 1
6 0 20 4 2 1
6 14 20 4 2 1
7 16 20 2 1 1
3 12 20 1 1 1
5 1 20 1 1 1
10 1 20 1 1 1
12 12 20 1 1 1
6 0 21 2 8 1
8 0 21 2 8 1
4 2 21 2 8 1
10 2 21 2 8 1
4 10 21 8 2 1
5 12 21 4 2 1
6 8 21 4 2 1
9 12 21 2 2 1
3 4 21 1 4 1
12 4 21 1 4 1
3 8 21 1 2 1
12 8 21 1 2 1
7 14 21 2 1 1
3 3 21 1 1 1
4 12 21 1 1 1
5 1 21 1 1 1
10 1 21 1 1 1
11 12 21 1 1 1
12 3 21 1 1 1
3 3 22 8 2 1
3 5 22 8 2 1
3 7 22 8 2 1
4 9 22 8 2 1
5 11 22 4 2 1
6 1 22 4 2 1
11 3 22 2 4 1
9 11 22 2 2 1
11 7 22 2 2 1
4 2 22 2 1 1
10 2 22 2 1 1
7 0 22 2 1 1
7 13 22 2 1 1
3 9 22 1 1 1
4 11 22 1 1 1
11 11 22 1 1 1
12 9 22 1 1 1
4 3 23 2 8 1
6 2 23 2 8 1
8 2 23 2 8 1
10 2 23 2 8 1
6 10 23 4 2 1
3 4 23 1 4 1
12 4 23 1 4 1
6 12 23 4 1 1
3 8 23 1 2 1
10 10 23 1 2 1
12 8 23 1 2 1
7 1 23 2 1 1
3 3 23 1 1 1
5 2 23 1 1 1
5 11 23 1 1 1
11 10 23 1 1 1
12 3 23 1 1 1
3 4 24 8 2 1
3 6 24 8 2 1
3 8 24 8 2 1
5 2 24 4 2 1
6 10 24 4 2 1
11 4 24 2 4 1
9 2 24 2 2 1
11 8 24 2 2 1
4 10 24 2 1 1
10 10 24 2 1 1
7 1 24 2 1 1
4 3 24 1 1 1
11 3 24 1 1 1
4 3 25 2 8 1
6 2 25 2 8 1
8 2 25 2 8 1
10 3 25 2 8 1
6 10 25 4 2 1
3 6 25 1 4 1
12 6 25 1 4 1
5 2 25 1 1 1
10 2 25 1 1 1
3 6 26 8 2 1
3 8 26 8 2 1
5 3 26 4 2 1
11 6 26 2 4 1
9 3 26 2 2 1
8 5 26 4 1 1
6 10 26 4 1 1
4 5 26 2 1 1
7 5 26 1 1 1
3 8 27 1 1 1
12 8 27 1 1 1
