1 3 0 2 1 1 6
1 22 0 2 1 1 6
21 3 0 2 1 1 6
21 22 0 2 1 1 6
1 3 1 2 2 1 6
1 21 1 2 2 1 6
21 3 1 1 2 1 6
21 21 1 1 2 1 6
22 3 1 1 1 1 6
22 22 1 1 1 1 6
1 3 2 2 2 1 6
1 21 2 2 2 1 6
3 4 2 1 1 1 6
3 21 2 1 1 1 6
20 3 2 2 2 1 6
20 21 2 2 2 1 6
2 3 3 1 1 1 6
2 4 3 2 2 1 6
2 20 3 2 2 1 6
2 22 3 1 1 1 6
20 3 3 2 2 1 6
20 5 3 1 1 1 6
20 20 3 1 1 1 6
20 21 3 2 2 1 6
2 4 4 2 2 1 6
2 20 4 2 2 1 6
19 4 4 2 2 1 6
19 20 4 2 2 1 6
21 4 4 1 1 1 6
21 21 4 1 1 1 6
2 4 5 2 2 1 6
2 20 5 2 2 1 6
3 19 5 1 1 1 6
4 4 5 1 2 1 6
4 20 5 1 2 1 6
19 4 5 2 2 1 6
19 19 5 1 1 1 6
19 20 5 2 2 1 6
2 6 6 2 1 1 3
2 7 6 1 1 1 3
2 8 6 1 4 1 3
2 12 6 1 4 1 3
2 16 6 1 4 1 3
3 4 6 2 2 1 3
3 19 6 1 1 1 3
3 20 6 2 2 1 3
4 6 6 4 2 1 3
4 8 6 2 8 1 3
4 16 6 4 2 1 3
4 18 6 4 2 1 3
5 5 6 3 1 1 3
5 20 6 3 1 1 3
6 8 6 2 8 1 3
8 5 6 4 1 1 3
8 6 6 8 2 1 3
8 8 6 8 2 1 3
8 10 6 8 2 1 3
8 12 6 8 2 1 3
8 14 6 8 2 1 3
8 16 6 8 2 1 3
8 18 6 8 2 1 3
8 20 6 4 1 1 3
12 5 6 4 1 1 3
12 20 6 4 1 1 3
16 5 6 3 1 1 3
16 6 6 4 2 1 3
16 8 6 2 8 1 3
16 16 6 4 2 1 3
16 18 6 4 2 1 3
16 20 6 3 1 1 3
18 8 6 2 8 1 3
19 4 6 2 2 1 3
19 20 6 2 2 1 6
20 6 6 2 1 1 3
20 19 6 1 1 1 3
21 7 6 1 1 1 3
21 8 6 1 4 1 3
21 12 6 1 4 1 3
21 16 6 1 4 1 3
1 4 7 1 4 1 3
1 8 7 1 4 1 3
1 12 7 1 4 1 3
1 16 7 1 4 1 3
1 20 7 1 2 1 3
2 3 7 2 1 1 3
2 4 7 2 4 1 3
2 8 7 2 8 1 3
2 16 7 2 4 1 3
2 20 7 2 2 1 3
4 3 7 4 1 1 3
4 4 7 2 4 1 3
4 8 7 2 8 1 0
4 16 7 2 4 1 0
4 20 7 4 2 1 3
6 4 7 2 4 1 3
6 8 7 2 8 1 0
6 16 7 2 4 1 0
8 3 7 4 1 1 3
8 4 7 8 2 1 3
8 6 7 8 2 1 0
8 8 7 2 8 1 0
8 16 7 8 2 1 0
8 18 7 8 2 1 0
8 20 7 8 2 1 3
10 8 7 2 8 1 0
12 3 7 4 1 1 3
12 8 7 2 8 1 0
14 8 7 2 8 1 0
16 3 7 4 1 1 3
16 4 7 2 4 1 3
16 8 7 2 8 1 0
16 16 7 2 4 1 0
16 20 7 4 2 1 3
18 4 7 2 4 1 3
18 8 7 2 8 1 0
18 16 7 2 4 1 0
20 3 7 3 1 1 3
20 4 7 2 4 1 3
20 8 7 2 8 1 3
20 16 7 2 4 1 3
20 20 7 2 2 1 3
22 4 7 1 4 1 3
22 8 7 1 4 1 3
22 12 7 1 4 1 3
22 16 7 1 4 1 3
22 20 7 1 2 1 3
1 3 8 3 1 1 3
1 4 8 1 4 1 3
1 8 8 1 4 1 3
1 12 8 1 4 1 3
1 16 8 1 4 1 3
1 20 8 1 2 1 3
2 4 8 2 4 1 0
2 8 8 2 8 1 0
2 16 8 2 4 1 0
2 20 8 2 2 1 3
4 3 8 4 1 1 3
4 4 8 4 2 1 0
4 6 8 4 2 1 0
4 8 8 2 8 1 0
4 16 8 4 2 1 0
4 18 8 4 2 1 0
4 20 8 4 2 1 3
6 8 8 2 8 1 0
8 3 8 4 1 1 3
8 4 8 8 2 1 0
8 6 8 8 2 1 0
8 8 8 8 2 1 0
8 10 8 8 2 1 0
8 12 8 8 2 1 0
8 14 8 8 2 1 0
8 16 8 8 2 1 0
8 18 8 8 2 1 0
8 20 8 8 2 1 3
12 3 8 4 1 1 3
16 3 8 4 1 1 3
16 4 8 4 2 1 0
16 6 8 4 2 1 0
16 8 8 2 8 1 0
16 16 8 4 2 1 0
16 18 8 4 2 1 0
16 20 8 4 2 1 3
18 8 8 2 8 1 0
20 3 8 3 1 1 3
20 4 8 2 4 1 0
20 8 8 2 8 1 0
20 16 8 2 4 1 0
20 20 8 2 2 1 3
22 4 8 1 4 1 3
22 8 8 1 4 1 3
22 12 8 1 4 1 3
22 16 8 1 4 1 3
22 20 8 1 2 1 3
1 3 9 3 1 1 3
1 4 9 1 4 1 3
1 8 9 1 4 1 3
1 12 9 1 4 1 3
1 16 9 1 4 1 3
1 20 9 1 2 1 3
2 4 9 2 4 1 0
2 8 9 2 8 1 0
2 16 9 2 4 1 0
2 20 9 2 2 1 3
4 3 9 4 1 1 3
4 4 9 2 4 1 0
4 8 9 2 8 1 0
4 16 9 2 4 1 0
4 20 9 4 2 1 3
6 4 9 2 4 1 0
6 8 9 2 8 1 0
6 16 9 2 4 1 0
8 3 9 4 1 1 3
8 4 9 8 2 1 0
8 6 9 8 2 1 0
8 8 9 2 8 1 0
8 16 9 8 2 1 0
8 18 9 8 2 1 0
8 20 9 8 2 1 3
10 8 9 2 8 1 0
12 3 9 4 1 1 3
12 8 9 2 8 1 0
14 8 9 2 8 1 0
16 3 9 4 1 1 3
16 4 9 2 4 1 0
16 8 9 2 8 1 0
16 16 9 2 4 1 0
16 20 9 4 2 1 3
18 4 9 2 4 1 0
18 8 9 2 8 1 0
18 16 9 2 4 1 0
20 3 9 3 1 1 3
20 4 9 2 4 1 0
20 8 9 2 8 1 0
20 16 9 2 4 1 0
20 20 9 2 2 1 3
22 4 9 1 4 1 3
22 8 9 1 4 1 3
22 12 9 1 4 1 3
22 16 9 1 4 1 3
22 20 9 1 2 1 3
1 3 10 3 1 1 3
1 4 10 1 4 1 3
1 8 10 1 4 1 3
1 12 10 1 4 1 3
1 16 10 1 4 1 3
1 20 10 1 2 1 3
2 4 10 2 4 1 0
2 8 10 2 8 1 0
2 16 10 2 4 1 0
2 20 10 2 2 1 3
4 3 10 4 1 1 3
4 4 10 4 2 1 0
4 6 10 4 2 1 0
4 8 10 2 8 1 0
4 16 10 4 2 1 0
4 18 10 4 2 1 0
4 20 10 4 2 1 3
6 8 10 2 8 1 0
8 3 10 4 1 1 3
8 4 10 8 2 1 0
8 6 10 8 2 1 0
8 8 10 8 2 1 0
8 10 10 8 2 1 0
8 12 10 8 2 1 0
8 14 10 8 2 1 0
8 16 10 8 2 1 0
8 18 10 8 2 1 0
8 20 10 8 2 1 3
12 3 10 4 1 1 3
16 3 10 4 1 1 3
16 4 10 4 2 1 0
16 6 10 4 2 1 0
16 8 10 2 8 1 0
16 16 10 4 2 1 0
16 18 10 4 2 1 0
16 20 10 4 2 1 3
18 8 10 2 8 1 0
20 3 10 3 1 1 3
20 4 10 2 4 1 0
20 8 10 2 8 1 0
20 16 10 2 4 1 0
20 20 10 2 2 1 3
22 4 10 1 4 1 3
22 8 10 1 4 1 3
22 12 10 1 4 1 3
22 16 10 1 4 1 3
22 20 10 1 2 1 3
1 3 11 3 1 1 3
1 4 11 1 4 1 3
1 8 11 1 4 1 3
1 12 11 1 4 1 3
1 16 11 1 4 1 3
1 20 11 1 2 1 3
2 4 11 2 4 1 0
2 8 11 2 8 1 0
2 16 11 2 4 1 0
2 20 11 2 2 1 3
3 2 11 1 1 1 3
4 2 11 4 2 1 3
4 4 11 2 4 1 0
4 8 11 2 8 1 3
4 16 11 2 4 1 3
4 20 11 4 2 1 3
6 4 11 2 4 1 3
6 8 11 2 8 1 3
6 16 11 2 4 1 3
8 2 11 8 2 1 3
8 4 11 8 2 1 0
8 6 11 8 2 1 3
8 8 11 2 8 1 3
8 16 11 8 2 1 3
8 18 11 8 2 1 3
8 20 11 8 2 1 3
10 8 11 2 8 1 3
12 8 11 2 8 1 3
14 8 11 2 8 1 3
16 2 11 4 2 1 3
16 4 11 2 4 1 0
16 8 11 2 8 1 3
16 16 11 2 4 1 3
16 20 11 4 2 1 3
18 4 11 2 4 1 0
18 8 11 2 8 1 3
18 16 11 2 4 1 3
20 2 11 1 1 1 3
20 3 11 3 1 1 3
20 4 11 2 4 1 0
20 8 11 2 8 1 3
20 16 11 2 4 1 0
20 20 11 2 2 1 3
22 4 11 1 4 1 3
22 8 11 1 4 1 3
22 12 11 1 4 1 3
22 16 11 1 4 1 3
22 20 11 1 2 1 3
1 3 12 3 1 1 3
1 4 12 1 4 1 3
1 8 12 1 4 1 3
1 12 12 1 4 1 3
1 16 12 1 4 1 3
1 20 12 1 2 1 3
2 4 12 2 4 1 3
2 8 12 2 8 1 3
2 16 12 2 4 1 3
2 20 12 2 2 1 3
3 2 12 1 1 1 3
4 2 12 4 2 1 3
4 4 12 4 2 1 0
4 6 12 4 2 1 3
8 2 12 8 2 1 3
8 4 12 8 2 1 0
8 6 12 8 2 1 3
16 2 12 4 2 1 3
16 4 12 4 2 1 0
16 6 12 4 2 1 3
20 2 12 1 1 1 3
20 3 12 3 1 1 3
20 4 12 2 4 1 0
20 8 12 2 8 1 3
20 16 12 2 4 1 3
20 20 12 2 2 1 3
22 4 12 1 4 1 3
22 8 12 1 4 1 3
22 12 12 1 4 1 3
22 16 12 1 4 1 3
22 20 12 1 2 1 3
0 11 13 2 8 1 3
1 3 13 3 1 1 3
1 4 13 1 4 1 3
1 8 13 1 3 1 3
1 19 13 1 3 1 3
2 4 13 2 4 1 0
2 8 13 2 8 1 3
2 16 13 2 4 1 3
2 20 13 2 2 1 3
3 2 13 1 1 1 3
4 2 13 4 2 1 3
4 4 13 2 4 1 3
6 4 13 2 4 1 3
8 2 13 8 2 1 3
8 4 13 8 2 1 0
8 6 13 8 2 1 3
16 2 13 4 2 1 3
16 4 13 2 4 1 3
18 4 13 2 4 1 3
20 2 13 1 1 1 3
20 3 13 3 1 1 3
20 4 13 2 4 1 0
20 8 13 2 8 1 3
20 16 13 2 4 1 3
20 20 13 2 2 1 3
22 4 13 1 4 1 3
22 8 13 1 3 1 3
22 11 13 2 8 1 3
22 19 13 1 3 1 3
0 11 14 2 8 1 3
1 3 14 3 1 1 3
1 4 14 1 4 1 3
1 8 14 1 3 1 3
1 19 14 1 3 1 3
2 4 14 2 4 1 0
2 8 14 2 8 1 3
2 16 14 2 4 1 3
2 20 14 2 2 1 3
3 2 14 1 1 1 3
4 2 14 4 2 1 3
4 4 14 4 2 1 0
4 6 14 4 2 1 3
4 11 14 1 1 1 3
4 12 14 1 4 1 3
4 16 14 1 3 1 3
8 2 14 8 2 1 3
8 4 14 8 2 1 0
8 6 14 8 2 1 3
16 2 14 4 2 1 3
16 4 14 4 2 1 0
16 6 14 4 2 1 3
19 11 14 1 1 1 3
19 12 14 1 4 1 3
19 16 14 1 3 1 3
20 2 14 1 1 1 3
20 3 14 3 1 1 3
20 4 14 2 4 1 3
20 8 14 2 8 1 3
20 16 14 2 4 1 3
20 20 14 2 2 1 3
22 4 14 1 4 1 3
22 8 14 1 3 1 3
22 11 14 2 8 1 3
22 19 14 1 3 1 3
0 11 15 2 8 1 3
1 3 15 3 1 1 3
1 4 15 1 4 1 3
1 8 15 1 3 1 3
1 19 15 1 3 1 3
2 4 15 2 4 1 3
2 8 15 2 8 1 3
2 16 15 2 4 1 3
2 20 15 2 2 1 3
3 2 15 1 1 1 3
4 1 15 2 4 1 3
4 5 15 4 2 1 3
4 11 15 1 1 1 3
4 12 15 1 4 1 3
4 16 15 1 3 1 3
6 1 15 2 4 1 3
8 1 15 4 1 1 3
8 2 15 8 2 1 0
8 4 15 8 2 1 0
8 6 15 4 1 1 3
12 1 15 4 1 1 3
12 6 15 4 1 1 3
16 1 15 2 4 1 3
16 5 15 4 2 1 3
18 1 15 2 4 1 3
19 11 15 1 1 1 3
19 12 15 1 4 1 3
19 16 15 1 3 1 3
20 2 15 1 1 1 3
20 3 15 3 1 1 3
20 4 15 2 4 1 3
20 8 15 2 8 1 3
20 16 15 2 4 1 3
20 20 15 2 2 1 3
22 4 15 1 4 1 3
22 8 15 1 3 1 3
22 11 15 2 8 1 3
22 19 15 1 3 1 3
0 11 16 2 8 1 3
1 4 16 1 4 1 3
1 8 16 1 3 1 3
1 19 16 1 3 1 3
2 4 16 2 4 1 3
2 8 16 2 8 1 3
2 16 16 2 4 1 3
2 20 16 2 2 1 3
3 1 16 1 3 1 3
4 1 16 4 1 1 3
4 2 16 4 2 1 0
4 4 16 4 2 1 0
4 6 16 4 1 1 3
4 11 16 1 1 1 3
4 12 16 1 4 1 3
4 16 16 1 3 1 3
8 1 16 4 1 1 3
8 2 16 8 2 1 0
8 4 16 8 2 1 0
8 6 16 4 1 1 3
12 1 16 4 1 1 3
12 6 16 4 1 1 3
16 1 16 4 1 1 3
16 2 16 4 2 1 0
16 4 16 4 2 1 0
16 6 16 4 1 1 3
19 11 16 1 1 1 3
19 12 16 1 4 1 3
19 16 16 1 3 1 3
20 1 16 1 3 1 3
20 4 16 2 4 1 3
20 8 16 2 8 1 3
20 16 16 2 4 1 3
20 20 16 1 1 1 3
21 20 16 2 2 1 3
22 4 16 1 4 1 3
22 8 16 1 3 1 3
22 11 16 2 8 1 3
22 19 16 1 1 1 3
0 11 17 2 8 1 3
2 11 17 2 8 1 3
3 1 17 2 4 1 3
3 5 17 4 2 1 3
5 1 17 2 4 1 3
7 1 17 1 4 1 3
7 5 17 1 2 1 3
8 1 17 4 1 1 3
8 2 17 8 2 1 0
8 4 17 8 2 1 0
8 6 17 4 1 1 3
12 1 17 4 1 1 3
12 6 17 4 1 1 3
16 1 17 2 4 1 3
16 5 17 4 2 1 3
18 1 17 2 4 1 3
20 1 17 1 4 1 3
20 5 17 1 2 1 3
20 11 17 2 8 1 3
22 11 17 2 8 1 3
3 1 18 1 4 1 3
3 5 18 1 2 1 3
4 1 18 4 1 1 3
4 2 18 4 2 1 0
4 4 18 4 2 1 3
4 6 18 4 1 1 3
8 1 18 4 1 1 3
8 2 18 8 2 1 0
8 4 18 8 2 1 0
8 6 18 4 1 1 3
12 1 18 4 1 1 3
12 6 18 4 1 1 3
16 1 18 4 1 1 3
16 2 18 4 2 1 0
16 4 18 4 2 1 0
16 6 18 4 1 1 3
20 1 18 1 4 1 3
20 5 18 1 1 1 3
3 1 19 1 4 1 3
3 5 19 1 1 1 3
4 0 19 2 4 1 3
4 4 19 4 2 1 3
6 0 19 2 4 1 3
8 0 19 8 2 1 3
8 2 19 8 2 1 0
8 4 19 8 2 1 3
16 0 19 2 4 1 3
16 4 19 4 2 1 3
18 0 19 2 4 1 3
20 1 19 1 4 1 3
20 5 19 1 1 1 3
3 0 20 1 4 1 3
3 4 20 1 2 1 3
4 0 20 4 2 1 3
4 2 20 4 2 1 0
4 4 20 4 2 1 3
8 0 20 8 2 1 3
8 2 20 8 2 1 0
8 4 20 8 2 1 3
16 0 20 4 2 1 3
16 2 20 4 2 1 0
16 4 20 4 2 1 3
20 0 20 1 4 1 3
20 4 20 1 2 1 3
3 0 21 1 4 1 3
3 4 21 1 2 1 3
4 0 21 2 4 1 3
4 4 21 4 2 1 3
6 0 21 2 4 1 3
8 0 21 8 2 1 3
8 2 21 8 2 1 0
8 4 21 8 2 1 3
16 0 21 2 4 1 3
16 4 21 4 2 1 3
18 0 21 2 4 1 3
20 0 21 1 4 1 3
20 4 21 1 2 1 3
3 0 22 1 4 1 3
3 4 22 1 2 1 3
4 0 22 4 2 1 3
4 2 22 4 2 1 0
4 4 22 4 2 1 3
8 0 22 8 2 1 3
8 2 22 8 2 1 0
8 4 22 8 2 1 3
16 0 22 4 2 1 3
16 2 22 4 2 1 0
16 4 22 4 2 1 3
20 0 22 1 4 1 3
20 4 22 1 1 1 3
3 0 23 1 4 1 3
3 4 23 1 1 1 3
4 0 23 2 4 1 3
4 4 23 4 1 1 3
6 0 23 2 4 1 3
8 0 23 8 2 1 3
8 2 23 8 2 1 0
8 4 23 4 1 1 3
12 4 23 4 1 1 3
16 0 23 2 4 1 3
16 4 23 4 1 1 3
18 0 23 2 4 1 3
20 0 23 1 4 1 3
20 4 23 1 1 1 3
3 0 24 1 4 1 3
4 0 24 4 2 1 3
4 2 24 4 2 1 3
4 4 24 4 1 1 3
8 0 24 8 2 1 3
8 2 24 8 2 1 3
8 4 24 4 1 1 3
12 4 24 4 1 1 3
16 0 24 4 2 1 3
16 2 24 4 2 1 3
16 4 24 4 1 1 3
20 0 24 1 4 1 3
