X Y Z sizeX sizeY sizeZ
4 4 0 2 2 1
4 18 0 2 2 1
1 4 0 2 2 1
1 17 0 2 2 1
4 6 0 2 1 1
4 17 0 2 1 1
1 6 0 2 1 1
1 19 0 2 1 1
4 4 1 2 2 1
4 18 1 2 2 1
1 5 1 2 2 1
1 17 1 2 2 1
1 19 1 1 1 1
2 4 1 1 1 1
2 19 1 1 1 1
4 6 1 1 1 1
4 17 1 1 1 1
5 6 1 1 1 1
5 17 1 1 1 1
4 6 2 2 2 1
4 18 2 2 2 1
1 5 2 2 2 1
1 18 2 2 2 1
4 5 2 2 1 1
1 7 2 2 1 1
4 6 3 2 2 1
4 18 3 2 2 1
1 5 3 2 2 1
1 17 3 2 2 1
1 7 3 1 1 1
1 19 3 1 1 1
2 7 3 1 1 1
2 19 3 1 1 1
4 5 3 1 1 1
4 17 3 1 1 1
5 5 3 1 1 1
5 17 3 1 1 1
4 6 4 2 2 1
4 18 4 2 2 1
1 5 4 2 2 1
1 17 4 2 2 1
4 5 4 2 1 1
4 17 4 2 1 1
1 7 4 2 1 1
1 19 4 2 1 1
1 16 5 2 4 1
4 6 5 2 2 1
4 18 5 2 2 1
1 5 5 2 2 1
4 16 5 1 2 1
1 7 5 1 1 1
2 7 5 1 1 1
4 5 5 1 1 1
5 5 5 1 1 1
5 17 5 1 1 1
4 6 6 2 2 1
4 16 6 2 2 1
4 18 6 2 2 1
0 5 6 2 2 1
0 17 6 2 2 1
4 5 6 3 1 1
1 7 6 2 1 1
1 16 6 2 1 1
1 19 6 2 1 1
2 5 6 1 1 1
2 6 6 1 1 1
2 17 6 1 1 1
2 18 6 1 1 1
6 6 6 1 1 1
6 17 6 1 1 1
6 18 6 1 1 1
1 15 7 2 4 1
4 15 7 2 4 1
2 8 7 2 2 1
4 6 7 2 2 1
0 5 7 2 2 1
0 16 7 1 3 1
2 5 7 1 3 1
4 8 7 1 3 1
6 16 7 1 3 1
6 5 7 1 2 1
1 7 7 1 1 1
1 19 7 1 1 1
2 10 7 1 1 1
2 19 7 1 1 1
3 10 7 1 1 1
4 5 7 1 1 1
5 5 7 1 1 1
5 19 7 1 1 1
0 6 8 4 2 1
0 16 8 4 2 1
1 8 8 4 2 1
1 10 8 4 2 1
2 12 8 2 2 1
2 14 8 2 2 1
4 4 8 2 2 1
4 6 8 2 2 1
4 16 8 2 2 1
4 18 8 2 2 1
1 4 8 2 2 1
1 18 8 2 2 1
4 15 8 2 1 1
0 5 8 1 1 1
0 18 8 1 1 1
1 15 8 1 1 1
3 5 8 1 1 1
3 18 8 1 1 1
4 12 8 1 1 1
4 13 8 1 1 1
4 14 8 1 1 1
5 8 8 1 1 1
5 9 8 1 1 1
5 10 8 1 1 1
5 11 8 1 1 1
6 5 8 1 1 1
6 6 8 1 1 1
6 7 8 1 1 1
6 16 8 1 1 1
6 17 8 1 1 1
6 18 8 1 1 1
2 8 9 2 8 1
4 8 9 2 8 1
2 4 9 2 4 1
4 4 9 2 4 1
4 16 9 2 4 1
1 16 9 2 4 1
0 6 9 2 2 1
1 8 9 1 4 1
1 12 9 1 4 1
0 16 9 1 3 1
3 16 9 1 3 1
6 5 9 1 3 1
6 16 9 1 3 1
1 4 9 1 2 1
0 5 9 1 1 1
0 9 9 1 1 1
6 9 9 1 1 1
0 4 10 4 2 1
0 6 10 4 2 1
0 8 10 4 2 1
0 16 10 4 2 1
1 10 10 4 2 1
1 12 10 4 2 1
1 14 10 4 2 1
1 18 10 4 2 1
4 4 10 2 2 1
4 6 10 2 2 1
4 8 10 2 2 1
4 16 10 2 2 1
5 10 10 2 1 1
5 15 10 2 1 1
5 18 10 2 1 1
0 10 10 1 1 1
0 15 10 1 1 1
0 18 10 1 1 1
5 11 10 1 1 1
5 12 10 1 1 1
5 13 10 1 1 1
5 14 10 1 1 1
5 19 10 1 1 1
6 4 10 1 1 1
6 5 10 1 1 1
6 6 10 1 1 1
6 7 10 1 1 1
6 8 10 1 1 1
6 9 10 1 1 1
6 16 10 1 1 1
6 17 10 1 1 1
0 8 11 2 8 1
2 8 11 2 8 1
4 8 11 2 8 1
0 4 11 2 4 1
2 4 11 2 4 1
2 16 11 2 4 1
4 4 11 2 4 1
4 16 11 2 4 1
0 16 11 2 2 1
6 4 11 1 4 1
6 8 11 1 4 1
6 12 11 1 4 1
6 16 11 1 3 1
1 18 11 1 2 1
0 18 11 1 1 1
2 3 11 1 1 1
3 3 11 1 1 1
4 3 11 1 1 1
0 4 12 4 2 1
0 6 12 4 2 1
0 8 12 4 2 1
0 10 12 4 2 1
0 12 12 4 2 1
0 14 12 4 2 1
0 16 12 4 2 1
1 18 12 4 2 1
4 4 12 2 2 1
4 6 12 2 2 1
4 8 12 2 2 1
4 10 12 2 2 1
4 12 12 2 2 1
4 14 12 2 2 1
4 16 12 2 2 1
2 3 12 3 1 1
5 18 12 2 1 1
0 18 12 1 1 1
5 19 12 1 1 1
6 4 12 1 1 1
6 5 12 1 1 1
6 6 12 1 1 1
6 7 12 1 1 1
6 8 12 1 1 1
6 9 12 1 1 1
6 10 12 1 1 1
6 11 12 1 1 1
6 12 12 1 1 1
6 13 12 1 1 1
6 14 12 1 1 1
6 15 12 1 1 1
6 16 12 1 1 1
6 17 12 1 1 1
0 8 13 2 8 1
2 8 13 2 8 1
4 8 13 2 8 1
0 4 13 2 4 1
2 4 13 2 4 1
2 16 13 2 4 1
4 4 13 2 4 1
0 16 13 2 2 1
4 16 13 2 2 1
6 4 13 1 4 1
6 8 13 1 4 1
6 12 13 1 4 1
6 16 13 1 3 1
1 18 13 1 2 1
4 18 13 1 2 1
0 18 13 1 1 1
2 3 13 1 1 1
3 3 13 1 1 1
4 3 13 1 1 1
5 18 13 1 1 1
0 6 14 4 2 1
0 8 14 4 2 1
0 10 14 4 2 1
0 12 14 4 2 1
0 16 14 4 2 1
1 4 14 4 2 1
1 14 14 4 2 1
2 18 14 2 2 1
4 6 14 2 2 1
4 8 14 2 2 1
4 10 14 2 2 1
4 12 14 2 2 1
4 16 14 2 2 1
2 3 14 3 1 1
2 20 14 3 1 1
4 18 14 2 1 1
5 5 14 2 1 1
5 15 14 2 1 1
0 5 14 1 1 1
0 15 14 1 1 1
1 18 14 1 1 1
4 19 14 1 1 1
5 4 14 1 1 1
5 14 14 1 1 1
6 6 14 1 1 1
6 7 14 1 1 1
6 8 14 1 1 1
6 9 14 1 1 1
6 10 14 1 1 1
6 11 14 1 1 1
6 12 14 1 1 1
6 13 14 1 1 1
6 16 14 1 1 1
6 17 14 1 1 1
2 8 15 2 8 1
4 8 15 2 8 1
2 4 15 2 4 1
2 16 15 2 4 1
4 4 15 2 4 1
0 6 15 2 4 1
4 16 15 2 2 1
1 12 15 1 4 1
6 6 15 1 4 1
1 3 15 1 3 1
4 18 15 1 3 1
1 10 15 1 2 1
1 16 15 1 2 1
0 10 15 1 1 1
2 3 15 1 1 1
2 20 15 1 1 1
3 3 15 1 1 1
3 20 15 1 1 1
4 3 15 1 1 1
5 3 15 1 1 1
6 10 15 1 1 1
1 3 16 4 2 1
1 5 16 4 2 1
1 7 16 4 2 1
1 9 16 4 2 1
1 11 16 4 2 1
2 14 16 2 2 1
2 16 16 2 2 1
2 18 16 2 2 1
1 13 16 4 1 1
2 2 16 3 1 1
2 20 16 3 1 1
4 14 16 1 1 1
4 15 16 1 1 1
4 16 16 1 1 1
4 17 16 1 1 1
4 18 16 1 1 1
4 19 16 1 1 1
5 3 16 1 1 1
5 4 16 1 1 1
5 5 16 1 1 1
5 6 16 1 1 1
5 7 16 1 1 1
5 8 16 1 1 1
5 9 16 1 1 1
5 10 16 1 1 1
5 11 16 1 1 1
5 12 16 1 1 1
2 1 17 2 8 1
2 16 17 2 4 1
4 4 17 2 4 1
4 2 17 2 2 1
1 4 17 1 4 1
4 16 17 1 4 1
1 2 17 1 2 1
4 8 17 1 2 1
3 9 17 1 2 1
1 8 17 1 1 1
2 9 17 1 1 1
2 15 17 1 1 1
2 20 17 1 1 1
3 15 17 1 1 1
3 20 17 1 1 1
4 1 17 1 1 1
4 15 17 1 1 1
4 20 17 1 1 1
5 8 17 1 1 1
1 2 18 4 2 1
1 4 18 4 2 1
1 6 18 4 2 1
2 0 18 2 2 1
2 16 18 2 2 1
2 18 18 2 2 1
2 8 18 3 1 1
2 15 18 3 1 1
2 20 18 3 1 1
4 0 18 1 1 1
4 1 18 1 1 1
4 16 18 1 1 1
4 17 18 1 1 1
4 18 18 1 1 1
4 19 18 1 1 1
5 2 18 1 1 1
5 3 18 1 1 1
5 4 18 1 1 1
5 5 18 1 1 1
5 6 18 1 1 1
5 7 18 1 1 1
2 0 19 2 8 1
2 16 19 2 4 1
4 2 19 2 4 1
4 16 19 1 4 1
1 2 19 1 4 1
4 0 19 1 2 1
4 6 19 1 2 1
1 6 19 1 1 1
2 15 19 1 1 1
3 15 19 1 1 1
4 15 19 1 1 1
5 6 19 1 1 1
1 2 20 4 2 1
1 4 20 4 2 1
2 6 20 2 2 1
2 16 20 2 2 1
2 1 20 3 1 1
2 18 20 3 1 1
4 6 20 2 1 1
1 6 20 1 1 1
3 19 20 1 1 1
4 7 20 1 1 1
4 16 20 1 1 1
4 17 20 1 1 1
5 2 20 1 1 1
5 3 20 1 1 1
5 4 20 1 1 1
5 5 20 1 1 1
1 2 21 2 4 1
3 2 21 2 4 1
5 2 21 1 4 1
1 6 21 1 1 1
2 6 21 1 1 1
3 6 21 1 1 1
4 6 21 1 1 1
5 6 21 1 1 1
1 3 22 4 2 1
3 5 22 2 2 1
2 2 22 3 1 1
1 5 22 2 1 1
5 3 22 1 1 1
5 4 22 1 1 1
5 5 22 1 1 1
1 3 23 2 2 1
4 3 23 2 2 1
