1 0 0 4 2 1 0
1 2 0 1 1 1 0
1 12 0 4 2 1 0
1 14 0 4 1 1 0
2 2 0 4 2 1 0
2 11 0 3 1 1 0
5 0 0 2 2 1 0
5 11 0 2 4 1 0
6 2 0 1 2 1 0
17 6 0 1 1 1 0
17 8 0 2 1 1 0
18 6 0 8 2 1 0
19 4 0 8 2 1 0
19 8 0 8 2 1 0
19 10 0 1 1 1 0
20 3 0 2 1 1 2
20 10 0 4 2 1 0
21 2 0 1 1 1 2
21 12 0 3 1 1 2
22 2 0 2 2 1 2
24 2 0 8 2 1 2
24 10 0 8 2 1 0
24 12 0 4 1 1 2
26 6 0 4 2 1 0
27 4 0 4 2 1 0
27 8 0 4 2 1 0
28 12 0 1 1 1 2
29 1 0 3 1 1 2
29 12 0 8 2 1 2
30 6 0 1 2 1 0
31 4 0 1 1 1 0
32 1 0 4 1 1 2
32 2 0 8 2 1 2
32 4 0 4 1 1 2
32 10 0 8 2 1 2
36 1 0 3 1 1 2
36 4 0 4 1 1 2
37 12 0 2 2 1 2
39 12 0 1 1 1 2
40 2 0 8 2 1 0
40 10 0 8 2 1 0
40 12 0 4 1 1 0
44 1 0 4 1 1 0
44 4 0 1 1 1 0
44 12 0 4 2 1 0
45 4 0 4 2 1 0
45 9 0 3 1 1 0
48 1 0 2 1 1 0
48 2 0 2 2 1 0
48 9 0 2 4 1 0
48 13 0 2 1 1 0
49 4 0 1 2 1 0
1 1 1 1 3 1 0
1 11 1 1 3 1 0
2 1 1 1 1 1 0
2 2 1 2 2 1 0
2 11 1 2 4 1 0
3 0 1 1 2 1 0
4 0 1 2 4 1 0
4 11 1 2 4 1 0
6 2 1 1 1 1 0
6 12 1 1 1 1 0
16 6 1 2 2 1 0
16 8 1 1 1 1 0
17 5 1 1 1 1 0
17 8 1 1 2 1 0
18 3 1 2 8 1 0
18 11 1 2 1 1 2
20 2 1 2 8 1 2
20 10 1 4 2 1 2
20 12 1 4 1 1 2
22 2 1 2 8 1 2
24 2 1 2 8 1 2
24 10 1 8 2 1 0
24 12 1 2 1 1 2
26 1 1 2 8 1 2
26 9 1 2 1 1 0
26 12 1 8 2 1 2
28 1 1 2 8 1 2
28 9 1 4 1 1 0
30 1 1 2 8 1 0
32 1 1 4 1 1 2
32 2 1 8 2 1 2
32 4 1 1 4 1 0
32 8 1 1 2 1 0
32 10 1 2 2 1 2
33 4 1 4 1 1 2
34 10 1 4 1 1 0
34 11 1 8 2 1 2
34 13 1 4 1 1 2
36 1 1 3 1 1 2
37 4 1 1 1 1 2
38 13 1 1 1 1 2
40 2 1 8 2 1 0
42 11 1 8 2 1 0
44 4 1 2 1 1 0
44 10 1 2 1 1 0
45 1 1 4 1 1 0
45 13 1 4 1 1 0
46 4 1 2 2 1 0
46 9 1 2 2 1 0
48 2 1 2 2 1 0
48 4 1 2 1 1 0
48 10 1 2 1 1 0
1 1 2 4 2 1 0
1 3 2 3 1 1 0
1 11 2 3 1 1 0
1 12 2 4 2 1 0
15 6 2 1 3 1 0
16 4 2 8 2 1 0
16 6 2 8 2 1 0
16 8 2 8 2 1 0
16 10 2 2 1 1 0
17 3 2 1 1 1 0
17 11 2 1 1 1 0
18 2 2 2 2 1 0
18 10 2 2 2 1 0
18 12 2 4 1 1 2
20 2 2 4 2 1 2
20 10 2 4 2 1 0
22 1 2 2 1 1 2
22 12 2 2 2 1 2
24 1 2 4 1 1 2
24 2 2 8 2 1 0
24 4 2 8 2 1 0
24 6 2 8 2 1 0
24 8 2 8 2 1 0
24 10 2 8 2 1 0
24 12 2 8 2 1 2
28 1 2 4 1 1 2
32 1 2 4 1 1 2
32 2 2 8 2 1 2
32 4 2 2 2 1 0
32 6 2 2 1 1 0
32 7 2 1 1 1 0
32 8 2 2 2 1 0
32 10 2 3 1 1 0
32 11 2 8 2 1 2
32 13 2 4 1 1 2
34 4 2 1 1 1 0
36 1 2 2 1 1 2
36 13 2 2 1 1 2
40 2 2 2 2 1 2
40 11 2 2 2 1 2
42 3 2 1 1 1 2
42 11 2 1 1 1 0
46 3 2 3 1 1 0
46 11 2 3 1 1 0
47 2 2 1 1 1 0
47 4 2 1 1 1 0
47 10 2 1 1 1 0
47 12 2 1 1 1 0
0 2 3 1 1 1 0
0 12 3 1 1 1 0
1 1 3 1 3 1 0
1 11 3 1 3 1 0
2 1 3 2 1 1 0
2 2 3 2 2 1 0
2 11 3 2 1 1 0
2 12 3 2 2 1 0
14 7 3 1 1 1 0
15 5 3 1 4 1 0
15 9 3 1 1 1 0
16 3 3 2 8 1 0
16 11 3 1 1 1 2
17 2 3 1 1 1 0
17 11 3 2 2 1 2
18 2 3 2 8 1 2
18 10 3 1 1 1 0
19 1 3 1 1 1 2
19 10 3 2 4 1 2
20 1 3 2 8 1 2
20 9 3 1 1 1 0
21 9 3 2 4 1 0
21 13 3 3 1 1 2
22 1 3 2 8 1 2
23 9 3 1 4 1 0
24 1 3 2 8 1 2
24 9 3 4 1 1 0
24 10 3 8 2 1 0
24 12 3 8 2 1 2
26 1 3 2 8 1 2
28 1 3 2 8 1 2
28 9 3 4 1 1 0
30 1 3 2 8 1 2
32 1 3 2 8 1 0
32 9 3 2 4 1 0
32 13 3 4 1 1 2
34 1 3 2 1 1 2
34 2 3 4 2 1 2
34 6 3 1 3 1 0
34 11 3 4 2 1 2
38 2 3 1 2 1 2
38 11 3 1 2 1 2
0 2 4 4 2 1 0
0 11 4 4 2 1 0
1 1 4 3 1 1 0
1 13 4 3 1 1 0
14 5 4 2 4 1 0
14 9 4 2 1 1 0
15 4 4 1 1 1 0
15 10 4 1 1 1 0
16 2 4 8 2 1 2
16 4 4 8 2 1 0
16 6 4 8 2 1 0
16 8 4 8 2 1 0
16 10 4 8 2 1 2
16 12 4 2 1 1 2
18 1 4 2 1 1 2
18 12 4 2 2 1 2
20 1 4 4 1 1 2
20 12 4 4 2 1 2
24 1 4 4 1 1 2
24 2 4 8 2 1 0
24 4 4 8 2 1 0
24 6 4 8 2 1 0
24 8 4 8 2 1 0
24 10 4 8 2 1 0
24 12 4 8 2 1 2
28 1 4 4 1 1 2
32 1 4 2 8 1 0
32 9 4 2 1 1 0
32 10 4 2 2 1 0
32 12 4 4 2 1 2
33 0 4 1 1 1 2
33 14 4 1 1 1 2
34 1 4 3 1 1 2
34 2 4 4 2 1 2
34 4 4 1 2 1 0
34 6 4 2 2 1 0
34 8 4 1 4 1 0
35 8 4 1 1 1 0
35 11 4 1 1 1 2
36 7 4 1 1 1 0
36 11 4 2 2 1 2
36 13 4 1 1 1 2
38 2 4 1 1 1 2
38 12 4 1 1 1 2
0 2 5 4 2 1 0
0 11 5 4 2 1 0
1 1 5 3 1 1 2
1 13 5 3 1 1 2
13 6 5 2 2 1 0
13 8 5 1 1 1 0
14 4 5 1 2 1 0
14 8 5 1 3 1 0
15 3 5 2 8 1 2
15 11 5 2 1 1 2
16 1 5 1 2 1 2
16 12 5 8 2 1 2
17 1 5 2 8 1 2
17 9 5 1 3 1 0
18 9 5 1 1 1 0
18 10 5 2 2 1 0
19 0 5 1 4 1 2
19 4 5 1 4 1 0
19 8 5 1 2 1 0
19 14 5 3 1 1 2
20 0 5 2 8 1 2
20 8 5 2 4 1 0
22 1 5 2 8 1 2
22 9 5 2 1 1 0
22 10 5 2 2 1 0
24 1 5 2 8 1 2
24 9 5 4 1 1 0
24 10 5 8 2 1 0
24 12 5 8 2 1 2
26 1 5 2 8 1 2
28 1 5 2 8 1 2
28 9 5 4 1 1 0
30 1 5 2 8 1 2
32 0 5 2 8 1 2
32 8 5 2 4 1 0
32 12 5 2 2 1 0
32 14 5 2 1 1 2
34 1 5 2 8 1 0
34 9 5 2 4 1 0
34 13 5 3 1 1 2
36 1 5 1 1 1 2
36 2 5 2 2 1 2
36 5 5 2 4 1 0
36 9 5 2 1 1 0
36 11 5 2 2 1 2
38 2 5 1 1 1 2
38 7 5 1 1 1 0
38 12 5 1 1 1 2
0 1 6 4 1 1 2
0 2 6 4 2 1 0
0 11 6 4 1 1 0
0 12 6 4 2 1 2
12 6 6 2 2 1 0
12 8 6 2 1 1 0
13 5 6 1 1 1 0
13 9 6 1 1 1 0
14 3 6 2 8 1 0
14 11 6 2 1 1 2
15 2 6 1 1 1 2
15 12 6 1 1 1 2
16 1 6 4 1 1 2
16 2 6 8 2 1 0
16 4 6 8 2 1 0
16 6 6 8 2 1 0
16 8 6 8 2 1 0
16 10 6 8 2 1 0
16 12 6 8 2 1 2
19 0 6 1 1 1 2
19 14 6 3 1 1 2
20 0 6 2 2 1 2
22 1 6 2 1 1 2
24 1 6 4 1 1 2
24 2 6 8 2 1 0
24 4 6 8 2 1 0
24 6 6 8 2 1 0
24 8 6 8 2 1 0
24 10 6 8 2 1 0
24 12 6 8 2 1 2
28 1 6 4 1 1 2
32 0 6 1 1 1 2
32 1 6 4 1 1 2
32 2 6 4 2 1 0
32 4 6 4 2 1 0
32 6 6 8 2 1 0
32 8 6 8 2 1 0
32 10 6 4 2 1 0
32 12 6 4 2 1 2
32 14 6 1 1 1 2
36 1 6 1 1 1 2
36 2 6 2 4 1 0
36 10 6 2 2 1 2
36 12 6 3 1 1 2
36 13 6 1 1 1 2
38 2 6 1 2 1 2
38 5 6 2 1 1 0
40 6 6 1 3 1 0
0 2 7 4 2 1 2
0 11 7 4 2 1 2
1 1 7 4 1 1 2
1 13 7 4 1 1 2
4 2 7 1 1 1 2
4 12 7 1 1 1 2
11 6 7 1 3 1 0
12 5 7 2 4 1 0
12 9 7 1 1 1 0
13 4 7 1 1 1 0
13 9 7 1 2 1 0
14 3 7 2 8 1 2
14 11 7 1 1 1 2
15 2 7 1 1 1 2
15 11 7 1 2 1 2
16 1 7 2 8 1 2
16 9 7 4 1 1 0
16 10 7 8 2 1 0
16 12 7 8 2 1 2
18 1 7 2 8 1 2
20 1 7 2 8 1 2
20 9 7 4 1 1 0
22 1 7 2 8 1 2
24 1 7 2 8 1 2
24 9 7 4 1 1 0
24 10 7 8 2 1 0
24 12 7 8 2 1 2
26 1 7 2 8 1 2
28 1 7 2 8 1 2
28 9 7 4 1 1 0
30 1 7 2 8 1 2
32 1 7 2 8 1 2
32 9 7 2 4 1 0
32 13 7 4 1 1 2
34 1 7 2 8 1 2
34 9 7 2 4 1 0
36 1 7 1 1 1 2
36 2 7 2 8 1 2
36 10 7 2 2 1 2
36 12 7 1 2 1 2
37 12 7 1 1 1 2
38 4 7 2 4 1 0
38 8 7 4 2 1 0
38 10 7 4 1 1 2
40 4 7 2 4 1 2
42 5 7 2 4 1 2
42 9 7 2 1 1 2
44 6 7 1 1 1 2
44 8 7 1 1 1 2
0 2 8 1 1 1 2
0 12 8 1 1 1 2
1 1 8 4 2 1 2
1 3 8 4 1 1 0
1 11 8 4 2 1 0
1 13 8 4 1 1 2
2 4 8 1 1 1 0
2 10 8 1 1 1 0
5 1 8 1 2 1 2
5 12 8 1 2 1 2
11 5 8 2 4 1 0
11 9 8 2 1 1 0
12 4 8 1 1 1 0
12 10 8 1 1 1 0
13 3 8 2 8 1 2
13 11 8 1 1 1 2
14 2 8 2 1 1 2
14 11 8 2 2 1 2
15 3 8 1 1 1 0
15 4 8 1 4 1 0
15 8 8 1 3 1 0
16 1 8 4 1 1 2
16 2 8 8 2 1 0
16 4 8 8 2 1 0
16 6 8 8 2 1 0
16 8 8 8 2 1 0
16 10 8 8 2 1 0
16 12 8 8 2 1 2
20 1 8 4 1 1 2
24 1 8 4 1 1 2
24 2 8 8 2 1 2
24 4 8 8 2 1 0
24 6 8 8 2 1 0
24 8 8 8 2 1 0
24 10 8 8 2 1 0
24 12 8 4 2 1 2
28 1 8 2 1 1 2
28 12 8 2 2 1 2
30 12 8 2 1 1 2
31 1 8 1 1 1 6
31 13 8 1 1 1 2
32 1 8 4 1 1 6
32 2 8 4 2 1 0
32 4 8 8 2 1 2
32 6 8 8 2 1 0
32 8 8 8 2 1 0
32 10 8 4 2 1 0
32 12 8 4 2 1 6
36 1 8 1 1 1 6
36 2 8 2 2 1 2
36 10 8 2 2 1 0
36 12 8 2 1 1 2
36 13 8 1 1 1 6
38 3 8 1 1 1 2
38 10 8 2 1 1 2
38 11 8 1 1 1 2
40 4 8 4 2 1 2
40 6 8 4 2 1 0
40 8 8 4 2 1 0
40 10 8 4 1 1 2
44 5 8 1 4 1 2
44 9 8 1 1 1 2
1 2 9 1 2 1 2
1 11 9 1 2 1 2
2 1 9 2 4 1 0
2 10 9 2 4 1 2
4 1 9 3 1 1 2
4 2 9 2 2 1 0
4 11 9 2 1 1 0
4 12 9 2 2 1 2
6 2 9 1 1 1 2
6 12 9 1 2 1 2
10 5 9 2 4 1 0
10 9 9 1 1 1 0
11 4 9 1 1 1 0
11 9 9 1 2 1 0
12 3 9 2 8 1 2
12 11 9 2 1 1 2
13 2 9 1 1 1 2
13 12 9 3 1 1 2
14 2 9 2 8 1 2
14 10 9 2 2 1 0
16 1 9 2 8 1 2
16 9 9 4 1 1 0
16 10 9 8 2 1 0
16 12 9 8 2 1 2
18 1 9 2 8 1 2
20 1 9 2 8 1 2
20 9 9 4 1 1 0
22 1 9 2 8 1 2
24 1 9 2 8 1 2
24 9 9 4 1 1 0
24 10 9 8 2 1 0
24 12 9 4 2 1 2
26 1 9 2 8 1 2
28 2 9 2 8 1 2
28 12 9 4 1 1 2
30 2 9 2 8 1 2
31 1 9 1 1 1 6
31 13 9 1 1 1 2
32 1 9 2 8 1 6
32 9 9 2 4 1 0
32 13 9 4 1 1 6
34 1 9 2 8 1 6
34 9 9 2 4 1 0
36 1 9 1 1 1 6
36 2 9 2 8 1 2
36 10 9 2 2 1 0
36 12 9 1 2 1 6
37 12 9 1 1 1 6
38 3 9 2 8 1 2
38 11 9 2 1 1 2
40 4 9 2 4 1 2
40 8 9 4 2 1 0
40 10 9 4 1 1 2
42 4 9 2 4 1 2
44 5 9 2 4 1 2
44 9 9 2 1 1 2
1 2 10 1 1 1 2
1 12 10 1 1 1 2
2 1 10 4 2 1 2
2 3 10 2 2 1 0
2 10 10 2 1 1 0
2 11 10 4 2 1 0
2 13 10 2 1 1 2
4 0 10 2 1 1 2
4 3 10 3 1 1 0
4 13 10 2 2 1 2
6 1 10 1 2 1 2
6 11 10 1 3 1 0
10 4 10 1 4 1 0
10 8 10 1 3 1 0
11 3 10 2 8 1 2
11 11 10 1 1 1 2
12 2 10 1 1 1 2
12 11 10 4 2 1 2
13 2 10 2 8 1 2
13 10 10 3 1 1 0
15 2 10 1 2 1 2
15 4 10 1 4 1 0
15 8 10 1 2 1 0
16 1 10 4 1 1 2
16 2 10 8 2 1 0
16 4 10 8 2 1 0
16 6 10 8 2 1 0
16 8 10 8 2 1 0
16 10 10 8 2 1 0
16 12 10 8 2 1 2
20 1 10 4 1 1 2
24 1 10 1 1 1 2
24 2 10 8 2 1 2
24 4 10 8 2 1 0
24 6 10 8 2 1 0
24 8 10 8 2 1 0
24 10 10 8 2 1 0
24 12 10 4 1 1 2
24 13 10 1 1 1 2
28 12 10 4 1 1 2
31 1 10 1 1 1 6
31 13 10 1 1 1 2
32 1 10 4 1 1 6
32 2 10 4 2 1 0
32 4 10 8 2 1 0
32 6 10 8 2 1 0
32 8 10 8 2 1 0
32 10 10 8 2 1 2
32 12 10 4 2 1 6
36 1 10 1 1 1 6
36 2 10 2 2 1 2
36 12 10 2 1 1 6
36 13 10 1 1 1 6
38 3 10 3 1 1 2
40 4 10 4 2 1 2
40 6 10 4 2 1 0
40 8 10 4 2 1 0
40 10 10 4 1 1 2
40 11 10 1 1 1 2
44 4 10 1 1 1 2
44 5 10 2 4 1 2
44 9 10 2 1 1 2
44 10 10 1 1 1 2
1 2 11 1 1 1 2
1 12 11 1 1 1 2
2 1 11 2 4 1 0
2 10 11 2 4 1 2
3 0 11 1 1 1 2
3 14 11 1 1 1 2
4 0 11 2 4 1 2
4 4 11 1 1 1 0
4 10 11 1 1 1 0
4 11 11 2 4 1 2
6 0 11 1 2 1 2
6 2 11 2 2 1 2
6 11 11 2 1 1 0
6 12 11 2 2 1 0
6 14 11 1 1 1 2
7 1 11 1 1 1 2
9 5 11 1 4 1 0
9 9 11 1 1 1 0
10 3 11 2 8 1 0
10 11 11 2 1 1 2
12 2 11 2 8 1 2
12 10 11 4 2 1 0
12 12 11 3 1 1 2
14 2 11 2 8 1 2
15 1 11 1 1 1 2
15 12 11 4 2 1 2
16 1 11 2 8 1 2
16 9 11 2 1 1 0
16 10 11 8 2 1 0
18 1 11 1 1 1 2
18 2 11 2 8 1 2
19 12 11 1 1 1 2
20 2 11 2 8 1 2
20 12 11 4 1 1 2
22 2 11 2 8 1 2
24 2 11 2 8 1 2
24 10 11 2 2 1 0
24 12 11 3 1 1 2
26 2 11 1 1 1 2
26 3 11 2 8 1 2
26 11 11 4 1 1 2
28 3 11 2 8 1 2
30 2 11 2 8 1 2
30 10 11 8 2 1 6
30 12 11 1 1 1 2
31 1 11 1 1 1 6
31 12 11 1 2 1 2
32 1 11 2 8 1 6
32 9 11 4 1 1 0
32 12 11 4 2 1 6
34 1 11 2 8 1 6
36 2 11 2 8 1 2
36 12 11 2 1 1 6
38 3 11 2 8 1 2
38 11 11 3 1 1 2
40 3 11 1 1 1 2
40 4 11 2 4 1 2
40 8 11 4 2 1 0
40 10 11 4 1 1 6
42 4 11 2 4 1 6
44 4 11 1 2 1 2
44 6 11 2 2 1 6
44 8 11 1 3 1 2
45 8 11 1 1 1 6
1 2 12 1 2 1 2
1 11 12 1 2 1 2
2 1 12 1 1 1 2
2 2 12 2 2 1 0
2 4 12 4 1 1 0
2 10 12 4 2 1 0
2 12 12 2 2 1 2
3 0 12 4 2 1 2
3 14 12 4 1 1 2
4 2 12 4 2 1 2
4 12 12 4 2 1 2
6 11 12 2 1 1 0
7 1 12 1 1 1 2
8 6 12 8 2 1 0
8 8 12 1 1 1 0
9 4 12 1 2 1 0
9 8 12 1 3 1 0
10 2 12 8 2 1 2
10 4 12 2 2 1 0
10 8 12 2 4 1 2
10 12 12 2 1 1 2
12 4 12 4 2 1 0
12 8 12 4 2 1 0
12 10 12 4 2 1 0
12 12 12 4 1 1 2
15 1 12 3 1 1 2
15 13 12 1 1 1 2
16 4 12 8 2 1 0
16 6 12 8 2 1 0
16 8 12 8 2 1 0
16 10 12 8 2 1 2
16 12 12 2 2 1 2
18 2 12 4 2 1 2
18 12 12 4 1 1 2
22 2 12 1 1 1 2
22 3 12 2 1 1 2
22 12 12 1 1 1 2
24 3 12 4 1 1 2
24 4 12 8 2 1 2
24 6 12 8 2 1 2
24 8 12 8 2 1 2
24 10 12 4 2 1 2
28 10 12 2 1 1 2
30 2 12 2 2 1 2
30 10 12 8 2 1 6
30 12 12 2 1 1 2
31 1 12 1 1 1 6
31 13 12 1 1 1 2
32 1 12 4 1 1 6
32 2 12 4 2 1 6
32 4 12 8 2 1 2
32 6 12 8 2 1 0
32 8 12 8 2 1 0
32 12 12 4 2 1 6
36 2 12 1 1 1 6
36 3 12 2 1 1 2
36 12 12 1 1 1 6
38 10 12 2 1 1 2
39 3 12 1 1 1 2
39 11 12 1 1 1 2
40 4 12 4 2 1 2
40 6 12 4 2 1 0
40 8 12 4 2 1 0
40 10 12 4 1 1 2
44 5 12 1 1 1 6
44 6 12 2 2 1 6
44 8 12 2 1 1 6
44 9 12 1 1 1 6
1 2 13 1 3 1 2
1 10 13 1 3 1 2
2 1 13 2 4 1 2
2 10 13 2 4 1 2
3 0 13 1 1 1 2
3 5 13 1 1 1 2
3 9 13 1 1 1 2
3 14 13 1 1 1 2
4 0 13 2 4 1 2
4 4 13 2 2 1 0
4 9 13 2 4 1 2
4 13 13 2 2 1 2
6 0 13 2 4 1 2
6 4 13 2 1 1 0
6 10 13 2 4 1 0
6 14 13 2 1 1 2
8 5 13 1 4 1 0
8 9 13 1 1 1 0
9 3 13 2 8 1 0
9 11 13 1 1 1 2
10 2 13 1 1 1 2
10 11 13 8 2 1 2
11 2 13 2 8 1 2
11 10 13 4 1 1 0
13 2 13 2 8 1 2
15 1 13 2 8 1 2
15 9 13 2 2 1 0
15 13 13 2 1 1 2
17 2 13 2 8 1 2
17 10 13 1 1 1 0
18 10 13 2 2 1 0
18 12 13 3 1 1 2
19 2 13 2 8 1 2
20 10 13 1 1 1 0
20 11 13 4 1 1 2
21 3 13 2 8 1 2
23 3 13 2 8 1 2
24 11 13 1 1 1 2
25 4 13 2 4 1 2
25 8 13 1 3 1 2
26 8 13 2 2 1 2
26 10 13 1 1 1 2
27 5 13 1 3 1 2
29 5 13 1 4 1 2
29 9 13 1 1 1 2
30 3 13 2 8 1 2
30 11 13 1 1 1 2
31 2 13 1 1 1 6
31 11 13 1 2 1 2
32 1 13 2 8 1 6
32 9 13 2 4 1 6
32 13 13 3 1 1 6
34 1 13 1 1 1 6
34 2 13 2 8 1 6
34 10 13 2 2 1 0
34 12 13 3 1 1 6
36 2 13 1 1 1 6
36 3 13 2 8 1 6
36 11 13 2 1 1 6
38 4 13 4 2 1 6
38 6 13 8 2 1 6
38 8 13 2 2 1 6
38 10 13 4 1 1 6
40 8 13 4 2 1 6
42 4 13 1 1 1 6
42 5 13 3 1 1 6
42 10 13 1 1 1 2
44 8 13 1 2 1 6
45 8 13 1 1 1 6
1 2 14 1 3 1 2
1 10 14 1 3 1 2
2 0 14 2 4 1 2
2 4 14 2 2 1 2
2 9 14 2 4 1 2
2 13 14 2 2 1 2
4 0 14 4 2 1 2
4 2 14 4 2 1 0
4 4 14 4 2 1 0
4 9 14 4 1 1 0
4 10 14 4 2 1 0
4 12 14 4 2 1 2
4 14 14 4 1 1 2
7 6 14 1 3 1 0
8 3 14 1 1 1 0
8 4 14 8 2 1 0
8 6 14 8 2 1 0
8 8 14 8 2 1 0
8 10 14 8 2 1 2
9 2 14 8 2 1 2
9 12 14 3 1 1 2
12 1 14 4 1 1 2
12 12 14 4 2 1 2
16 4 14 8 2 1 2
16 6 14 8 2 1 0
16 8 14 8 2 1 0
16 10 14 4 2 1 0
16 12 14 4 1 1 2
17 2 14 1 2 1 2
18 2 14 2 2 1 2
20 3 14 1 1 1 2
20 10 14 4 1 1 2
20 11 14 1 1 1 2
24 5 14 2 4 1 2
24 9 14 2 1 1 2
30 4 14 8 2 1 2
30 6 14 8 2 1 2
30 8 14 8 2 1 2
30 10 14 2 1 1 2
31 3 14 3 1 1 6
31 11 14 1 1 1 2
32 10 14 4 2 1 6
33 2 14 1 1 1 6
33 12 14 3 1 1 6
34 2 14 2 2 1 6
36 3 14 2 1 1 6
36 10 14 2 2 1 6
38 4 14 1 4 1 6
38 8 14 1 3 1 6
1 1 15 1 3 1 2
1 4 15 4 2 1 2
1 9 15 2 4 1 2
1 13 15 1 1 1 2
2 0 15 2 4 1 2
2 13 15 4 2 1 2
3 6 15 2 1 1 2
3 8 15 2 4 1 2
3 12 15 2 1 1 0
4 0 15 2 4 1 2
5 4 15 2 2 1 2
5 9 15 2 4 1 0
6 0 15 2 2 1 2
6 2 15 1 2 1 0
6 13 15 2 2 1 2
7 2 15 2 8 1 2
7 10 15 1 3 1 2
8 10 15 8 2 1 0
8 12 15 4 1 1 2
9 2 15 2 8 1 2
11 1 15 2 8 1 2
11 9 15 4 1 1 0
11 13 15 1 1 1 2
12 12 15 4 2 1 2
13 1 15 2 8 1 2
15 1 15 1 1 1 2
15 2 15 2 8 1 2
16 10 15 2 2 1 0
16 12 15 2 1 1 2
17 2 15 2 8 1 2
18 10 15 1 3 1 2
19 3 15 2 8 1 2
19 11 15 2 1 1 2
21 4 15 1 1 1 2
21 5 15 2 4 1 2
21 9 15 3 1 1 2
21 10 15 1 1 1 2
23 5 15 1 4 1 2
31 5 15 1 4 1 2
31 9 15 1 1 1 2
32 4 15 2 4 1 2
32 8 15 4 2 1 2
32 10 15 4 1 1 2
34 4 15 2 4 1 6
36 4 15 2 4 1 6
36 8 15 2 2 1 6
36 10 15 2 1 1 6
38 6 15 1 1 1 6
38 8 15 1 1 1 6
0 3 16 8 2 1 2
0 10 16 8 2 1 2
1 1 16 1 1 1 2
1 2 16 3 1 1 2
1 5 16 1 1 1 2
1 9 16 1 1 1 2
1 12 16 8 2 1 2
2 0 16 2 2 1 2
2 5 16 4 2 1 2
2 8 16 2 2 1 2
2 14 16 2 1 1 2
4 0 16 4 2 1 2
4 2 16 4 1 1 0
4 8 16 4 2 1 0
4 14 16 4 1 1 2
6 5 16 2 2 1 0
7 7 16 1 1 1 2
8 1 16 1 1 1 2
8 2 16 8 2 1 2
8 4 16 8 2 1 0
8 6 16 8 2 1 0
8 8 16 8 2 1 0
8 10 16 8 2 1 0
9 12 16 1 1 1 2
10 1 16 4 1 1 2
10 12 16 4 2 1 2
14 1 16 1 1 1 2
14 12 16 4 1 1 2
14 13 16 1 1 1 2
16 2 16 2 8 1 2
16 10 16 2 2 1 0
18 3 16 2 8 1 2
18 11 16 2 1 1 2
20 4 16 1 1 1 2
20 5 16 2 4 1 2
20 9 16 2 1 1 2
20 10 16 1 1 1 2
22 6 16 1 3 1 2
36 5 16 2 4 1 6
36 9 16 2 1 1 6
0 3 17 1 1 1 2
0 4 17 4 2 1 2
0 9 17 1 1 1 2
0 10 17 8 2 1 2
1 1 17 1 3 1 2
1 6 17 3 1 1 2
1 8 17 1 2 1 2
1 12 17 8 2 1 2
2 0 17 2 4 1 2
2 8 17 2 2 1 2
2 14 17 2 1 1 2
4 0 17 2 8 1 2
4 8 17 4 2 1 2
4 14 17 4 1 1 2
6 0 17 2 8 1 0
8 1 17 2 8 1 2
8 9 17 4 1 1 0
8 10 17 8 2 1 0
9 12 17 4 2 1 2
10 1 17 2 8 1 2
12 1 17 2 8 1 2
12 9 17 2 1 1 0
13 12 17 4 1 1 2
13 13 17 1 1 1 2
14 2 17 2 8 1 2
16 2 17 2 8 1 2
16 10 17 2 2 1 0
17 12 17 1 1 1 2
18 3 17 1 1 1 2
18 4 17 2 4 1 2
18 8 17 2 2 1 0
18 10 17 1 2 1 2
19 10 17 1 1 1 2
20 5 17 1 4 1 2
20 9 17 1 1 1 2
0 2 18 8 2 1 2
0 4 18 8 2 1 2
0 9 18 2 1 1 2
0 10 18 8 2 1 2
0 12 18 1 1 1 2
1 1 18 1 1 1 2
1 6 18 1 1 1 2
1 8 18 1 1 1 2
1 12 18 8 2 1 2
2 0 18 2 2 1 2
2 6 18 2 4 1 2
2 14 18 2 1 1 2
4 0 18 4 2 1 2
4 6 18 4 2 1 0
4 8 18 4 2 1 0
4 14 18 4 1 1 2
8 1 18 4 1 1 2
8 2 18 8 2 1 2
8 4 18 8 2 1 0
8 6 18 8 2 1 0
8 8 18 8 2 1 0
8 10 18 8 2 1 0
9 12 18 4 2 1 2
12 1 18 2 1 1 2
13 12 18 4 1 1 2
13 13 18 1 1 1 2
16 2 18 1 1 1 2
16 3 18 2 8 1 2
16 11 18 2 1 1 2
18 4 18 2 4 1 2
18 8 18 2 2 1 2
18 10 18 2 1 1 2
20 6 18 1 3 1 2
0 2 19 2 8 1 2
0 10 19 8 2 1 2
0 12 19 1 1 1 2
1 1 19 1 1 1 2
1 12 19 8 2 1 2
2 1 19 2 8 1 2
2 9 19 2 1 1 0
3 0 19 1 1 1 2
3 14 19 1 1 1 2
4 0 19 2 8 1 2
4 8 19 4 2 1 0
4 14 19 4 1 1 2
6 0 19 2 8 1 2
8 1 19 2 8 1 2
8 9 19 4 1 1 0
8 10 19 8 2 1 0
9 12 19 4 2 1 2
10 1 19 2 8 1 2
12 1 19 1 1 1 2
12 2 19 2 8 1 2
13 12 19 3 1 1 2
14 2 19 2 8 1 2
16 3 19 2 8 1 2
16 11 19 2 1 1 2
18 4 19 1 1 1 2
18 5 19 2 4 1 2
18 9 19 1 2 1 2
19 9 19 1 1 1 2
0 2 20 8 2 1 2
0 4 20 8 2 1 2
0 6 20 8 2 1 2
0 8 20 8 2 1 2
0 10 20 8 2 1 2
0 12 20 1 1 1 2
1 1 20 3 1 1 2
1 12 20 8 2 1 2
4 0 20 4 2 1 2
4 14 20 4 1 1 2
8 1 20 4 1 1 2
8 2 20 4 2 1 2
8 4 20 8 2 1 0
8 6 20 8 2 1 0
8 8 20 8 2 1 0
8 10 20 8 2 1 2
9 12 20 1 2 1 2
10 12 20 2 2 1 2
12 2 20 2 2 1 2
12 12 20 3 1 1 2
14 2 20 1 1 1 2
14 3 20 3 1 1 2
16 4 20 2 2 1 2
16 6 20 4 2 1 2
16 8 20 2 2 1 0
16 10 20 2 1 1 2
16 11 20 1 1 1 2
18 5 20 1 1 1 2
18 8 20 2 1 1 2
18 9 20 1 1 1 2
0 3 21 2 8 1 2
0 11 21 1 1 1 2
1 2 21 1 1 1 2
1 11 21 8 2 1 2
2 1 21 2 8 1 2
2 9 21 8 2 1 0
2 13 21 2 1 1 2
4 0 21 2 8 1 2
4 8 21 4 1 1 0
4 13 21 4 2 1 2
6 0 21 2 8 1 2
8 1 21 2 8 1 2
8 13 21 3 1 1 2
9 11 21 4 2 1 2
10 1 21 1 1 1 2
10 2 21 2 8 1 2
10 10 21 4 1 1 0
12 2 21 2 8 1 2
13 11 21 3 1 1 2
13 12 21 1 1 1 2
14 3 21 2 8 1 2
16 4 21 2 4 1 2
16 8 21 2 2 1 2
16 10 21 2 1 1 2
18 6 21 1 3 1 2
0 3 22 1 1 1 2
0 4 22 8 2 1 2
0 6 22 8 2 1 2
0 8 22 8 2 1 2
0 10 22 8 2 1 2
1 2 22 8 2 1 2
1 12 22 1 1 1 2
2 1 22 3 1 1 2
2 12 22 8 2 1 2
5 0 22 2 2 1 2
5 14 22 2 1 1 2
7 1 22 3 1 1 2
8 4 22 8 2 1 2
8 6 22 8 2 1 0
8 8 22 8 2 1 0
8 10 22 4 2 1 0
9 2 22 4 2 1 2
10 12 22 4 1 1 2
12 10 22 2 2 1 0
13 2 22 1 1 1 2
13 3 22 2 1 1 2
14 10 22 3 1 1 2
14 11 22 1 1 1 2
16 4 22 1 2 1 2
16 6 22 2 2 1 2
16 8 22 2 1 1 2
16 9 22 1 1 1 2
0 3 23 2 8 1 2
0 11 23 1 1 1 2
1 2 23 1 1 1 2
1 11 23 8 2 1 2
2 2 23 2 8 1 2
2 10 23 2 1 1 0
3 1 23 1 1 1 2
3 13 23 1 1 1 2
4 1 23 2 8 1 2
4 9 23 4 2 1 0
4 13 23 4 1 1 2
6 1 23 2 8 1 2
8 1 23 1 1 1 2
8 2 23 2 8 1 2
8 10 23 1 1 1 0
8 13 23 1 1 1 2
9 10 23 1 3 1 2
10 2 23 2 8 1 2
10 10 23 2 2 1 0
10 12 23 2 1 1 2
12 3 23 2 8 1 2
12 11 23 2 1 1 2
14 4 23 2 4 1 2
14 8 23 2 2 1 2
14 10 23 2 1 1 2
16 6 23 1 3 1 2
0 4 24 8 2 1 2
0 6 24 8 2 1 2
0 8 24 8 2 1 2
0 10 24 1 1 1 2
1 3 24 1 1 1 2
1 10 24 8 2 1 2
2 2 24 8 2 1 2
2 12 24 3 1 1 2
5 1 24 2 1 1 2
5 12 24 2 2 1 2
7 12 24 3 1 1 2
8 4 24 4 2 1 2
8 6 24 8 2 1 2
8 8 24 8 2 1 2
9 10 24 4 2 1 2
10 3 24 3 1 1 2
12 4 24 2 2 1 2
13 10 24 2 1 1 2
14 4 24 1 1 1 2
14 5 24 2 1 1 2
0 5 25 2 4 1 2
0 9 25 1 1 1 2
1 4 25 1 1 1 2
1 9 25 1 2 1 2
2 3 25 2 8 1 2
2 11 25 4 1 1 2
4 3 25 2 8 1 2
5 2 25 1 1 1 2
5 12 25 3 1 1 2
6 2 25 2 8 1 2
6 10 25 2 2 1 0
8 3 25 2 8 1 2
8 11 25 3 1 1 2
10 3 25 1 1 1 2
10 4 25 2 4 1 2
10 8 25 4 2 1 2
10 10 25 4 1 1 2
12 4 25 2 4 1 2
14 6 25 1 3 1 2
15 7 25 1 1 1 2
1 5 26 8 2 1 2
1 7 26 8 2 1 2
1 9 26 1 1 1 2
2 4 26 1 1 1 2
2 9 26 8 2 1 2
3 3 26 4 2 1 2
3 11 26 1 1 1 2
4 11 26 4 1 1 2
7 3 26 2 2 1 2
8 11 26 1 1 1 2
9 4 26 3 1 1 2
9 5 26 4 2 1 2
9 7 26 4 2 1 2
10 9 26 2 2 1 2
12 9 26 2 1 1 2
13 5 26 1 4 1 2
14 7 26 1 1 1 2
1 6 27 8 2 1 2
1 8 27 1 1 1 2
2 5 27 1 1 1 2
2 8 27 8 2 1 2
3 4 27 1 2 1 2
3 10 27 1 1 1 2
4 4 27 4 2 1 2
4 10 27 4 1 1 2
8 4 27 1 2 1 2
8 10 27 1 1 1 2
9 5 27 1 3 1 2
10 5 27 2 4 1 2
10 9 27 2 1 1 2
12 7 27 1 1 1 2
1 6 28 8 2 1 2
1 8 28 1 1 1 2
2 5 28 3 1 1 2
2 8 28 2 2 1 2
4 8 28 4 1 1 2
4 9 28 1 1 1 2
8 8 28 1 1 1 2
9 6 28 1 3 1 2
0 7 29 1 1 1 2
1 6 29 1 3 1 2
2 5 29 2 4 1 2
2 9 29 2 1 1 2
4 6 29 1 3 1 2
0 6 30 4 2 1 2
0 8 30 4 1 1 2
2 5 30 1 1 1 2
2 9 30 1 1 1 2
4 7 30 1 1 1 6
0 7 31 1 1 1 2
1 6 31 2 2 1 2
1 8 31 1 1 1 2
2 5 31 1 1 1 2
2 8 31 1 2 1 2
3 7 31 1 1 1 6
0 6 32 2 2 1 2
0 8 32 2 1 1 2
2 5 32 1 4 1 2
2 9 32 1 1 1 2
0 6 33 2 2 1 2
0 8 33 1 1 1 2
1 8 33 1 2 1 2
2 6 33 1 3 1 2
0 6 34 2 2 1 2
0 8 34 2 1 1 2
2 5 34 1 4 1 2
0 6 35 2 2 1 2
0 8 35 2 1 1 2
2 6 35 1 3 1 2
3 7 35 1 1 1 2
0 7 36 1 1 1 2
1 6 36 2 2 1 2
1 8 36 2 1 1 2
3 7 36 1 1 1 2
0 7 37 1 1 1 2
1 6 37 1 3 1 2
2 6 37 2 2 1 2
2 8 37 2 1 1 2
1 6 38 1 2 1 2
1 8 38 3 1 1 2
2 6 38 2 2 1 2
4 7 38 1 1 1 2
1 6 39 4 2 1 2
1 8 39 4 1 1 2
5 7 39 1 1 1 2
1 6 40 4 2 1 2
1 8 40 4 1 1 2
5 6 40 1 3 1 2
2 6 41 4 2 1 2
2 8 41 4 1 1 2
6 6 41 1 3 1 6
2 7 42 1 1 1 6
3 6 42 4 2 1 2
3 8 42 4 1 1 2
3 7 43 2 1 1 6
5 6 43 2 2 1 2
5 8 43 2 1 1 2
4 7 44 3 1 1 6
