0 4 0 1 2 1 6
1 4 0 1 3 1 6
1 16 0 4 1 1 6
1 17 0 4 1 1 6
1 18 0 4 1 1 6
2 4 0 2 2 1 6
4 4 0 1 3 1 6
5 4 0 1 2 1 6
0 5 1 1 1 1 6
1 4 1 1 3 1 6
1 17 1 4 2 1 6
2 5 1 1 2 1 6
3 4 1 2 3 1 6
5 5 1 1 2 1 6
0 5 2 4 2 1 0
1 17 2 4 2 1 0
4 5 2 2 2 1 0
0 5 3 4 2 1 0
1 17 3 4 2 1 0
4 5 3 2 2 1 0
0 5 4 4 2 1 0
1 16 4 4 1 1 2
1 17 4 4 2 1 2
4 5 4 2 2 1 0
0 5 5 4 2 1 0
0 16 5 1 2 1 2
1 15 5 1 4 1 2
2 16 5 2 3 1 2
4 5 5 2 2 1 0
4 15 5 1 4 1 2
5 16 5 1 2 1 2
0 5 6 1 2 1 0
0 15 6 1 3 1 2
1 4 6 1 4 1 0
1 15 6 2 4 1 2
2 5 6 2 2 1 0
3 15 6 2 4 1 2
4 4 6 1 3 1 0
5 5 6 1 2 1 0
5 15 6 1 3 1 2
0 4 7 2 3 1 0
0 15 7 1 3 1 2
0 18 7 2 1 1 2
1 7 7 1 2 1 2
1 9 7 4 2 1 2
1 14 7 1 4 1 2
2 5 7 2 4 1 2
2 11 7 2 1 1 2
2 15 7 2 3 1 2
4 4 7 1 4 1 2
4 8 7 1 1 1 2
4 14 7 1 4 1 2
4 18 7 1 1 1 2
5 4 7 1 3 1 0
5 15 7 1 4 1 2
0 4 8 2 4 1 0
0 8 8 4 2 1 2
0 15 8 2 4 1 2
1 10 8 1 4 1 2
1 14 8 1 1 1 2
2 4 8 2 4 1 0
2 10 8 2 1 1 0
2 11 8 2 8 1 2
4 4 8 2 4 1 0
4 8 8 2 2 1 2
4 10 8 1 4 1 2
4 14 8 1 1 1 2
4 15 8 2 4 1 2
0 4 9 2 8 1 2
0 14 9 4 1 1 2
0 15 9 2 4 1 2
1 12 9 4 2 1 2
2 4 9 2 8 1 0
2 15 9 2 2 1 0
2 17 9 4 2 1 2
4 4 9 2 8 1 2
4 14 9 2 3 1 2
0 4 10 1 4 1 2
0 8 10 1 3 1 2
0 11 10 2 8 1 2
1 3 10 2 8 1 0
2 11 10 2 8 1 2
3 3 10 2 8 1 0
4 11 10 2 8 1 2
5 4 10 1 4 1 2
5 8 10 1 3 1 2
0 4 11 1 4 1 2
0 8 11 1 3 1 2
0 11 11 2 8 1 2
1 3 11 2 8 1 0
2 11 11 2 8 1 2
3 3 11 2 8 1 0
4 11 11 2 8 1 2
5 4 11 1 4 1 2
5 8 11 1 3 1 2
0 4 12 1 4 1 2
0 8 12 1 4 1 2
0 12 12 1 2 1 2
0 14 12 1 4 1 2
1 3 12 2 8 1 0
1 11 12 2 8 1 2
3 3 12 2 8 1 0
3 11 12 2 8 1 2
5 4 12 1 4 1 2
5 8 12 1 4 1 2
5 12 12 1 2 1 2
5 14 12 1 4 1 2
0 4 13 1 4 1 2
0 8 13 1 4 1 2
0 12 13 2 2 1 2
0 14 13 1 4 1 2
1 3 13 2 8 1 0
1 11 13 4 1 1 0
1 14 13 1 1 1 0
1 15 13 1 4 1 2
2 12 13 2 8 1 2
3 3 13 2 8 1 0
4 12 13 2 2 1 2
4 14 13 1 1 1 0
4 15 13 1 4 1 2
5 4 13 1 4 1 2
5 8 13 1 4 1 2
5 14 13 1 4 1 2
0 4 14 1 4 1 2
0 8 14 2 4 1 2
0 12 14 2 1 1 2
0 13 14 1 4 1 2
1 3 14 1 4 1 2
1 7 14 1 1 1 0
1 13 14 1 2 1 0
1 15 14 1 4 1 2
2 2 14 2 8 1 2
2 10 14 2 2 1 0
2 12 14 2 8 1 2
4 3 14 1 4 1 2
4 7 14 1 1 1 0
4 8 14 2 4 1 2
4 12 14 2 1 1 2
4 13 14 1 2 1 0
4 15 14 1 4 1 2
5 4 14 1 4 1 2
5 13 14 1 4 1 2
0 4 15 1 4 1 2
0 8 15 1 2 1 2
1 2 15 2 8 1 2
1 10 15 4 2 1 2
1 12 15 2 8 1 2
3 2 15 2 8 1 0
3 12 15 2 8 1 2
5 4 15 1 4 1 2
5 8 15 1 2 1 2
0 3 16 1 4 1 2
1 2 16 1 4 1 0
1 6 16 1 4 1 2
1 15 16 4 1 1 2
1 16 16 2 4 1 2
2 1 16 2 8 1 0
2 9 16 2 1 1 2
2 10 16 2 4 1 2
2 14 16 2 1 1 2
3 16 16 2 4 1 2
4 2 16 1 4 1 0
4 6 16 1 4 1 2
5 3 16 1 4 1 2
0 3 17 1 3 1 2
1 1 17 1 4 1 0
1 5 17 1 3 1 2
1 15 17 1 4 1 2
2 0 17 2 8 1 0
2 8 17 2 1 1 2
2 14 17 2 2 1 2
2 16 17 2 4 1 2
4 1 17 1 4 1 0
4 5 17 1 3 1 2
4 15 17 1 4 1 2
5 3 17 1 3 1 2
0 3 18 1 3 1 2
1 1 18 1 4 1 0
1 5 18 1 2 1 2
1 15 18 1 3 1 2
2 0 18 2 8 1 6
2 14 18 2 2 1 2
2 16 18 2 4 1 2
4 1 18 1 4 1 0
4 5 18 1 2 1 2
4 15 18 1 3 1 2
5 3 18 1 3 1 2
0 3 19 1 3 1 2
1 1 19 1 4 1 0
1 5 19 4 2 1 2
2 0 19 2 4 1 6
2 4 19 2 1 1 0
2 15 19 2 4 1 2
4 1 19 1 4 1 0
5 3 19 1 3 1 2
0 3 20 1 2 1 2
1 2 20 1 4 1 6
1 6 20 4 1 1 2
2 1 20 2 4 1 2
2 5 20 2 1 1 0
4 2 20 1 4 1 6
5 3 20 1 2 1 2
0 3 21 1 2 1 2
1 2 21 4 2 1 2
1 4 21 4 2 1 2
5 3 21 1 2 1 2
0 3 22 4 2 1 2
4 3 22 2 2 1 2
