7 61 0 1 4 1 0
15 61 0 1 4 1 0
4 15 0 2 4 1 0
6 15 0 2 4 1 0
15 15 0 2 4 1 0
17 15 0 2 4 1 0
8 16 0 1 4 1 0
14 16 0 1 4 1 0
3 17 0 1 3 1 0
9 17 0 1 2 1 0
13 17 0 1 2 1 0
19 17 0 1 3 1 0
16 65 0 2 4 1 0
15 65 0 1 4 1 0
6 65 0 2 4 1 0
5 65 0 1 4 1 0
4 19 0 4 2 1 0
15 19 0 4 2 1 0
5 21 0 3 1 1 0
15 21 0 3 1 1 0
18 63 0 1 4 1 0
14 63 0 1 4 1 0
8 63 0 1 4 1 0
4 63 0 1 4 1 0
13 63 0 1 2 1 0
9 63 0 1 2 1 0
5 62 0 2 3 1 0
8 62 0 1 1 1 0
14 62 0 1 1 1 0
16 62 0 2 3 1 0
4 15 1 4 2 1 0
15 15 1 4 2 1 0
8 16 1 1 4 1 0
14 16 1 1 4 1 0
3 17 1 4 2 1 0
9 17 1 1 2 1 0
13 17 1 1 2 1 0
16 17 1 4 2 1 0
16 65 1 2 4 1 0
15 65 1 1 4 1 0
6 61 1 2 8 1 0
5 65 1 1 4 1 0
3 19 1 4 2 1 0
16 19 1 4 2 1 0
4 21 1 4 1 1 0
15 21 1 4 1 1 0
14 64 1 1 4 1 0
18 63 1 1 4 1 0
8 63 1 1 4 1 0
4 63 1 1 4 1 0
13 63 1 1 2 1 0
9 63 1 1 2 1 0
14 61 1 3 2 1 0
5 62 1 1 3 1 0
8 62 1 1 1 1 0
17 62 1 1 3 1 0
7 17 1 1 4 1 0
15 17 1 1 4 1 0
15 63 1 2 2 1 0
14 63 1 1 1 1 0
5 15 2 2 8 1 0
7 15 2 1 4 1 0
15 15 2 2 8 1 0
17 15 2 1 4 1 0
4 16 2 1 4 1 0
18 16 2 1 4 1 0
3 17 2 1 4 1 0
8 17 2 1 4 1 0
14 17 2 1 4 1 0
19 17 2 1 4 1 0
16 65 2 2 4 1 0
15 65 2 1 4 1 0
6 61 2 2 8 1 0
5 65 2 1 4 1 0
4 20 2 1 2 1 0
7 19 2 1 3 1 0
17 20 2 2 2 1 0
14 64 2 1 4 1 0
8 64 2 1 4 1 0
17 22 2 1 1 1 0
18 63 2 1 4 1 0
4 63 2 1 4 1 0
13 63 2 1 2 1 0
9 63 2 1 2 1 0
15 61 2 2 4 1 0
5 62 2 1 3 1 0
8 62 2 1 2 1 0
14 62 2 1 2 1 0
17 62 2 1 3 1 0
17 19 2 1 1 1 0
4 16 3 4 2 1 0
15 16 3 2 4 1 0
17 16 3 1 4 1 0
3 17 3 1 4 1 0
8 17 3 1 4 1 0
14 17 3 1 4 1 0
18 17 3 2 4 1 0
16 65 3 2 4 1 0
15 65 3 1 4 1 0
6 65 3 2 4 1 0
5 65 3 1 4 1 0
14 64 3 1 4 1 0
8 64 3 1 4 1 0
4 21 3 4 2 1 0
15 21 3 4 2 1 0
18 64 3 1 2 1 0
4 64 3 1 2 1 0
5 62 3 4 2 1 0
15 62 3 3 2 1 0
14 63 3 1 1 1 0
4 18 3 4 2 1 0
4 20 3 4 1 1 0
15 20 3 3 1 1 0
15 64 3 3 1 1 0
5 64 3 3 1 1 0
16 19 4 4 1 1 0
6 62 4 1 4 1 0
16 62 4 1 4 1 0
4 17 4 2 4 1 0
6 17 4 2 4 1 0
15 17 4 4 2 1 0
16 66 4 2 3 1 0
15 65 4 1 4 1 0
6 66 4 2 3 1 0
5 65 4 1 4 1 0
8 18 4 1 4 1 0
14 18 4 1 4 1 0
14 64 4 1 4 1 0
8 64 4 1 4 1 0
4 21 4 4 2 1 0
15 21 4 4 2 1 0
5 63 4 1 2 1 0
7 63 4 1 3 1 0
15 63 4 1 2 1 0
17 63 4 1 3 1 0
15 20 4 4 1 1 0
15 19 4 1 1 1 0
5 17 5 1 4 1 0
17 17 5 1 4 1 0
16 65 5 2 4 1 0
15 65 5 1 4 1 0
6 65 5 2 4 1 0
5 65 5 1 4 1 0
4 18 5 1 4 1 0
6 18 5 2 4 1 0
15 18 5 2 4 1 0
18 18 5 1 4 1 0
8 19 5 1 3 1 0
14 19 5 1 3 1 0
3 20 5 1 2 1 0
19 20 5 1 2 1 0
14 64 5 1 4 1 0
8 64 5 1 4 1 0
4 22 5 4 1 1 0
15 22 5 4 1 1 0
5 23 5 2 1 1 0
15 23 5 3 1 1 0
15 64 5 3 1 1 0
5 64 5 3 1 1 0
6 63 5 2 1 1 0
15 63 5 2 1 1 0
5 21 5 1 1 1 0
17 21 5 1 1 1 0
16 65 6 2 4 1 0
15 65 6 1 4 1 0
6 65 6 2 4 1 0
5 65 6 1 4 1 0
4 18 6 2 4 1 0
6 18 6 2 4 1 0
15 18 6 2 4 1 0
17 18 6 2 4 1 0
8 19 6 1 3 1 0
14 19 6 1 4 1 0
3 20 6 1 2 1 0
19 20 6 1 2 1 0
14 64 6 1 4 1 0
8 64 6 1 4 1 0
4 22 6 4 2 1 0
15 22 6 4 2 1 0
15 64 6 3 1 1 0
5 64 6 3 1 1 0
6 63 6 2 1 1 0
15 63 6 2 1 1 0
16 65 7 2 4 1 0
15 65 7 1 4 1 0
6 65 7 2 4 1 0
5 65 7 1 4 1 0
5 18 7 2 4 1 0
16 18 7 2 4 1 0
4 19 7 1 4 1 0
7 19 7 1 4 1 0
15 19 7 1 4 1 0
18 19 7 1 4 1 0
3 20 7 1 2 1 0
8 20 7 1 3 1 0
14 20 7 1 3 1 0
19 20 7 1 2 1 0
14 64 7 1 4 1 0
8 64 7 1 4 1 0
4 23 7 4 1 1 0
15 23 7 4 1 1 0
5 24 7 3 1 1 0
16 24 7 2 1 1 0
15 64 7 3 1 1 0
5 64 7 3 1 1 0
6 63 7 2 1 1 0
15 63 7 2 1 1 0
5 22 7 2 1 1 0
16 22 7 2 1 1 0
6 22 8 1 4 1 0
16 22 8 1 4 1 0
16 65 8 2 4 1 0
15 65 8 1 4 1 0
6 65 8 2 4 1 0
5 65 8 1 4 1 0
4 19 8 2 4 1 0
6 19 8 2 3 1 0
15 19 8 4 2 1 0
3 20 8 1 3 1 0
8 20 8 1 3 1 0
14 20 8 1 3 1 0
19 20 8 1 3 1 0
14 64 8 1 4 1 0
8 64 8 1 4 1 0
4 65 8 1 3 1 0
4 23 8 2 1 1 0
17 21 8 2 3 1 0
5 24 8 1 1 1 0
7 22 8 1 3 1 0
15 21 8 1 4 1 0
17 24 8 1 1 1 0
18 65 8 1 2 1 0
15 64 8 3 1 1 0
5 64 8 3 1 1 0
6 63 8 2 1 1 0
15 63 8 2 1 1 0
16 21 8 1 1 1 0
6 22 9 1 4 1 0
16 22 9 1 4 1 0
16 65 9 2 4 1 0
15 65 9 1 4 1 0
6 65 9 2 4 1 0
5 65 9 1 4 1 0
4 19 9 4 2 1 0
15 19 9 4 2 1 0
3 20 9 1 3 1 0
19 20 9 1 3 1 0
14 64 9 1 4 1 0
8 64 9 1 4 1 0
4 65 9 1 3 1 0
5 21 9 4 1 1 0
14 21 9 2 3 1 0
7 22 9 2 1 1 0
17 21 9 2 3 1 0
4 22 9 2 3 1 0
7 23 9 1 2 1 0
15 24 9 1 1 1 0
17 24 9 1 1 1 0
18 65 9 1 2 1 0
15 64 9 3 1 1 0
5 64 9 3 1 1 0
6 63 9 2 1 1 0
15 63 9 2 1 1 0
4 21 9 1 1 1 0
16 21 9 1 1 1 0
16 65 10 2 4 1 0
15 65 10 1 4 1 0
6 65 10 2 4 1 0
5 65 10 1 4 1 0
4 19 10 2 4 1 0
6 19 10 2 4 1 0
15 19 10 2 4 1 0
17 19 10 2 4 1 0
19 20 10 1 4 1 0
18 65 10 1 3 1 0
14 64 10 1 4 1 0
8 64 10 1 4 1 0
4 65 10 1 3 1 0
3 21 10 1 3 1 0
8 21 10 1 3 1 0
14 21 10 1 3 1 0
4 23 10 4 2 1 0
15 23 10 4 2 1 0
5 63 10 3 2 1 0
15 63 10 3 2 1 0
16 65 11 2 4 1 0
15 65 11 1 4 1 0
6 65 11 2 4 1 0
5 65 11 1 4 1 0
5 19 11 2 4 1 0
16 19 11 2 4 1 0
3 20 11 2 4 1 0
7 20 11 1 4 1 0
15 20 11 1 4 1 0
18 20 11 1 4 1 0
18 64 11 1 4 1 0
14 64 11 1 4 1 0
8 64 11 1 4 1 0
4 64 11 1 4 1 0
8 21 11 1 3 1 0
14 21 11 1 3 1 0
19 21 11 1 3 1 0
4 24 11 4 1 1 0
15 24 11 4 1 1 0
5 63 11 3 2 1 0
8 63 11 1 1 1 0
14 63 11 4 1 1 0
5 23 11 2 1 1 0
16 23 11 2 1 1 0
15 64 11 3 1 1 0
16 65 12 2 4 1 0
15 65 12 1 4 1 0
6 65 12 2 4 1 0
5 65 12 1 4 1 0
5 19 12 2 4 1 0
16 19 12 2 4 1 0
3 20 12 2 4 1 0
7 20 12 1 4 1 0
15 20 12 1 4 1 0
18 20 12 1 4 1 0
18 64 12 1 4 1 0
14 64 12 1 4 1 0
8 64 12 1 4 1 0
4 64 12 1 4 1 0
8 21 12 1 3 1 0
14 21 12 1 3 1 0
19 21 12 1 3 1 0
4 24 12 4 1 1 0
15 24 12 4 1 1 0
5 63 12 3 2 1 0
8 63 12 1 1 1 0
14 63 12 4 1 1 0
5 23 12 2 1 1 0
16 23 12 2 1 1 0
15 64 12 3 1 1 0
5 22 13 4 1 1 0
6 62 13 1 4 1 0
16 62 13 1 4 1 0
15 67 13 3 2 1 0
5 67 13 3 2 1 0
5 19 13 2 3 1 0
16 19 13 2 4 1 0
4 20 13 1 4 1 0
7 20 13 1 2 1 0
15 20 13 1 4 1 0
18 20 13 2 4 1 0
18 64 13 1 4 1 0
14 64 13 1 4 1 0
8 64 13 1 4 1 0
4 64 13 1 4 1 0
3 21 13 1 3 1 0
14 21 13 1 3 1 0
4 24 13 4 1 1 0
15 24 13 4 1 1 0
4 63 13 2 1 1 0
7 63 13 2 1 1 0
14 63 13 2 1 1 0
17 63 13 2 1 1 0
5 23 13 3 1 1 0
16 23 13 2 1 1 0
15 66 13 3 1 1 0
5 66 13 3 1 1 0
17 64 13 1 2 1 0
15 64 13 1 2 1 0
7 64 13 1 2 1 0
5 64 13 1 2 1 0
5 22 14 4 1 1 0
16 65 14 2 4 1 0
15 65 14 1 4 1 0
6 65 14 2 4 1 0
5 65 14 1 4 1 0
5 19 14 2 3 1 0
16 19 14 2 4 1 0
3 20 14 2 4 1 0
7 20 14 1 2 1 0
15 20 14 1 4 1 0
18 20 14 2 4 1 0
18 64 14 1 4 1 0
14 64 14 1 4 1 0
8 64 14 1 4 1 0
4 64 14 1 4 1 0
14 21 14 1 2 1 0
4 24 14 4 1 1 0
15 24 14 4 1 1 0
5 62 14 2 3 1 0
7 62 14 1 3 1 0
15 62 14 2 3 1 0
17 62 14 1 3 1 0
4 63 14 1 1 1 0
8 63 14 1 1 1 0
14 63 14 1 1 1 0
18 63 14 1 1 1 0
5 23 14 3 1 1 0
16 23 14 2 1 1 0
16 65 15 2 4 1 0
15 65 15 1 4 1 0
6 65 15 2 4 1 0
5 65 15 1 4 1 0
4 19 15 2 4 1 0
6 19 15 1 4 1 0
16 19 15 2 4 1 0
18 19 15 1 4 1 0
3 20 15 1 4 1 0
7 20 15 1 4 1 0
15 20 15 1 4 1 0
19 20 15 1 4 1 0
18 64 15 1 4 1 0
14 64 15 1 4 1 0
8 64 15 1 4 1 0
4 64 15 1 4 1 0
8 21 15 1 2 1 0
14 21 15 1 3 1 0
4 23 15 3 2 1 0
7 24 15 1 1 1 0
15 24 15 4 1 1 0
5 62 15 3 2 1 0
15 62 15 3 2 1 0
4 63 15 1 1 1 0
8 63 15 1 1 1 0
14 63 15 1 1 1 0
18 63 15 1 1 1 0
16 23 15 3 1 1 0
15 64 15 3 1 1 0
5 64 15 3 1 1 0
5 22 16 4 1 1 0
16 65 16 2 4 1 0
15 65 16 1 4 1 0
6 61 16 2 8 1 0
5 65 16 1 4 1 0
4 19 16 2 3 1 0
6 19 16 1 3 1 0
16 19 16 2 4 1 0
18 19 16 1 4 1 0
3 20 16 1 4 1 0
7 20 16 1 2 1 0
15 20 16 1 4 1 0
19 20 16 1 4 1 0
18 64 16 1 4 1 0
14 64 16 1 4 1 0
8 64 16 1 4 1 0
4 64 16 1 4 1 0
14 21 16 1 2 1 0
4 23 16 4 2 1 0
15 24 16 4 1 1 0
5 61 16 1 4 1 0
15 61 16 2 4 1 0
4 62 16 1 2 1 0
8 62 16 1 2 1 0
14 62 16 1 2 1 0
17 62 16 2 2 1 0
4 22 16 1 1 1 0
16 23 16 3 1 1 0
17 64 16 1 1 1 0
5 22 17 4 1 1 0
16 61 17 2 8 1 0
15 65 17 1 4 1 0
6 61 17 2 8 1 0
5 65 17 1 4 1 0
4 19 17 3 2 1 0
15 19 17 4 2 1 0
3 20 17 1 4 1 0
7 20 17 1 2 1 0
19 20 17 1 4 1 0
18 64 17 1 4 1 0
14 64 17 1 4 1 0
8 64 17 1 4 1 0
4 64 17 1 4 1 0
14 21 17 4 2 1 0
4 23 17 4 2 1 0
15 23 17 4 2 1 0
5 61 17 1 4 1 0
8 61 17 1 3 1 0
14 61 17 2 3 1 0
4 62 17 1 2 1 0
18 62 17 1 2 1 0
4 21 17 3 1 1 0
18 21 17 1 2 1 0
4 22 17 1 1 1 0
15 64 17 1 1 1 0
13 63 18 4 1 1 0
17 63 18 3 1 1 0
16 65 18 2 4 1 0
15 65 18 1 4 1 0
6 61 18 2 8 1 0
5 65 18 1 4 1 0
3 19 18 2 4 1 0
6 19 18 2 4 1 0
15 19 18 2 4 1 0
17 19 18 2 4 1 0
19 20 18 1 4 1 0
14 64 18 1 4 1 0
8 64 18 1 4 1 0
4 64 18 1 4 1 0
8 21 18 1 2 1 0
14 21 18 1 2 1 0
3 23 18 4 1 1 0
4 24 18 4 1 1 0
15 23 18 4 2 1 0
18 64 18 1 3 1 0
5 60 18 1 4 1 0
8 60 18 1 4 1 0
15 60 18 2 3 1 0
4 61 18 1 3 1 0
14 61 18 1 2 1 0
17 61 18 2 2 1 0
5 19 18 1 4 1 0
7 23 18 1 1 1 0
6 60 18 2 1 1 0
15 64 18 3 1 1 0
5 64 18 1 1 1 0
17 21 19 4 1 1 0
16 61 19 2 8 1 0
15 65 19 1 4 1 0
6 61 19 2 8 1 0
5 65 19 1 4 1 0
3 19 19 4 2 1 0
7 19 19 1 4 1 0
15 19 19 4 2 1 0
19 19 19 1 2 1 0
14 64 19 1 4 1 0
8 64 19 1 4 1 0
8 21 19 1 3 1 0
14 21 19 3 2 1 0
3 22 19 4 2 1 0
17 22 19 3 2 1 0
4 24 19 4 1 1 0
15 24 19 4 1 1 0
18 63 19 1 4 1 0
4 63 19 1 4 1 0
19 62 19 1 3 1 0
13 61 19 1 4 1 0
3 63 19 1 2 1 0
6 59 19 2 2 1 0
15 59 19 1 4 1 0
16 59 19 1 2 1 0
5 60 19 1 4 1 0
8 60 19 1 4 1 0
14 60 19 1 4 1 0
17 60 19 1 1 1 0
4 61 19 1 2 1 0
18 61 19 1 2 1 0
9 62 19 1 2 1 0
3 21 19 4 1 1 0
15 23 19 2 1 1 0
7 23 19 1 1 1 0
15 63 19 1 2 1 0
5 64 19 1 1 1 0
16 61 20 2 8 1 0
15 65 20 1 4 1 0
6 61 20 2 8 1 0
5 65 20 1 4 1 0
4 18 20 2 4 1 0
6 18 20 1 4 1 0
16 18 20 2 4 1 0
3 19 20 1 4 1 0
7 19 20 1 4 1 0
15 19 20 1 4 1 0
18 19 20 2 4 1 0
2 20 20 1 3 1 0
8 20 20 1 4 1 0
14 20 20 1 4 1 0
14 64 20 1 4 1 0
20 21 20 1 2 1 0
3 23 20 4 2 1 0
7 23 20 1 2 1 0
15 23 20 4 2 1 0
19 23 20 1 2 1 0
18 63 20 1 4 1 0
8 63 20 1 4 1 0
4 63 20 1 4 1 0
19 62 20 1 4 1 0
3 62 20 1 4 1 0
13 61 20 1 4 1 0
5 59 20 4 2 1 0
14 59 20 2 4 1 0
16 59 20 2 2 1 0
4 60 20 1 3 1 0
13 60 20 1 1 1 0
18 60 20 1 3 1 0
8 61 20 2 2 1 0
9 63 20 1 1 1 0
5 61 20 1 4 1 0
14 63 20 2 1 1 0
4 22 20 3 1 1 0
16 22 20 2 1 1 0
15 64 20 1 1 1 0
6 65 21 1 4 1 0
4 18 21 2 4 1 0
6 18 21 1 4 1 0
16 18 21 2 8 1 0
18 18 21 1 4 1 0
3 19 21 1 4 1 0
7 19 21 1 4 1 0
15 19 21 1 4 1 0
19 19 21 1 4 1 0
16 60 21 2 8 1 0
15 64 21 1 4 1 0
7 64 21 1 4 1 0
2 20 21 1 3 1 0
5 64 21 1 4 1 0
8 20 21 1 4 1 0
14 20 21 1 4 1 0
20 20 21 1 4 1 0
3 23 21 4 2 1 0
7 23 21 1 2 1 0
15 23 21 1 2 1 0
18 23 21 2 2 1 0
5 25 21 2 1 1 0
18 25 21 1 1 1 0
18 63 21 1 4 1 0
14 63 21 1 4 1 0
8 63 21 1 4 1 0
4 63 21 1 4 1 0
19 62 21 1 4 1 0
3 62 21 1 4 1 0
13 61 21 1 4 1 0
5 58 21 2 4 1 0
7 58 21 1 4 1 0
15 58 21 3 2 1 0
4 59 21 1 4 1 0
8 59 21 1 4 1 0
14 59 21 1 4 1 0
18 59 21 1 4 1 0
3 60 21 1 2 1 0
9 60 21 1 4 1 0
13 60 21 1 1 1 0
19 60 21 1 2 1 0
4 22 21 3 1 1 0
18 22 21 1 1 1 0
6 62 21 1 3 1 0
7 62 21 1 2 1 0
15 60 21 1 4 1 0
5 62 21 1 2 1 0
6 57 22 1 4 1 0
3 18 22 2 4 1 0
5 18 22 2 8 1 0
16 18 22 2 8 1 0
18 18 22 2 4 1 0
2 19 22 1 4 1 0
7 19 22 1 4 1 0
15 19 22 1 4 1 0
16 60 22 2 8 1 0
15 64 22 1 4 1 0
6 64 22 2 4 1 0
5 64 22 1 4 1 0
8 20 22 1 4 1 0
14 20 22 1 4 1 0
20 20 22 1 4 1 0
2 23 22 3 1 1 0
3 24 22 2 1 1 0
7 23 22 1 2 1 0
15 23 22 1 2 1 0
18 22 22 2 3 1 0
4 25 22 1 1 1 0
18 25 22 1 1 1 0
18 63 22 1 4 1 0
14 63 22 1 4 1 0
8 63 22 1 4 1 0
4 63 22 1 4 1 0
19 62 22 1 4 1 0
3 62 22 1 4 1 0
13 61 22 1 4 1 0
4 58 22 2 4 1 0
7 58 22 2 4 1 0
14 58 22 2 4 1 0
16 58 22 3 2 1 0
3 59 22 1 3 1 0
19 59 22 1 3 1 0
9 60 22 1 4 1 0
13 60 22 1 1 1 0
2 62 22 1 2 1 0
20 62 22 1 2 1 0
3 22 22 2 1 1 0
18 60 22 1 3 1 0
5 62 22 4 1 1 0
14 62 22 2 1 1 0
5 63 22 3 1 1 0
4 62 22 1 1 1 0
15 63 22 1 1 1 0
6 61 22 1 1 1 0
3 18 23 4 2 1 0
7 18 23 1 4 1 0
15 18 23 4 2 1 0
19 18 23 1 4 1 0
2 19 23 1 4 1 0
14 19 23 1 4 1 0
20 19 23 1 4 1 0
16 60 23 2 8 1 0
5 60 23 2 8 1 0
8 20 23 1 4 1 0
2 23 23 4 1 1 0
14 23 23 4 1 1 0
18 23 23 3 1 1 0
3 24 23 4 1 1 0
7 22 23 1 3 1 0
15 24 23 4 1 1 0
19 24 23 1 1 1 0
18 63 23 1 4 1 0
15 63 23 1 4 1 0
4 25 23 3 1 1 0
16 25 23 3 1 1 0
7 63 23 1 4 1 0
4 63 23 1 4 1 0
19 62 23 1 4 1 0
14 62 23 1 4 1 0
8 62 23 1 4 1 0
3 62 23 1 4 1 0
20 61 23 1 4 1 0
13 61 23 1 4 1 0
2 61 23 1 4 1 0
4 57 23 4 2 1 0
15 57 23 4 2 1 0
3 58 23 1 4 1 0
8 58 23 1 4 1 0
14 58 23 1 4 1 0
19 58 23 1 4 1 0
2 59 23 1 2 1 0
9 59 23 1 4 1 0
13 59 23 1 2 1 0
20 59 23 1 2 1 0
9 63 23 1 1 1 0
3 20 23 4 2 1 0
15 20 23 4 2 1 0
3 22 23 4 1 1 0
15 22 23 4 1 1 0
19 22 23 1 1 1 0
6 23 23 1 1 1 0
4 59 23 4 1 1 0
15 59 23 4 1 1 0
4 60 23 1 3 1 0
18 60 23 1 3 1 0
7 60 23 1 3 1 0
15 60 23 1 3 1 0
5 17 24 1 4 1 0
1 61 24 4 1 1 0
3 18 24 2 4 1 0
6 18 24 2 4 1 0
15 18 24 2 4 1 0
18 18 24 2 4 1 0
2 19 24 1 4 1 0
8 19 24 1 4 1 0
14 19 24 1 4 1 0
20 19 24 1 4 1 0
2 23 24 4 1 1 0
6 23 24 3 1 1 0
14 23 24 4 1 1 0
18 23 24 3 1 1 0
3 24 24 4 1 1 0
7 24 24 1 1 1 0
15 24 24 4 1 1 0
19 24 24 1 1 1 0
17 59 24 2 8 1 0
15 59 24 2 8 1 0
6 59 24 2 8 1 0
4 63 24 2 4 1 0
4 25 24 3 1 1 0
16 25 24 3 1 1 0
19 62 24 1 4 1 0
14 62 24 1 4 1 0
8 62 24 1 4 1 0
3 62 24 1 4 1 0
20 61 24 1 4 1 0
13 61 24 1 4 1 0
2 62 24 1 3 1 0
3 57 24 2 4 1 0
5 57 24 4 2 1 0
15 57 24 4 2 1 0
14 58 24 1 4 1 0
19 58 24 1 4 1 0
2 59 24 1 2 1 0
8 59 24 2 3 1 0
13 59 24 1 2 1 0
20 59 24 1 2 1 0
21 60 24 1 3 1 0
9 62 24 1 2 1 0
17 18 24 1 4 1 0
3 22 24 4 1 1 0
7 22 24 1 1 1 0
15 22 24 4 1 1 0
19 22 24 1 1 1 0
5 59 24 1 4 1 0
4 62 24 1 1 1 0
5 21 24 1 1 1 0
4 17 25 2 8 1 0
16 17 25 2 8 1 0
18 17 25 1 4 1 0
2 18 25 2 4 1 0
6 18 25 2 4 1 0
15 18 25 1 4 1 0
19 18 25 2 4 1 0
8 19 25 1 4 1 0
14 19 25 1 4 1 0
1 20 25 1 2 1 0
21 20 25 1 2 1 0
2 22 25 2 2 1 0
14 23 25 2 1 1 0
18 22 25 3 2 1 0
3 24 25 1 1 1 0
6 23 25 3 2 1 0
15 24 25 1 1 1 0
18 24 25 2 1 1 0
17 59 25 2 8 1 0
15 59 25 2 8 1 0
6 59 25 2 8 1 0
4 59 25 2 8 1 0
4 25 25 3 1 1 0
16 25 25 3 1 1 0
19 62 25 1 4 1 0
14 62 25 1 4 1 0
8 62 25 1 4 1 0
3 62 25 1 4 1 0
20 61 25 1 4 1 0
2 61 25 1 4 1 0
5 56 25 2 3 1 0
16 56 25 2 3 1 0
3 57 25 1 4 1 0
8 57 25 1 4 1 0
14 57 25 1 4 1 0
19 57 25 1 4 1 0
2 58 25 1 3 1 0
20 58 25 1 3 1 0
9 59 25 1 4 1 0
13 59 25 1 4 1 0
1 60 25 1 3 1 0
21 60 25 1 3 1 0
9 63 25 1 1 1 0
13 63 25 1 1 1 0
4 57 25 1 2 1 0
7 57 25 1 2 1 0
15 57 25 1 2 1 0
18 57 25 1 2 1 0
6 22 25 2 1 1 0
15 22 25 1 1 1 0
8 61 25 1 1 1 0
14 61 25 1 1 1 0
3 61 25 1 1 1 0
19 61 25 1 1 1 0
18 21 25 1 1 1 0
3 17 26 2 8 1 0
5 17 26 2 8 1 0
16 17 26 2 8 1 0
18 17 26 1 4 1 0
2 18 26 1 4 1 0
7 18 26 2 4 1 0
14 18 26 2 4 1 0
19 18 26 2 4 1 0
1 19 26 1 3 1 0
21 19 26 1 4 1 0
2 22 26 1 2 1 0
18 22 26 3 2 1 0
7 22 26 2 3 1 0
14 22 26 2 3 1 0
18 24 26 2 1 1 0
18 59 26 2 8 1 0
15 59 26 2 8 1 0
6 59 26 2 8 1 0
3 59 26 2 8 1 0
4 25 26 4 1 1 0
15 25 26 4 1 1 0
20 62 26 1 4 1 0
14 62 26 1 4 1 0
8 62 26 1 4 1 0
2 62 26 1 4 1 0
4 56 26 4 2 1 0
15 56 26 4 2 1 0
2 57 26 1 4 1 0
8 57 26 1 4 1 0
14 57 26 1 4 1 0
19 57 26 1 2 1 0
20 58 26 1 4 1 0
1 59 26 1 4 1 0
9 59 26 1 4 1 0
13 59 26 1 4 1 0
21 59 26 1 4 1 0
1 63 26 1 1 1 0
9 63 26 1 1 1 0
13 63 26 1 1 1 0
21 63 26 1 1 1 0
17 63 26 1 4 1 0
5 63 26 1 4 1 0
3 57 26 1 2 1 0
4 58 26 4 1 1 0
15 58 26 4 1 1 0
2 61 26 1 1 1 0
8 61 26 1 1 1 0
14 61 26 1 1 1 0
18 21 26 1 1 1 0
5 59 26 1 4 1 0
17 59 26 1 4 1 0
9 32 27 1 3 1 0
13 32 27 1 3 1 0
3 17 27 2 8 1 0
5 17 27 2 8 1 0
15 17 27 2 8 1 0
18 17 27 2 8 1 0
2 18 27 1 4 1 0
7 18 27 2 4 1 0
14 18 27 1 4 1 0
20 18 27 1 4 1 0
1 19 27 1 4 1 0
21 19 27 1 4 1 0
2 22 27 1 3 1 0
7 22 27 2 3 1 0
14 22 27 1 3 1 0
20 22 27 1 3 1 0
18 59 27 2 8 1 0
15 59 27 2 8 1 0
6 59 27 2 8 1 0
3 59 27 2 8 1 0
3 25 27 4 1 1 0
7 25 27 1 1 1 0
15 25 27 4 1 1 0
19 25 27 1 1 1 0
20 62 27 1 4 1 0
14 62 27 1 4 1 0
8 62 27 1 4 1 0
2 62 27 1 4 1 0
10 32 27 1 2 1 0
12 32 27 1 2 1 0
4 55 27 2 4 1 0
6 55 27 1 4 1 0
15 55 27 2 4 1 0
17 55 27 1 4 1 0
3 56 27 1 3 1 0
7 56 27 2 3 1 0
14 56 27 1 4 1 0
18 56 27 2 3 1 0
2 57 27 1 4 1 0
20 57 27 1 4 1 0
13 58 27 1 4 1 0
1 59 27 1 4 1 0
8 59 27 2 3 1 0
21 59 27 1 4 1 0
1 63 27 1 1 1 0
9 62 27 1 2 1 0
13 62 27 1 2 1 0
21 63 27 1 1 1 0
17 17 27 1 4 1 0
17 63 27 1 4 1 0
5 63 27 1 4 1 0
17 21 27 1 4 1 0
14 60 27 1 2 1 0
2 61 27 1 1 1 0
20 61 27 1 1 1 0
17 59 27 1 4 1 0
5 59 27 1 4 1 0
2 17 28 2 8 1 0
6 17 28 2 8 1 0
15 17 28 2 8 1 0
18 17 28 2 8 1 0
8 18 28 1 4 1 0
14 18 28 1 4 1 0
20 18 28 1 4 1 0
1 19 28 1 4 1 0
21 19 28 1 4 1 0
9 21 28 1 2 1 0
13 21 28 1 2 1 0
18 59 28 2 8 1 0
8 22 28 1 3 1 0
14 22 28 1 3 1 0
20 22 28 1 3 1 0
15 59 28 2 8 1 0
6 59 28 2 8 1 0
3 59 28 2 8 1 0
3 25 28 4 1 1 0
7 25 28 1 1 1 0
15 25 28 4 1 1 0
19 25 28 1 1 1 0
7 28 28 2 8 1 0
13 28 28 2 8 1 0
6 29 28 1 4 1 0
15 29 28 1 4 1 0
16 30 28 1 4 1 0
20 62 28 1 4 1 0
14 62 28 1 4 1 0
8 62 28 1 4 1 0
2 62 28 1 4 1 0
6 33 28 1 4 1 0
15 34 28 2 3 1 0
7 37 28 8 2 1 0
15 37 28 1 2 1 0
8 39 28 4 1 1 0
12 39 28 3 1 1 0
9 40 28 4 1 1 0
13 40 28 1 1 1 0
5 54 28 2 4 1 0
15 54 28 2 4 1 0
17 54 28 1 4 1 0
4 55 28 1 4 1 0
7 55 28 1 4 1 0
14 55 28 1 4 1 0
18 55 28 1 4 1 0
3 56 28 1 3 1 0
8 56 28 1 4 1 0
13 56 28 1 4 1 0
19 56 28 1 3 1 0
2 57 28 1 4 1 0
9 57 28 1 4 1 0
20 57 28 1 4 1 0
1 58 28 1 4 1 0
21 58 28 1 4 1 0
1 62 28 1 2 1 0
9 61 28 1 3 1 0
13 60 28 1 4 1 0
21 62 28 1 2 1 0
4 17 28 2 8 1 0
17 17 28 1 4 1 0
17 63 28 1 4 1 0
5 63 28 1 4 1 0
9 28 28 2 8 1 0
11 28 28 2 8 1 0
15 33 28 1 1 1 0
7 36 28 4 1 1 0
11 36 28 4 1 1 0
17 21 28 1 4 1 0
14 59 28 1 3 1 0
8 60 28 1 2 1 0
2 61 28 1 1 1 0
20 61 28 1 1 1 0
15 58 28 3 1 1 0
5 58 28 2 1 1 0
17 59 28 1 4 1 0
5 59 28 1 4 1 0
11 51 29 1 3 1 0
12 52 29 1 1 1 0
2 17 29 2 8 1 0
6 17 29 2 8 1 0
15 17 29 2 8 1 0
19 17 29 2 8 1 0
1 18 29 1 4 1 0
8 18 29 1 4 1 0
14 18 29 1 4 1 0
21 18 29 1 4 1 0
9 20 29 1 3 1 0
13 20 29 1 3 1 0
1 22 29 1 1 1 0
21 22 29 1 2 1 0
19 59 29 2 8 1 0
15 59 29 2 8 1 0
6 59 29 2 8 1 0
2 59 29 2 8 1 0
8 22 29 1 3 1 0
14 22 29 1 3 1 0
3 25 29 4 1 1 0
7 25 29 1 1 1 0
10 25 29 2 8 1 0
12 25 29 1 4 1 0
15 25 29 4 1 1 0
19 25 29 1 1 1 0
9 26 29 1 4 1 0
13 26 29 1 4 1 0
6 27 29 2 8 1 0
15 27 29 2 8 1 0
5 29 29 1 4 1 0
17 29 29 1 4 1 0
14 62 29 1 4 1 0
8 62 29 1 4 1 0
21 61 29 1 4 1 0
13 61 29 1 4 1 0
9 61 29 1 4 1 0
1 61 29 1 4 1 0
5 36 29 8 2 1 0
14 36 29 4 2 1 0
6 38 29 8 2 1 0
7 40 29 4 1 1 0
14 39 29 3 2 1 0
12 41 29 4 1 1 0
8 41 29 4 2 1 0
12 42 29 3 1 1 0
9 43 29 4 1 1 0
13 43 29 1 1 1 0
10 52 29 1 2 1 0
4 54 29 2 8 1 0
6 54 29 2 4 1 0
15 54 29 2 4 1 0
17 54 29 1 4 1 0
3 55 29 1 4 1 0
8 55 29 1 4 1 0
13 55 29 2 4 1 0
18 55 29 2 4 1 0
2 56 29 1 3 1 0
9 56 29 1 4 1 0
12 56 29 1 4 1 0
20 56 29 1 3 1 0
1 58 29 1 3 1 0
21 58 29 1 3 1 0
12 60 29 1 3 1 0
4 17 29 2 8 1 0
17 17 29 2 8 1 0
17 59 29 2 8 1 0
4 63 29 2 4 1 0
8 27 29 1 4 1 0
14 27 29 1 4 1 0
5 33 29 1 3 1 0
17 33 29 1 3 1 0
14 38 29 3 1 1 0
8 60 29 2 1 1 0
12 29 29 1 4 1 0
9 30 29 1 4 1 0
13 30 29 1 4 1 0
8 31 29 1 4 1 0
14 31 29 1 4 1 0
10 33 29 3 2 1 0
6 35 29 4 1 1 0
10 35 29 4 1 1 0
14 35 29 3 1 1 0
13 36 29 1 2 1 0
11 40 29 3 1 1 0
13 59 29 2 2 1 0
8 59 29 1 1 1 0
8 61 29 1 1 1 0
9 34 29 1 1 1 0
13 34 29 1 1 1 0
6 58 29 2 1 1 0
14 61 29 1 1 1 0
15 58 29 3 1 1 0
4 62 29 2 1 1 0
5 16 30 2 8 1 0
16 16 30 2 8 1 0
2 17 30 2 8 1 0
7 17 30 1 4 1 0
15 17 30 1 4 1 0
19 17 30 2 8 1 0
1 18 30 1 4 1 0
8 18 30 1 4 1 0
14 18 30 1 4 1 0
21 18 30 1 4 1 0
13 19 30 1 4 1 0
1 22 30 1 2 1 0
21 22 30 1 2 1 0
19 59 30 2 8 1 0
15 59 30 2 8 1 0
6 59 30 2 8 1 0
2 59 30 2 8 1 0
3 25 30 4 1 1 0
16 25 30 4 1 1 0
6 27 30 2 8 1 0
16 27 30 2 8 1 0
5 28 30 1 4 1 0
18 28 30 1 4 1 0
4 29 30 1 4 1 0
14 62 30 1 4 1 0
8 62 30 1 4 1 0
4 33 30 2 2 1 0
18 32 30 1 4 1 0
21 61 30 1 4 1 0
13 61 30 1 4 1 0
9 61 30 1 4 1 0
1 61 30 1 4 1 0
5 38 30 8 2 1 0
16 36 30 2 4 1 0
6 40 30 8 2 1 0
14 40 30 3 2 1 0
7 42 30 4 1 1 0
12 42 30 4 2 1 0
8 43 30 4 2 1 0
12 44 30 3 1 1 0
9 45 30 4 2 1 0
13 45 30 1 2 1 0
10 50 30 2 4 1 0
12 50 30 1 4 1 0
9 51 30 1 4 1 0
13 51 30 1 4 1 0
4 54 30 2 8 1 0
6 54 30 2 4 1 0
17 54 30 2 8 1 0
3 55 30 1 4 1 0
19 55 30 1 4 1 0
2 56 30 1 3 1 0
20 56 30 1 3 1 0
1 57 30 1 4 1 0
21 58 30 1 3 1 0
10 59 30 1 4 1 0
12 60 30 1 4 1 0
4 17 30 1 4 1 0
18 17 30 1 4 1 0
9 20 30 2 8 1 0
11 20 30 2 8 1 0
17 63 30 2 4 1 0
4 63 30 2 4 1 0
7 22 30 2 3 1 0
7 25 30 1 2 1 0
8 26 30 1 4 1 0
13 26 30 4 1 1 0
5 35 30 8 2 1 0
5 37 30 4 1 1 0
14 54 30 2 4 1 0
16 54 30 1 4 1 0
8 55 30 2 4 1 0
10 55 30 4 2 1 0
10 57 30 1 2 1 0
12 57 30 2 3 1 0
13 23 30 2 3 1 0
10 54 30 3 1 1 0
15 22 30 1 4 1 0
4 21 30 1 4 1 0
5 24 30 2 1 1 0
16 24 30 3 1 1 0
14 27 30 2 8 1 0
13 27 30 1 4 1 0
5 32 30 1 1 1 0
14 35 30 4 1 1 0
14 36 30 2 4 1 0
11 42 30 1 1 1 0
8 59 30 2 2 1 0
13 60 30 2 1 1 0
14 22 30 1 1 1 0
18 21 30 1 3 1 0
9 28 30 2 4 1 0
11 28 30 2 4 1 0
8 30 30 1 4 1 0
13 31 30 1 4 1 0
9 32 30 4 2 1 0
8 34 30 4 1 1 0
12 34 30 1 1 1 0
13 35 30 1 4 1 0
9 37 30 4 1 1 0
13 39 30 1 1 1 0
14 58 30 3 1 1 0
14 59 30 1 1 1 0
8 61 30 1 1 1 0
14 61 30 1 1 1 0
7 21 30 1 1 1 0
15 21 30 1 1 1 0
6 58 30 2 1 1 0
4 62 30 2 1 1 0
17 62 30 2 1 1 0
3 16 31 2 8 1 0
6 16 31 2 8 1 0
15 16 31 2 8 1 0
18 16 31 2 8 1 0
2 17 31 1 4 1 0
8 17 31 1 4 1 0
14 17 31 1 4 1 0
20 17 31 1 4 1 0
1 18 31 1 4 1 0
21 18 31 1 4 1 0
22 19 31 1 3 1 0
0 20 31 1 2 1 0
1 22 31 2 2 1 0
20 22 31 2 2 1 0
19 59 31 2 8 1 0
14 59 31 2 8 1 0
7 59 31 2 8 1 0
2 59 31 2 8 1 0
2 24 31 4 1 1 0
17 24 31 4 1 1 0
3 25 31 4 1 1 0
16 25 31 4 1 1 0
5 27 31 8 2 1 0
17 27 31 2 8 1 0
4 28 31 1 4 1 0
21 62 31 1 4 1 0
13 62 31 1 4 1 0
9 62 31 1 4 1 0
1 62 31 1 4 1 0
12 61 31 1 4 1 0
4 36 31 8 2 1 0
15 36 31 4 2 1 0
10 39 31 8 2 1 0
5 40 31 4 2 1 0
6 43 31 8 2 1 0
15 41 31 2 4 1 0
7 45 31 8 2 1 0
15 45 31 1 2 1 0
8 47 31 4 2 1 0
12 47 31 3 2 1 0
8 51 31 2 8 1 0
13 51 31 2 8 1 0
4 54 31 2 8 1 0
17 54 31 2 8 1 0
3 55 31 1 4 1 0
19 55 31 1 4 1 0
2 56 31 1 3 1 0
20 56 31 1 3 1 0
1 57 31 1 4 1 0
21 57 31 1 4 1 0
5 16 31 1 4 1 0
17 16 31 1 4 1 0
9 18 31 2 8 1 0
11 18 31 2 8 1 0
13 18 31 1 4 1 0
17 63 31 2 4 1 0
16 63 31 1 4 1 0
5 63 31 2 4 1 0
4 63 31 1 4 1 0
6 26 31 4 1 1 0
14 26 31 4 1 1 0
4 32 31 8 2 1 0
4 34 31 8 2 1 0
15 35 31 4 1 1 0
5 38 31 4 2 1 0
14 38 31 4 1 1 0
6 42 31 4 1 1 0
9 49 31 4 2 1 0
13 49 31 1 2 1 0
6 54 31 2 4 1 0
15 54 31 2 4 1 0
1 61 31 1 1 1 0
21 61 31 1 1 1 0
10 56 31 2 8 1 0
8 22 31 1 4 1 0
13 22 31 2 4 1 0
7 24 31 1 2 1 0
5 29 31 8 2 1 0
5 31 31 4 1 1 0
14 41 31 1 4 1 0
10 51 31 2 4 1 0
12 51 31 1 4 1 0
10 55 31 3 1 1 0
12 57 31 1 4 1 0
2 21 31 1 1 1 0
20 21 31 1 1 1 0
15 24 31 1 2 1 0
6 24 31 1 1 1 0
10 26 31 4 1 1 0
5 20 31 1 4 1 0
14 27 31 2 8 1 0
16 27 31 1 4 1 0
13 27 31 1 4 1 0
16 31 31 1 4 1 0
9 41 31 4 1 1 0
13 41 31 1 2 1 0
10 42 31 3 1 1 0
12 56 31 1 1 1 0
9 59 31 1 3 1 0
13 59 31 1 3 1 0
8 21 31 1 1 1 0
14 21 31 1 1 1 0
16 24 31 1 1 1 0
17 20 31 1 4 1 0
9 31 31 4 1 1 0
13 31 31 1 4 1 0
12 34 31 1 4 1 0
13 35 31 2 3 1 0
9 38 31 4 1 1 0
13 38 31 1 1 1 0
9 39 31 1 2 1 0
4 62 31 3 1 1 0
16 62 31 3 1 1 0
12 32 31 1 2 1 0
6 58 31 1 4 1 0
7 58 31 1 1 1 0
15 58 31 2 1 1 0
16 59 31 1 3 1 0
0 62 32 4 1 1 0
3 16 32 2 8 1 0
6 16 32 2 8 1 0
15 16 32 2 8 1 0
18 16 32 2 8 1 0
1 17 32 2 4 1 0
20 17 32 2 4 1 0
0 19 32 1 3 1 0
22 19 32 1 3 1 0
1 21 32 2 3 1 0
20 21 32 2 3 1 0
19 59 32 2 8 1 0
14 59 32 2 8 1 0
7 59 32 2 8 1 0
2 63 32 2 4 1 0
2 24 32 4 1 1 0
17 24 32 4 1 1 0
3 25 32 4 1 1 0
16 25 32 4 1 1 0
12 28 32 8 2 1 0
3 29 32 8 2 1 0
21 62 32 1 4 1 0
12 58 32 2 8 1 0
9 62 32 1 4 1 0
1 63 32 1 3 1 0
12 33 32 8 2 1 0
3 34 32 8 2 1 0
10 61 32 1 4 1 0
4 38 32 8 2 1 0
17 36 32 2 4 1 0
5 42 32 8 2 1 0
16 40 32 2 4 1 0
6 46 32 8 2 1 0
15 44 32 2 4 1 0
4 54 32 2 8 1 0
17 54 32 2 8 1 0
2 55 32 2 4 1 0
19 55 32 2 4 1 0
1 56 32 1 4 1 0
21 57 32 1 4 1 0
22 61 32 1 3 1 0
5 16 32 1 4 1 0
17 16 32 1 4 1 0
8 17 32 2 8 1 0
10 17 32 2 8 1 0
12 17 32 2 8 1 0
14 17 32 1 4 1 0
17 63 32 2 4 1 0
16 63 32 1 4 1 0
5 63 32 2 4 1 0
4 63 32 1 4 1 0
4 26 32 8 2 1 0
15 26 32 4 2 1 0
4 28 32 4 1 1 0
12 30 32 8 2 1 0
3 31 32 8 2 1 0
16 32 32 4 1 1 0
3 33 32 4 1 1 0
15 35 32 4 1 1 0
4 36 32 8 2 1 0
5 40 32 8 2 1 0
6 44 32 8 2 1 0
7 48 32 2 8 1 0
14 48 32 2 8 1 0
6 54 32 1 4 1 0
16 54 32 1 4 1 0
1 60 32 3 2 1 0
11 60 32 1 4 1 0
8 25 32 4 1 1 0
14 44 32 1 4 1 0
9 48 32 2 8 1 0
11 48 32 2 8 1 0
13 48 32 1 4 1 0
8 56 32 8 2 1 0
9 58 32 3 2 1 0
2 59 32 2 1 1 0
21 61 32 1 1 1 0
7 24 32 1 2 1 0
13 25 32 2 3 1 0
15 36 32 2 4 1 0
14 40 32 2 4 1 0
13 52 32 1 4 1 0
9 60 32 2 1 1 0
14 21 32 1 4 1 0
12 25 32 1 3 1 0
15 24 32 1 2 1 0
6 24 32 1 1 1 0
5 20 32 1 4 1 0
13 40 32 1 4 1 0
7 56 32 1 3 1 0
9 61 32 1 1 1 0
17 20 32 1 4 1 0
16 62 32 3 1 1 0
6 59 32 1 4 1 0
4 62 32 2 1 1 0
16 24 32 1 1 1 0
8 28 32 4 1 1 0
11 29 32 1 4 1 0
12 32 32 4 1 1 0
7 33 32 4 1 1 0
11 33 32 1 3 1 0
12 35 32 2 4 1 0
14 35 32 1 4 1 0
12 39 32 3 1 1 0
6 58 32 1 1 1 0
16 58 32 1 4 1 0
8 58 32 1 1 1 0
14 58 32 2 1 1 0
16 64 33 1 4 1 0
6 64 33 1 4 1 0
3 16 33 8 2 1 0
12 16 33 8 2 1 0
1 17 33 2 4 1 0
20 17 33 2 4 1 0
0 19 33 1 3 1 0
22 19 33 1 3 1 0
19 59 33 2 8 1 0
1 22 33 8 2 1 0
14 22 33 8 2 1 0
13 59 33 2 8 1 0
8 59 33 2 8 1 0
2 59 33 2 8 1 0
2 24 33 4 1 1 0
17 24 33 4 1 1 0
3 25 33 4 1 1 0
16 25 33 4 1 1 0
3 27 33 8 2 1 0
12 27 33 8 2 1 0
21 62 33 1 4 1 0
12 62 33 1 4 1 0
10 62 33 1 4 1 0
1 62 33 1 4 1 0
3 35 33 8 2 1 0
12 35 33 8 2 1 0
4 39 33 8 2 1 0
15 39 33 4 2 1 0
5 44 33 8 2 1 0
14 45 33 4 2 1 0
4 54 33 8 2 1 0
17 54 33 2 8 1 0
2 55 33 2 4 1 0
19 55 33 2 4 1 0
1 56 33 1 4 1 0
21 56 33 1 4 1 0
22 59 33 1 4 1 0
0 60 33 1 4 1 0
22 63 33 1 1 1 0
11 16 33 1 4 1 0
17 63 33 2 4 1 0
15 63 33 1 4 1 0
7 63 33 1 4 1 0
4 59 33 2 8 1 0
4 26 33 4 1 1 0
15 26 33 4 1 1 0
3 29 33 8 2 1 0
12 29 33 8 2 1 0
3 31 33 8 2 1 0
12 31 33 8 2 1 0
3 33 33 8 2 1 0
12 33 33 8 2 1 0
11 61 33 1 4 1 0
4 37 33 8 2 1 0
15 37 33 4 2 1 0
5 41 33 8 2 1 0
14 41 33 4 2 1 0
5 43 33 4 1 1 0
14 43 33 4 2 1 0
6 46 33 8 2 1 0
15 47 33 2 8 1 0
6 48 33 8 2 1 0
6 50 33 8 2 1 0
6 52 33 8 2 1 0
1 21 33 4 1 1 0
18 21 33 4 1 1 0
14 49 33 1 4 1 0
1 60 33 1 2 1 0
21 60 33 1 2 1 0
3 18 33 8 2 1 0
12 18 33 8 2 1 0
8 24 33 8 2 1 0
14 47 33 1 2 1 0
14 53 33 1 4 1 0
15 55 33 2 8 1 0
4 56 33 8 2 1 0
10 58 33 3 2 1 0
10 60 33 3 1 1 0
9 20 33 8 2 1 0
3 20 33 4 1 1 0
17 20 33 3 1 1 0
10 22 33 4 2 1 0
9 22 33 1 2 1 0
7 24 33 1 2 1 0
8 26 33 4 1 1 0
12 26 33 3 1 1 0
13 42 33 1 4 1 0
12 54 33 2 4 1 0
4 58 33 4 1 1 0
10 61 33 1 1 1 0
12 61 33 1 1 1 0
7 20 33 2 2 1 0
16 63 33 1 1 1 0
6 60 33 1 4 1 0
17 62 33 2 1 1 0
7 59 33 1 4 1 0
6 24 33 1 1 1 0
16 24 33 1 1 1 0
11 27 33 1 4 1 0
13 37 33 2 4 1 0
13 41 33 1 1 1 0
9 43 33 4 1 1 0
8 58 33 2 1 1 0
13 58 33 2 1 1 0
5 21 33 2 1 1 0
17 21 33 1 1 1 0
11 31 33 1 4 1 0
11 35 33 1 2 1 0
12 37 33 1 4 1 0
14 57 33 1 1 1 0
6 59 33 1 1 1 0
9 15 34 1 4 1 0
5 15 34 2 8 1 0
7 15 34 1 4 1 0
15 15 34 2 8 1 0
17 15 34 1 4 1 0
3 16 34 2 8 1 0
19 16 34 2 8 1 0
1 17 34 2 4 1 0
21 17 34 1 4 1 0
0 19 34 1 3 1 0
22 19 34 1 3 1 0
16 60 34 2 8 1 0
15 64 34 1 4 1 0
6 60 34 2 8 1 0
5 64 34 1 4 1 0
19 59 34 2 8 1 0
13 59 34 2 8 1 0
8 59 34 2 8 1 0
2 59 34 2 8 1 0
1 21 34 2 3 1 0
21 21 34 1 3 1 0
2 24 34 8 2 1 0
13 24 34 8 2 1 0
13 29 34 8 2 1 0
21 62 34 1 4 1 0
1 62 34 1 4 1 0
2 30 34 8 2 1 0
2 32 34 8 2 1 0
13 33 34 8 2 1 0
3 37 34 8 2 1 0
12 37 34 8 2 1 0
4 41 34 8 2 1 0
17 40 34 2 4 1 0
5 47 34 8 2 1 0
16 45 34 2 4 1 0
5 53 34 8 2 1 0
16 53 34 2 4 1 0
3 54 34 2 4 1 0
18 54 34 2 4 1 0
2 55 34 1 4 1 0
20 55 34 1 4 1 0
1 56 34 1 4 1 0
21 56 34 1 4 1 0
0 58 34 1 4 1 0
22 58 34 1 4 1 0
0 62 34 1 2 1 0
22 62 34 1 2 1 0
8 16 34 1 4 1 0
10 16 34 2 8 1 0
12 16 34 2 8 1 0
14 16 34 1 4 1 0
18 16 34 1 4 1 0
18 63 34 1 4 1 0
4 63 34 1 4 1 0
3 26 34 8 2 1 0
12 26 34 8 2 1 0
3 28 34 8 2 1 0
16 28 34 4 1 1 0
11 58 34 2 8 1 0
10 62 34 1 4 1 0
13 31 34 8 2 1 0
3 34 34 8 2 1 0
12 35 34 8 2 1 0
3 36 34 4 1 1 0
4 39 34 8 2 1 0
15 39 34 4 1 1 0
5 43 34 8 2 1 0
14 44 34 4 1 1 0
5 45 34 8 2 1 0
6 49 34 8 2 1 0
15 49 34 2 4 1 0
6 51 34 8 2 1 0
1 60 34 1 2 1 0
21 60 34 1 2 1 0
15 40 34 2 4 1 0
14 45 34 2 4 1 0
14 49 34 1 4 1 0
14 53 34 2 4 1 0
5 55 34 8 2 1 0
9 19 34 1 4 1 0
17 20 34 2 4 1 0
13 45 34 1 4 1 0
11 57 34 4 1 1 0
3 58 34 4 1 1 0
16 58 34 4 1 1 0
7 19 34 1 4 1 0
17 19 34 1 1 1 0
8 20 34 1 4 1 0
14 20 34 1 4 1 0
15 60 34 1 4 1 0
5 60 34 1 4 1 0
18 59 34 1 4 1 0
9 23 34 1 1 1 0
4 59 34 1 4 1 0
5 23 34 3 1 1 0
10 24 34 3 2 1 0
12 28 34 4 1 1 0
10 58 34 1 4 1 0
7 36 34 4 1 1 0
13 39 34 2 4 1 0
13 43 34 2 1 1 0
13 44 34 1 1 1 0
13 53 34 1 4 1 0
5 57 34 4 1 1 0
15 57 34 3 1 1 0
9 57 34 2 1 1 0
15 23 34 2 1 1 0
11 26 34 1 4 1 0
12 39 34 1 4 1 0
7 58 34 3 1 1 0
13 58 34 3 1 1 0
5 59 34 3 1 1 0
15 59 34 3 1 1 0
12 29 34 1 4 1 0
10 30 34 2 4 1 0
11 34 34 1 4 1 0
12 33 34 1 2 1 0
11 38 34 1 1 1 0
4 15 35 8 2 1 0
17 15 35 2 8 1 0
2 16 35 2 8 1 0
19 16 35 2 8 1 0
1 17 35 1 4 1 0
21 17 35 1 4 1 0
0 19 35 1 3 1 0
22 19 35 1 4 1 0
16 60 35 2 8 1 0
14 60 35 2 8 1 0
6 60 35 2 8 1 0
5 64 35 1 4 1 0
19 59 35 2 8 1 0
12 59 35 2 8 1 0
8 59 35 2 8 1 0
2 59 35 2 8 1 0
1 21 35 1 3 1 0
18 24 35 4 1 1 0
2 24 35 8 2 1 0
17 25 35 4 1 1 0
2 28 35 8 2 1 0
13 28 35 8 2 1 0
21 62 35 1 4 1 0
1 62 35 1 4 1 0
2 35 35 8 2 1 0
13 35 35 8 2 1 0
3 38 35 8 2 1 0
12 38 35 8 2 1 0
4 45 35 8 2 1 0
15 45 35 4 2 1 0
3 54 35 8 2 1 0
12 54 35 8 2 1 0
2 55 35 1 4 1 0
20 55 35 1 4 1 0
1 56 35 1 4 1 0
21 56 35 1 4 1 0
0 57 35 1 4 1 0
22 57 35 1 4 1 0
0 61 35 1 3 1 0
22 61 35 1 3 1 0
12 15 35 2 8 1 0
14 15 35 2 8 1 0
16 15 35 1 4 1 0
18 63 35 1 4 1 0
4 63 35 1 4 1 0
21 21 35 1 3 1 0
3 26 35 8 2 1 0
12 26 35 8 2 1 0
10 58 35 2 8 1 0
2 30 35 8 2 1 0
13 30 35 8 2 1 0
2 32 35 8 2 1 0
13 32 35 8 2 1 0
2 34 35 4 1 1 0
17 34 35 4 1 1 0
3 37 35 4 1 1 0
16 37 35 4 1 1 0
4 40 35 8 2 1 0
15 40 35 4 2 1 0
4 42 35 8 2 1 0
15 42 35 4 2 1 0
4 44 35 4 1 1 0
15 44 35 4 1 1 0
5 47 35 8 2 1 0
14 47 35 4 2 1 0
5 49 35 8 2 1 0
14 49 35 4 2 1 0
5 51 35 8 2 1 0
14 51 35 4 2 1 0
5 53 35 4 1 1 0
14 53 35 4 1 1 0
1 60 35 1 2 1 0
21 60 35 1 2 1 0
4 17 35 8 2 1 0
3 56 35 8 2 1 0
12 56 35 8 2 1 0
4 22 35 8 2 1 0
15 23 35 4 1 1 0
3 58 35 4 1 1 0
16 58 35 4 1 1 0
4 19 35 8 2 1 0
16 19 35 1 4 1 0
5 60 35 1 4 1 0
4 21 35 4 1 1 0
18 59 35 1 4 1 0
4 59 35 1 4 1 0
14 24 35 4 1 1 0
13 25 35 4 1 1 0
6 34 35 4 1 1 0
13 34 35 4 1 1 0
7 37 35 4 1 1 0
12 37 35 4 1 1 0
13 40 35 2 4 1 0
8 44 35 4 1 1 0
12 44 35 3 2 1 0
12 46 35 3 1 1 0
13 47 35 1 4 1 0
13 51 35 1 3 1 0
9 53 35 4 1 1 0
11 54 35 1 4 1 0
8 21 35 4 1 1 0
12 23 35 2 2 1 0
10 24 35 2 2 1 0
12 58 35 4 1 1 0
5 59 35 3 1 1 0
14 59 35 4 1 1 0
14 23 35 1 1 1 0
12 25 35 1 1 1 0
11 26 35 1 4 1 0
12 40 35 1 4 1 0
7 58 35 3 1 1 0
10 28 35 1 4 1 0
12 28 35 1 4 1 0
11 30 35 1 4 1 0
10 34 35 3 2 1 0
10 36 35 3 1 1 0
11 37 35 1 3 1 0
10 32 35 1 2 1 0
12 32 35 1 2 1 0
8 14 36 2 8 1 0
13 14 36 2 8 1 0
4 15 36 2 8 1 0
17 15 36 2 8 1 0
2 16 36 2 8 1 0
19 16 36 2 8 1 0
1 17 36 1 4 1 0
21 17 36 1 4 1 0
0 19 36 1 4 1 0
22 19 36 1 4 1 0
16 60 36 2 8 1 0
14 60 36 2 8 1 0
7 60 36 2 8 1 0
5 60 36 2 8 1 0
19 59 36 2 8 1 0
12 59 36 2 8 1 0
9 59 36 2 8 1 0
2 59 36 2 8 1 0
1 21 36 1 4 1 0
21 21 36 1 4 1 0
2 24 36 8 2 1 0
13 24 36 8 2 1 0
2 27 36 2 8 1 0
19 27 36 2 8 1 0
21 62 36 1 4 1 0
1 62 36 1 4 1 0
22 61 36 1 4 1 0
2 36 36 8 2 1 0
13 36 36 8 2 1 0
3 40 36 8 2 1 0
12 41 36 8 2 1 0
11 47 36 8 2 1 0
4 42 36 2 8 1 0
4 53 36 8 2 1 0
17 53 36 2 4 1 0
3 54 36 1 4 1 0
19 54 36 1 4 1 0
2 55 36 1 4 1 0
20 55 36 1 4 1 0
1 56 36 1 4 1 0
21 56 36 1 4 1 0
0 57 36 1 4 1 0
22 57 36 1 4 1 0
0 61 36 1 3 1 0
10 14 36 2 8 1 0
12 14 36 1 4 1 0
6 15 36 2 8 1 0
15 15 36 2 8 1 0
18 63 36 1 4 1 0
4 63 36 1 4 1 0
3 26 36 4 1 1 0
16 26 36 4 1 1 0
11 62 36 1 4 1 0
2 35 36 4 1 1 0
17 35 36 4 1 1 0
3 38 36 8 2 1 0
12 38 36 8 2 1 0
16 40 36 4 1 1 0
11 43 36 8 2 1 0
11 45 36 8 2 1 0
10 49 36 8 2 1 0
5 50 36 4 2 1 0
10 51 36 8 2 1 0
5 52 36 4 1 1 0
1 60 36 1 2 1 0
21 60 36 1 2 1 0
4 27 36 2 8 1 0
17 27 36 2 8 1 0
6 42 36 2 8 1 0
15 53 36 2 4 1 0
4 55 36 8 2 1 0
4 23 36 4 1 1 0
15 23 36 4 1 1 0
3 58 36 4 1 1 0
16 58 36 4 1 1 0
12 18 36 1 4 1 0
18 59 36 1 4 1 0
4 59 36 1 4 1 0
7 26 36 2 8 1 0
6 27 36 1 4 1 0
14 26 36 2 8 1 0
16 27 36 1 4 1 0
11 58 36 1 4 1 0
6 31 36 1 4 1 0
16 31 36 1 4 1 0
6 35 36 4 1 1 0
13 35 36 4 1 1 0
12 40 36 4 1 1 0
8 42 36 2 8 1 0
9 50 36 1 3 1 0
13 53 36 2 4 1 0
4 57 36 4 1 1 0
15 57 36 4 1 1 0
7 34 36 4 1 1 0
12 34 36 4 1 1 0
10 45 36 1 4 1 0
11 57 36 4 1 1 0
5 59 36 4 1 1 0
14 59 36 4 1 1 0
10 22 36 2 8 1 0
12 22 36 3 2 1 0
8 22 36 2 2 1 0
12 24 36 1 4 1 0
9 26 36 1 4 1 0
13 26 36 1 4 1 0
10 42 36 1 3 1 0
12 53 36 1 4 1 0
8 57 36 3 2 1 0
12 58 36 4 1 1 0
9 30 36 2 4 1 0
12 30 36 2 4 1 0
11 39 36 1 4 1 0
7 58 36 1 1 1 0
12 28 36 1 2 1 0
11 30 36 1 4 1 0
11 34 36 1 4 1 0
10 35 36 1 3 1 0
12 35 36 1 3 1 0
11 38 36 1 1 1 0
6 14 37 8 2 1 0
15 14 37 2 8 1 0
3 15 37 2 8 1 0
18 15 37 2 8 1 0
2 16 37 1 4 1 0
20 16 37 1 4 1 0
1 17 37 1 4 1 0
21 17 37 1 4 1 0
0 19 37 1 4 1 0
22 19 37 1 4 1 0
16 60 37 2 8 1 0
14 60 37 2 8 1 0
7 60 37 2 8 1 0
5 60 37 2 8 1 0
19 59 37 2 8 1 0
12 59 37 2 8 1 0
9 59 37 2 8 1 0
2 59 37 2 8 1 0
1 23 37 8 2 1 0
14 23 37 8 2 1 0
21 62 37 1 4 1 0
1 62 37 1 4 1 0
1 31 37 8 2 1 0
14 31 37 8 2 1 0
1 33 37 8 2 1 0
14 34 37 8 2 1 0
2 37 37 8 2 1 0
13 37 37 8 2 1 0
3 44 37 8 2 1 0
12 44 37 8 2 1 0
3 54 37 8 2 1 0
12 54 37 8 2 1 0
2 55 37 1 4 1 0
20 55 37 1 4 1 0
1 56 37 1 4 1 0
21 56 37 1 4 1 0
0 57 37 1 4 1 0
22 57 37 1 4 1 0
0 61 37 1 3 1 0
22 61 37 1 3 1 0
14 14 37 1 4 1 0
5 15 37 1 4 1 0
17 15 37 1 4 1 0
18 63 37 1 4 1 0
4 63 37 1 4 1 0
2 25 37 8 2 1 0
13 25 37 8 2 1 0
2 27 37 8 2 1 0
13 27 37 8 2 1 0
2 29 37 8 2 1 0
13 29 37 8 2 1 0
11 62 37 1 4 1 0
18 33 37 4 1 1 0
2 35 37 8 2 1 0
17 36 37 4 1 1 0
3 39 37 8 2 1 0
12 39 37 8 2 1 0
3 41 37 8 2 1 0
12 41 37 8 2 1 0
3 43 37 4 1 1 0
16 43 37 4 1 1 0
4 46 37 8 2 1 0
17 46 37 2 8 1 0
4 48 37 8 2 1 0
4 50 37 8 2 1 0
4 52 37 8 2 1 0
1 21 37 2 2 1 0
20 21 37 2 2 1 0
1 60 37 1 2 1 0
21 60 37 1 2 1 0
6 16 37 8 2 1 0
2 20 37 1 1 1 0
20 20 37 1 1 1 0
15 46 37 2 8 1 0
3 56 37 8 2 1 0
12 56 37 8 2 1 0
3 58 37 4 1 1 0
16 58 37 4 1 1 0
6 18 37 8 2 1 0
14 18 37 1 4 1 0
5 19 37 1 4 1 0
17 19 37 1 4 1 0
18 59 37 1 4 1 0
4 59 37 1 4 1 0
11 58 37 1 4 1 0
14 33 37 4 1 1 0
13 36 37 4 1 1 0
7 43 37 4 1 1 0
12 43 37 4 1 1 0
13 46 37 2 8 1 0
5 59 37 4 1 1 0
14 59 37 4 1 1 0
6 20 37 8 2 1 0
6 22 37 4 1 1 0
13 22 37 4 1 1 0
12 46 37 1 4 1 0
12 50 37 1 4 1 0
11 54 37 1 4 1 0
10 22 37 2 8 1 0
12 22 37 1 4 1 0
9 23 37 1 2 1 0
13 23 37 1 2 1 0
11 42 37 1 4 1 0
7 58 37 4 1 1 0
12 58 37 4 1 1 0
12 26 37 1 4 1 0
10 30 37 2 8 1 0
9 31 37 1 4 1 0
12 30 37 1 4 1 0
13 31 37 1 4 1 0
12 35 37 2 1 1 0
12 36 37 1 3 1 0
10 38 37 2 1 1 0
11 39 37 1 3 1 0
12 34 37 1 1 1 0
8 13 38 2 8 1 0
13 13 38 2 8 1 0
5 14 38 2 8 1 0
16 14 38 2 8 1 0
3 15 38 2 8 1 0
18 15 38 2 8 1 0
2 16 38 1 4 1 0
20 16 38 1 4 1 0
1 17 38 1 4 1 0
21 17 38 1 4 1 0
0 19 38 1 4 1 0
22 19 38 1 4 1 0
16 60 38 2 8 1 0
13 60 38 2 8 1 0
8 60 38 2 8 1 0
5 60 38 2 8 1 0
19 59 38 2 8 1 0
2 59 38 2 8 1 0
1 24 38 8 2 1 0
14 24 38 8 2 1 0
1 29 38 8 2 1 0
21 62 38 1 4 1 0
1 62 38 1 4 1 0
14 29 38 8 2 1 0
1 34 38 8 2 1 0
14 34 38 8 2 1 0
13 39 38 8 2 1 0
2 40 38 8 2 1 0
3 42 38 2 8 1 0
18 43 38 2 8 1 0
3 52 38 8 2 1 0
12 52 38 8 2 1 0
2 54 38 8 2 1 0
13 55 38 8 2 1 0
1 56 38 8 2 1 0
21 56 38 1 4 1 0
0 57 38 1 4 1 0
22 57 38 1 4 1 0
0 61 38 1 3 1 0
22 61 38 1 3 1 0
10 13 38 2 8 1 0
12 13 38 1 4 1 0
7 14 38 1 4 1 0
15 14 38 1 4 1 0
15 64 38 1 4 1 0
7 64 38 1 4 1 0
18 63 38 1 4 1 0
11 59 38 2 8 1 0
10 63 38 1 4 1 0
4 63 38 1 4 1 0
1 21 38 2 3 1 0
20 21 38 2 3 1 0
2 26 38 8 2 1 0
13 26 38 8 2 1 0
2 28 38 4 1 1 0
17 28 38 4 1 1 0
1 31 38 8 2 1 0
14 31 38 8 2 1 0
1 33 38 4 1 1 0
18 33 38 4 1 1 0
2 36 38 8 2 1 0
13 36 38 8 2 1 0
2 38 38 8 2 1 0
17 38 38 4 1 1 0
12 41 38 8 2 1 0
4 50 38 8 2 1 0
15 51 38 4 1 1 0
16 54 38 4 1 1 0
1 58 38 1 4 1 0
21 60 38 1 2 1 0
2 20 38 1 1 1 0
20 20 38 1 1 1 0
3 23 38 4 1 1 0
16 23 38 4 1 1 0
5 42 38 2 8 1 0
16 43 38 2 8 1 0
13 57 38 8 2 1 0
2 58 38 4 1 1 0
12 17 38 1 4 1 0
7 18 38 1 4 1 0
15 18 38 1 4 1 0
15 60 38 1 4 1 0
7 60 38 1 4 1 0
18 59 38 1 4 1 0
10 59 38 1 4 1 0
4 59 38 1 4 1 0
6 28 38 4 1 1 0
13 28 38 4 1 1 0
5 33 38 4 1 1 0
14 33 38 4 1 1 0
13 38 38 4 1 1 0
7 42 38 2 8 1 0
14 43 38 2 8 1 0
12 51 38 3 1 1 0
12 54 38 4 1 1 0
5 22 38 4 1 1 0
14 22 38 4 1 1 0
5 59 38 4 1 1 0
14 59 38 4 1 1 0
7 23 38 4 1 1 0
12 23 38 4 1 1 0
9 42 38 2 8 1 0
12 43 38 2 8 1 0
6 58 38 4 1 1 0
11 46 38 1 4 1 0
11 55 38 2 4 1 0
8 21 38 4 1 1 0
12 21 38 2 2 1 0
14 21 38 1 1 1 0
13 59 38 1 1 1 0
9 59 38 1 1 1 0
9 22 38 3 1 1 0
10 55 38 1 4 1 0
11 23 38 1 4 1 0
9 24 38 2 2 1 0
12 24 38 1 4 1 0
13 24 38 1 2 1 0
10 26 38 1 4 1 0
9 29 38 1 4 1 0
11 28 38 2 8 1 0
13 29 38 1 4 1 0
9 33 38 2 3 1 0
13 33 38 1 3 1 0
10 36 38 2 4 1 0
12 36 38 1 4 1 0
10 40 38 2 2 1 0
12 40 38 1 1 1 0
11 42 38 1 4 1 0
11 52 38 1 3 1 0
10 54 38 1 1 1 0
9 56 38 1 2 1 0
11 27 38 1 1 1 0
10 30 38 1 3 1 0
7 13 39 8 2 1 0
15 13 39 1 4 1 0
5 14 39 2 8 1 0
16 14 39 2 8 1 0
3 15 39 2 8 1 0
18 15 39 2 8 1 0
2 16 39 1 4 1 0
20 16 39 1 4 1 0
1 17 39 1 4 1 0
21 17 39 1 4 1 0
0 19 39 1 4 1 0
22 19 39 1 4 1 0
16 60 39 2 8 1 0
13 60 39 2 8 1 0
8 60 39 2 8 1 0
5 60 39 2 8 1 0
18 59 39 2 8 1 0
3 59 39 2 8 1 0
1 24 39 8 2 1 0
14 24 39 8 2 1 0
1 28 39 8 2 1 0
14 28 39 8 2 1 0
20 58 39 2 8 1 0
1 58 39 2 8 1 0
1 35 39 8 2 1 0
14 35 39 8 2 1 0
2 45 39 8 2 1 0
13 45 39 8 2 1 0
2 53 39 8 2 1 0
13 54 39 8 2 1 0
1 55 39 8 2 1 0
21 55 39 1 3 1 0
0 57 39 4 1 1 0
22 57 39 1 4 1 0
0 60 39 1 4 1 0
22 61 39 1 3 1 0
15 64 39 1 4 1 0
7 64 39 1 4 1 0
11 59 39 2 8 1 0
10 63 39 1 4 1 0
1 21 39 2 3 1 0
20 21 39 2 3 1 0
2 26 39 8 2 1 0
13 26 39 8 2 1 0
1 30 39 8 2 1 0
14 30 39 8 2 1 0
1 32 39 8 2 1 0
14 32 39 8 2 1 0
1 34 39 4 1 1 0
18 34 39 4 1 1 0
2 37 39 8 2 1 0
13 37 39 8 2 1 0
2 39 39 8 2 1 0
13 39 39 8 2 1 0
2 41 39 8 2 1 0
13 41 39 8 2 1 0
2 43 39 8 2 1 0
13 43 39 8 2 1 0
3 47 39 8 2 1 0
12 47 39 8 2 1 0
3 49 39 8 2 1 0
12 49 39 8 2 1 0
3 51 39 8 2 1 0
12 51 39 8 2 1 0
16 53 39 4 1 1 0
0 58 39 1 2 1 0
13 56 39 8 2 1 0
7 15 39 8 2 1 0
2 20 39 1 1 1 0
20 20 39 1 1 1 0
3 23 39 4 1 1 0
16 23 39 4 1 1 0
3 58 39 4 1 1 0
16 58 39 4 1 1 0
7 17 39 8 2 1 0
15 17 39 1 4 1 0
15 60 39 1 4 1 0
7 60 39 1 4 1 0
10 59 39 1 4 1 0
5 34 39 4 1 1 0
14 34 39 4 1 1 0
12 53 39 4 1 1 0
4 57 39 4 1 1 0
5 22 39 4 1 1 0
14 22 39 4 1 1 0
5 59 39 4 1 1 0
14 59 39 4 1 1 0
7 19 39 8 2 1 0
7 23 39 4 1 1 0
12 23 39 4 1 1 0
7 21 39 4 1 1 0
12 21 39 4 1 1 0
7 58 39 4 1 1 0
12 58 39 4 1 1 0
11 21 39 1 4 1 0
13 59 39 1 1 1 0
9 59 39 1 1 1 0
11 55 39 1 4 1 0
9 24 39 2 2 1 0
12 24 39 2 2 1 0
10 26 39 2 8 1 0
12 26 39 1 4 1 0
9 28 39 1 4 1 0
13 28 39 1 4 1 0
9 32 39 1 4 1 0
12 32 39 2 4 1 0
9 36 39 4 1 1 0
13 36 39 1 1 1 0
10 37 39 2 8 1 0
12 37 39 1 4 1 0
12 41 39 1 4 1 0
10 45 39 3 2 1 0
11 47 39 1 4 1 0
11 51 39 1 4 1 0
10 53 39 1 4 1 0
12 54 39 1 4 1 0
9 55 39 1 3 1 0
8 57 39 1 1 1 0
9 22 39 2 1 1 0
12 22 39 2 1 1 0
10 57 39 1 1 1 0
12 30 39 1 2 1 0
10 34 39 2 2 1 0
11 25 39 1 1 1 0
6 13 40 2 8 1 0
15 13 40 2 8 1 0
5 14 40 1 4 1 0
17 14 40 2 8 1 0
3 15 40 2 8 1 0
19 15 40 1 4 1 0
1 16 40 2 8 1 0
20 16 40 2 8 1 0
0 19 40 1 4 1 0
22 19 40 1 4 1 0
16 60 40 2 8 1 0
13 60 40 2 8 1 0
8 60 40 2 8 1 0
5 60 40 2 8 1 0
18 59 40 2 8 1 0
3 59 40 2 8 1 0
14 24 40 8 2 1 0
20 27 40 2 8 1 0
20 62 40 1 4 1 0
2 62 40 1 4 1 0
21 61 40 1 4 1 0
1 61 40 1 4 1 0
1 30 40 2 8 1 0
14 36 40 8 2 1 0
1 55 40 8 2 1 0
14 55 40 8 2 1 0
0 57 40 8 2 1 0
15 57 40 8 2 1 0
0 60 40 1 4 1 0
22 60 40 1 4 1 0
8 13 40 2 8 1 0
10 13 40 2 8 1 0
12 13 40 2 8 1 0
14 13 40 1 4 1 0
15 64 40 1 4 1 0
7 64 40 1 4 1 0
11 59 40 2 8 1 0
10 63 40 1 4 1 0
1 24 40 8 2 1 0
1 26 40 8 2 1 0
17 26 40 4 1 1 0
1 28 40 8 2 1 0
18 35 40 4 1 1 0
2 38 40 2 8 1 0
19 38 40 2 8 1 0
2 46 40 2 8 1 0
19 46 40 2 8 1 0
2 54 40 4 1 1 0
17 54 40 4 1 1 0
0 59 40 3 1 1 0
20 59 40 3 1 1 0
1 60 40 2 1 1 0
20 60 40 2 1 1 0
3 23 40 4 1 1 0
12 22 40 8 2 1 0
18 27 40 2 8 1 0
3 30 40 2 8 1 0
4 38 40 2 8 1 0
17 38 40 2 8 1 0
4 46 40 2 8 1 0
17 46 40 2 8 1 0
2 61 40 1 1 1 0
20 61 40 1 1 1 0
19 19 40 1 3 1 0
14 17 40 1 4 1 0
5 18 40 1 4 1 0
15 60 40 1 4 1 0
7 60 40 1 4 1 0
10 59 40 1 4 1 0
15 26 40 2 8 1 0
17 27 40 1 4 1 0
5 30 40 2 8 1 0
17 31 40 1 4 1 0
14 35 40 4 1 1 0
6 38 40 2 8 1 0
15 38 40 2 8 1 0
6 46 40 2 8 1 0
15 46 40 2 8 1 0
6 54 40 4 1 1 0
13 54 40 4 1 1 0
5 22 40 4 1 1 0
13 34 40 4 1 1 0
5 59 40 4 1 1 0
14 59 40 4 1 1 0
6 21 40 4 1 1 0
13 21 40 4 1 1 0
7 23 40 4 1 1 0
13 26 40 2 8 1 0
7 30 40 2 8 1 0
8 38 40 2 8 1 0
13 38 40 2 8 1 0
8 46 40 2 8 1 0
13 46 40 2 8 1 0
10 21 40 2 2 1 0
12 21 40 1 1 1 0
13 56 40 1 4 1 0
9 56 40 1 4 1 0
11 51 40 2 8 1 0
10 55 40 1 4 1 0
9 24 40 2 8 1 0
11 24 40 3 2 1 0
11 26 40 2 8 1 0
9 32 40 2 4 1 0
12 35 40 2 3 1 0
9 36 40 3 2 1 0
10 38 40 2 8 1 0
12 38 40 1 4 1 0
12 42 40 1 4 1 0
10 46 40 2 4 1 0
12 46 40 1 4 1 0
10 50 40 1 4 1 0
11 50 40 2 1 1 0
10 54 40 1 1 1 0
9 55 40 1 1 1 0
13 55 40 1 1 1 0
8 57 40 1 2 1 0
14 57 40 1 2 1 0
9 22 40 1 1 1 0
11 34 40 2 1 1 0
11 23 40 1 1 1 0
11 35 40 1 1 1 0
18 44 41 4 1 1 0
10 12 41 2 8 1 0
6 13 41 2 8 1 0
15 13 41 2 8 1 0
4 14 41 2 8 1 0
17 14 41 2 8 1 0
2 15 41 2 8 1 0
19 15 41 2 8 1 0
1 16 41 1 4 1 0
21 16 41 1 4 1 0
22 18 41 1 4 1 0
16 60 41 2 8 1 0
13 60 41 2 8 1 0
8 60 41 2 8 1 0
0 19 41 1 4 1 0
5 60 41 2 8 1 0
18 59 41 2 8 1 0
3 59 41 2 8 1 0
0 23 41 4 1 1 0
19 23 41 4 1 1 0
20 62 41 1 4 1 0
2 62 41 1 4 1 0
0 31 41 8 2 1 0
15 31 41 8 2 1 0
0 33 41 4 1 1 0
19 33 41 4 1 1 0
21 61 41 1 4 1 0
1 61 41 1 4 1 0
1 38 41 8 2 1 0
14 39 41 8 2 1 0
1 43 41 8 2 1 0
1 55 41 8 2 1 0
14 55 41 8 2 1 0
0 57 41 8 2 1 0
15 57 41 8 2 1 0
22 59 41 1 4 1 0
0 60 41 1 4 1 0
8 13 41 2 8 1 0
12 13 41 2 8 1 0
14 13 41 1 4 1 0
15 64 41 1 4 1 0
7 64 41 1 4 1 0
21 22 41 2 1 1 0
11 59 41 2 8 1 0
10 63 41 1 4 1 0
1 24 41 8 2 1 0
14 24 41 8 2 1 0
1 26 41 8 2 1 0
14 26 41 8 2 1 0
1 28 41 8 2 1 0
14 28 41 8 2 1 0
1 30 41 4 1 1 0
18 30 41 4 1 1 0
1 34 41 8 2 1 0
14 34 41 8 2 1 0
1 36 41 8 2 1 0
14 36 41 8 2 1 0
18 38 41 4 1 1 0
2 40 41 8 2 1 0
13 41 41 8 2 1 0
2 42 41 4 1 1 0
17 43 41 4 1 1 0
2 45 41 8 2 1 0
13 45 41 8 2 1 0
2 47 41 8 2 1 0
13 47 41 8 2 1 0
2 49 41 8 2 1 0
13 49 41 8 2 1 0
2 51 41 8 2 1 0
13 51 41 8 2 1 0
2 53 41 8 2 1 0
13 53 41 8 2 1 0
0 59 41 3 1 1 0
1 20 41 1 3 1 0
21 20 41 1 2 1 0
20 59 41 2 2 1 0
1 60 41 2 1 1 0
2 61 41 1 1 1 0
20 61 41 1 1 1 0
14 17 41 1 4 1 0
15 60 41 1 4 1 0
7 60 41 1 4 1 0
4 22 41 8 2 1 0
15 22 41 4 2 1 0
10 59 41 1 4 1 0
5 30 41 4 1 1 0
14 30 41 4 1 1 0
4 33 41 4 1 1 0
15 33 41 4 1 1 0
14 38 41 4 1 1 0
6 42 41 4 1 1 0
9 43 41 8 2 1 0
17 44 41 1 1 1 0
5 59 41 4 1 1 0
14 59 41 4 1 1 0
6 21 41 4 1 1 0
13 21 41 4 1 1 0
10 20 41 2 2 1 0
12 21 41 1 4 1 0
13 56 41 1 4 1 0
9 56 41 1 4 1 0
13 22 41 2 2 1 0
11 51 41 2 8 1 0
10 55 41 1 4 1 0
9 24 41 2 8 1 0
13 24 41 1 4 1 0
12 28 41 2 8 1 0
8 31 41 1 3 1 0
14 31 41 1 3 1 0
9 32 41 2 8 1 0
12 36 41 2 4 1 0
10 40 41 4 1 1 0
10 41 41 3 2 1 0
10 45 41 2 4 1 0
12 45 41 1 4 1 0
10 49 41 3 2 1 0
10 51 41 1 4 1 0
9 55 41 1 1 1 0
13 55 41 1 1 1 0
8 57 41 1 2 1 0
14 57 41 1 2 1 0
11 25 41 2 3 1 0
11 24 41 1 1 1 0
11 28 41 1 4 1 0
11 34 41 1 4 1 0
11 38 41 1 2 1 0
11 32 41 1 2 1 0
8 12 42 2 8 1 0
13 12 42 2 8 1 0
6 13 42 2 8 1 0
15 13 42 2 8 1 0
4 14 42 2 8 1 0
17 14 42 2 8 1 0
2 15 42 2 8 1 0
19 15 42 2 8 1 0
1 16 42 1 4 1 0
21 16 42 1 4 1 0
0 18 42 1 4 1 0
22 18 42 1 4 1 0
16 60 42 2 8 1 0
13 60 42 2 8 1 0
8 60 42 2 8 1 0
5 60 42 2 8 1 0
18 59 42 2 8 1 0
3 59 42 2 8 1 0
0 23 42 4 1 1 0
15 23 42 8 2 1 0
20 62 42 1 4 1 0
2 62 42 1 4 1 0
0 30 42 8 2 1 0
15 30 42 8 2 1 0
0 33 42 8 2 1 0
15 33 42 8 2 1 0
21 61 42 1 4 1 0
1 61 42 1 4 1 0
1 44 42 2 8 1 0
20 44 42 2 8 1 0
1 54 42 8 2 1 0
14 54 42 8 2 1 0
0 57 42 8 2 1 0
15 57 42 8 2 1 0
0 59 42 1 4 1 0
22 59 42 1 4 1 0
10 12 42 2 8 1 0
12 12 42 1 4 1 0
15 64 42 1 4 1 0
7 64 42 1 4 1 0
0 22 42 2 1 1 0
11 59 42 2 8 1 0
21 22 42 2 1 1 0
10 63 42 1 4 1 0
1 24 42 8 2 1 0
14 25 42 8 2 1 0
1 26 42 8 2 1 0
14 27 42 8 2 1 0
1 28 42 8 2 1 0
18 29 42 4 1 1 0
0 32 42 4 1 1 0
19 32 42 4 1 1 0
1 35 42 2 8 1 0
20 35 42 2 8 1 0
1 43 42 4 1 1 0
18 43 42 4 1 1 0
2 52 42 8 2 1 0
13 52 42 8 2 1 0
1 56 42 4 1 1 0
18 56 42 4 1 1 0
1 20 42 1 2 1 0
21 20 42 1 2 1 0
1 59 42 2 2 1 0
20 59 42 2 2 1 0
3 35 42 2 8 1 0
18 35 42 2 8 1 0
3 44 42 2 8 1 0
18 44 42 2 8 1 0
2 61 42 1 1 1 0
20 61 42 1 1 1 0
12 16 42 1 4 1 0
15 60 42 1 4 1 0
7 60 42 1 4 1 0
4 22 42 8 2 1 0
15 22 42 4 1 1 0
10 59 42 1 4 1 0
14 29 42 4 1 1 0
4 32 42 4 1 1 0
15 32 42 4 1 1 0
5 35 42 2 8 1 0
16 35 42 2 8 1 0
16 43 42 2 8 1 0
5 43 42 2 8 1 0
5 51 42 4 1 1 0
14 51 42 4 1 1 0
5 56 42 4 1 1 0
14 56 42 4 1 1 0
5 59 42 4 1 1 0
14 59 42 4 1 1 0
6 21 42 4 1 1 0
13 21 42 4 1 1 0
7 35 42 2 8 1 0
14 35 42 2 8 1 0
14 43 42 2 8 1 0
7 43 42 2 8 1 0
8 20 42 4 1 1 0
12 20 42 1 4 1 0
13 20 42 2 1 1 0
13 56 42 1 4 1 0
9 56 42 1 4 1 0
11 51 42 2 8 1 0
13 22 42 2 3 1 0
10 55 42 1 4 1 0
9 24 42 2 8 1 0
12 25 42 2 8 1 0
8 30 42 1 4 1 0
14 30 42 1 4 1 0
8 34 42 4 1 1 0
12 34 42 3 1 1 0
9 35 42 2 8 1 0
12 35 42 2 8 1 0
12 43 42 2 8 1 0
9 43 42 2 8 1 0
9 51 42 2 1 1 0
13 51 42 1 1 1 0
10 52 42 1 3 1 0
9 54 42 1 2 1 0
13 54 42 1 2 1 0
8 57 42 1 2 1 0
14 57 42 1 2 1 0
10 21 42 2 1 1 0
9 32 42 3 2 1 0
12 33 42 2 1 1 0
11 24 42 2 1 1 0
11 25 42 1 4 1 0
11 29 42 1 3 1 0
11 35 42 1 4 1 0
11 39 42 1 4 1 0
11 43 42 1 4 1 0
11 47 42 1 4 1 0
8 12 43 2 8 1 0
13 12 43 2 8 1 0
6 13 43 2 8 1 0
15 13 43 2 8 1 0
4 14 43 2 8 1 0
17 14 43 2 8 1 0
2 15 43 2 8 1 0
19 15 43 2 8 1 0
1 16 43 1 4 1 0
21 16 43 1 4 1 0
0 18 43 1 4 1 0
22 18 43 1 4 1 0
16 60 43 2 8 1 0
13 60 43 2 8 1 0
8 60 43 2 8 1 0
5 60 43 2 8 1 0
18 63 43 1 4 1 0
4 63 43 1 4 1 0
0 23 43 8 2 1 0
15 23 43 8 2 1 0
19 58 43 2 8 1 0
2 58 43 2 8 1 0
0 30 43 8 2 1 0
15 30 43 8 2 1 0
0 33 43 8 2 1 0
21 61 43 1 4 1 0
1 61 43 1 4 1 0
15 34 43 8 2 1 0
0 58 43 2 3 1 0
21 58 43 2 3 1 0
0 61 43 1 2 1 0
22 61 43 1 2 1 0
10 12 43 2 8 1 0
12 12 43 1 4 1 0
15 64 43 1 4 1 0
7 64 43 1 4 1 0
11 59 43 2 8 1 0
10 63 43 1 4 1 0
0 22 43 2 1 1 0
21 22 43 2 1 1 0
1 25 43 8 2 1 0
14 25 43 8 2 1 0
1 27 43 8 2 1 0
14 27 43 8 2 1 0
1 29 43 4 1 1 0
18 29 43 4 1 1 0
0 32 43 4 1 1 0
15 32 43 8 2 1 0
1 35 43 8 2 1 0
14 36 43 8 2 1 0
1 37 43 8 2 1 0
14 38 43 8 2 1 0
1 39 43 8 2 1 0
14 40 43 8 2 1 0
1 41 43 8 2 1 0
14 42 43 8 2 1 0
1 43 43 8 2 1 0
14 44 43 8 2 1 0
1 45 43 8 2 1 0
14 46 43 8 2 1 0
1 47 43 8 2 1 0
14 48 43 8 2 1 0
1 49 43 8 2 1 0
14 50 43 8 2 1 0
1 51 43 8 2 1 0
14 52 43 8 2 1 0
1 53 43 8 2 1 0
14 54 43 8 2 1 0
1 55 43 8 2 1 0
14 56 43 8 2 1 0
1 57 43 4 1 1 0
1 20 43 1 2 1 0
21 20 43 1 2 1 0
12 16 43 1 4 1 0
15 60 43 1 4 1 0
7 60 43 1 4 1 0
18 59 43 1 4 1 0
10 59 43 1 4 1 0
4 59 43 1 4 1 0
4 22 43 4 1 1 0
15 22 43 4 1 1 0
5 29 43 4 1 1 0
14 29 43 4 1 1 0
4 32 43 4 1 1 0
5 57 43 8 2 1 0
4 58 43 1 1 1 0
15 58 43 4 1 1 0
5 59 43 4 1 1 0
14 59 43 4 1 1 0
6 21 43 4 1 1 0
13 21 43 4 1 1 0
8 20 43 4 1 1 0
12 20 43 1 4 1 0
13 20 43 2 1 1 0
13 56 43 1 4 1 0
9 59 43 1 1 1 0
8 22 43 4 2 1 0
13 22 43 2 3 1 0
8 24 43 4 1 1 0
9 25 43 2 8 1 0
12 25 43 2 8 1 0
8 30 43 1 4 1 0
14 30 43 1 4 1 0
8 34 43 4 1 1 0
12 34 43 3 2 1 0
9 35 43 2 8 1 0
12 36 43 2 8 1 0
9 43 43 2 8 1 0
12 44 43 2 8 1 0
9 51 43 2 4 1 0
12 52 43 2 4 1 0
9 55 43 3 2 1 0
14 58 43 1 1 1 0
10 21 43 2 1 1 0
9 33 43 4 1 1 0
13 33 43 1 1 1 0
12 56 43 1 1 1 0
12 24 43 1 1 1 0
11 25 43 1 4 1 0
11 29 43 1 4 1 0
11 35 43 1 4 1 0
11 39 43 1 4 1 0
11 43 43 1 4 1 0
11 47 43 1 4 1 0
11 51 43 1 4 1 0
8 12 44 2 8 1 0
13 12 44 2 8 1 0
5 13 44 2 8 1 0
16 13 44 2 8 1 0
4 14 44 1 4 1 0
18 14 44 1 4 1 0
2 15 44 2 8 1 0
19 15 44 2 8 1 0
1 16 44 1 4 1 0
21 16 44 1 4 1 0
0 18 44 1 4 1 0
22 18 44 1 4 1 0
15 60 44 2 8 1 0
13 60 44 2 8 1 0
8 60 44 2 8 1 0
5 60 44 2 8 1 0
17 59 44 2 8 1 0
4 63 44 1 4 1 0
0 23 44 8 2 1 0
15 23 44 8 2 1 0
19 62 44 1 4 1 0
3 62 44 1 4 1 0
15 29 44 8 2 1 0
0 30 44 8 2 1 0
20 61 44 1 4 1 0
2 61 44 1 4 1 0
0 34 44 8 2 1 0
15 34 44 8 2 1 0
0 58 44 8 2 1 0
21 58 44 2 4 1 0
0 60 44 2 2 1 0
1 62 44 1 2 1 0
21 62 44 1 2 1 0
10 12 44 2 8 1 0
12 12 44 1 4 1 0
7 13 44 1 4 1 0
15 13 44 1 4 1 0
7 64 44 1 4 1 0
11 59 44 2 8 1 0
10 63 44 1 4 1 0
0 22 44 2 1 1 0
21 22 44 2 1 1 0
1 25 44 8 2 1 0
14 25 44 8 2 1 0
1 27 44 8 2 1 0
14 27 44 8 2 1 0
1 29 44 4 1 1 0
15 31 44 8 2 1 0
0 32 44 8 2 1 0
19 33 44 4 1 1 0
1 36 44 2 8 1 0
20 36 44 2 8 1 0
1 44 44 2 8 1 0
20 44 44 2 8 1 0
1 52 44 8 2 1 0
14 52 44 8 2 1 0
1 54 44 8 2 1 0
14 54 44 8 2 1 0
1 56 44 8 2 1 0
14 56 44 8 2 1 0
1 20 44 1 2 1 0
21 20 44 1 2 1 0
3 36 44 2 8 1 0
18 36 44 2 8 1 0
3 44 44 2 8 1 0
18 44 44 2 8 1 0
19 58 44 2 3 1 0
2 60 44 3 1 1 0
3 61 44 2 1 1 0
19 61 44 1 1 1 0
4 62 44 1 1 1 0
12 16 44 1 4 1 0
7 17 44 1 4 1 0
15 17 44 1 4 1 0
4 18 44 1 4 1 0
18 18 44 1 4 1 0
7 60 44 1 4 1 0
10 59 44 1 4 1 0
4 22 44 4 1 1 0
15 22 44 4 1 1 0
5 29 44 4 1 1 0
15 33 44 4 1 1 0
5 36 44 2 8 1 0
16 36 44 2 8 1 0
5 44 44 2 8 1 0
16 44 44 2 8 1 0
15 58 44 4 1 1 0
5 21 44 4 1 1 0
14 21 44 4 1 1 0
7 36 44 2 8 1 0
14 36 44 2 8 1 0
7 44 44 2 8 1 0
14 44 44 2 8 1 0
13 59 44 4 1 1 0
8 20 44 4 1 1 0
12 20 44 2 8 1 0
14 20 44 1 1 1 0
9 56 44 1 4 1 0
8 58 44 1 2 1 0
12 51 44 2 8 1 0
10 51 44 2 8 1 0
8 22 44 4 2 1 0
14 22 44 1 3 1 0
8 24 44 4 1 1 0
9 25 44 2 8 1 0
12 28 44 2 8 1 0
14 29 44 1 4 1 0
8 30 44 1 4 1 0
14 33 44 1 3 1 0
8 34 44 4 2 1 0
9 36 44 2 8 1 0
12 36 44 2 8 1 0
9 44 44 2 4 1 0
12 44 44 2 4 1 0
9 48 44 4 2 1 0
13 48 44 1 3 1 0
9 50 44 1 4 1 0
9 54 44 1 2 1 0
14 58 44 1 1 1 0
9 21 44 3 1 1 0
9 33 44 3 1 1 0
10 50 44 3 1 1 0
11 25 44 1 4 1 0
11 29 44 1 4 1 0
11 36 44 1 4 1 0
11 40 44 1 4 1 0
11 44 44 1 4 1 0
0 59 45 4 1 1 0
19 59 45 4 1 1 0
8 12 45 2 8 1 0
13 12 45 2 8 1 0
5 13 45 2 8 1 0
16 13 45 2 8 1 0
4 14 45 1 4 1 0
18 14 45 1 4 1 0
2 15 45 2 8 1 0
19 15 45 2 8 1 0
1 16 45 1 4 1 0
21 16 45 1 4 1 0
15 60 45 2 8 1 0
13 60 45 2 8 1 0
9 60 45 2 8 1 0
6 60 45 2 8 1 0
0 19 45 1 4 1 0
22 19 45 1 4 1 0
17 59 45 2 8 1 0
4 59 45 2 8 1 0
0 23 45 4 1 1 0
15 23 45 8 2 1 0
19 62 45 1 4 1 0
3 62 45 1 4 1 0
0 29 45 8 2 1 0
15 29 45 8 2 1 0
0 33 45 8 2 1 0
15 33 45 8 2 1 0
20 61 45 1 4 1 0
2 61 45 1 4 1 0
1 60 45 1 4 1 0
21 60 45 1 4 1 0
10 12 45 2 8 1 0
12 12 45 1 4 1 0
7 13 45 1 4 1 0
15 13 45 1 4 1 0
8 64 45 1 4 1 0
11 59 45 2 8 1 0
1 24 45 8 2 1 0
14 25 45 8 2 1 0
1 26 45 8 2 1 0
14 27 45 8 2 1 0
1 28 45 4 1 1 0
0 31 45 8 2 1 0
15 31 45 8 2 1 0
1 35 45 8 2 1 0
14 35 45 8 2 1 0
1 37 45 8 2 1 0
14 37 45 8 2 1 0
1 39 45 8 2 1 0
14 39 45 8 2 1 0
1 41 45 8 2 1 0
14 41 45 8 2 1 0
1 43 45 8 2 1 0
14 43 45 8 2 1 0
1 45 45 8 2 1 0
14 45 45 8 2 1 0
1 47 45 8 2 1 0
14 47 45 8 2 1 0
1 49 45 8 2 1 0
14 49 45 8 2 1 0
1 51 45 8 2 1 0
14 51 45 8 2 1 0
1 53 45 8 2 1 0
14 53 45 8 2 1 0
1 55 45 8 2 1 0
14 55 45 8 2 1 0
1 57 45 8 2 1 0
14 57 45 8 2 1 0
1 20 45 1 3 1 0
21 20 45 1 3 1 0
2 60 45 2 1 1 0
19 60 45 2 1 1 0
3 61 45 1 1 1 0
19 61 45 1 1 1 0
4 18 45 1 4 1 0
18 18 45 1 4 1 0
12 16 45 1 4 1 0
7 17 45 1 4 1 0
15 17 45 1 4 1 0
8 60 45 1 4 1 0
4 22 45 8 2 1 0
15 22 45 4 1 1 0
5 28 45 4 1 1 0
5 21 45 4 1 1 0
14 21 45 4 1 1 0
6 59 45 4 1 1 0
13 59 45 4 1 1 0
8 20 45 4 1 1 0
12 20 45 2 8 1 0
14 20 45 1 1 1 0
10 56 45 1 4 1 0
12 51 45 2 8 1 0
11 55 45 1 4 1 0
14 22 45 1 3 1 0
9 24 45 2 8 1 0
8 29 45 1 4 1 0
12 28 45 2 8 1 0
14 29 45 1 4 1 0
8 33 45 4 2 1 0
14 33 45 1 2 1 0
9 35 45 2 8 1 0
12 36 45 2 8 1 0
9 43 45 2 8 1 0
12 44 45 2 4 1 0
11 48 45 3 2 1 0
11 50 45 3 1 1 0
9 51 45 2 4 1 0
9 55 45 1 4 1 0
9 21 45 3 1 1 0
9 32 45 3 1 1 0
10 55 45 1 1 1 0
11 24 45 1 4 1 0
11 28 45 1 4 1 0
11 35 45 1 4 1 0
11 39 45 1 4 1 0
11 43 45 1 4 1 0
11 47 45 1 1 1 0
11 51 45 1 4 1 0
7 12 46 2 8 1 0
14 12 46 2 8 1 0
5 13 46 2 8 1 0
16 13 46 2 8 1 0
4 14 46 1 4 1 0
18 14 46 1 4 1 0
3 15 46 1 4 1 0
19 15 46 2 8 1 0
2 16 46 1 4 1 0
21 16 46 1 4 1 0
1 17 46 1 4 1 0
14 60 46 2 8 1 0
6 60 46 2 8 1 0
21 20 46 2 2 1 0
16 59 46 2 8 1 0
5 63 46 1 4 1 0
18 58 46 2 8 1 0
3 58 46 2 8 1 0
0 29 46 8 2 1 0
15 29 46 8 2 1 0
0 33 46 8 2 1 0
15 33 46 8 2 1 0
20 61 46 1 4 1 0
1 43 46 2 8 1 0
20 44 46 2 8 1 0
1 53 46 2 8 1 0
20 53 46 2 8 1 0
1 61 46 2 2 1 0
21 61 46 1 2 1 0
2 63 46 1 1 1 0
9 12 46 2 8 1 0
11 12 46 2 8 1 0
13 12 46 1 4 1 0
12 60 46 2 8 1 0
10 60 46 2 8 1 0
8 60 46 2 8 1 0
1 21 46 2 8 1 0
21 22 46 1 4 1 0
14 26 46 8 2 1 0
18 28 46 4 1 1 0
0 31 46 8 2 1 0
15 31 46 8 2 1 0
1 35 46 2 8 1 0
20 35 46 2 8 1 0
18 43 46 4 1 1 0
2 51 46 8 2 1 0
17 52 46 4 1 1 0
2 20 46 3 1 1 0
13 23 46 8 2 1 0
17 25 46 4 1 1 0
3 19 46 2 1 1 0
3 21 46 2 8 1 0
3 35 46 2 8 1 0
18 35 46 2 8 1 0
3 43 46 2 8 1 0
18 44 46 2 8 1 0
3 53 46 8 2 1 0
12 53 46 8 2 1 0
3 55 46 8 2 1 0
12 55 46 8 2 1 0
3 57 46 4 1 1 0
16 57 46 4 1 1 0
4 18 46 1 1 1 0
18 18 46 1 4 1 0
15 22 46 4 1 1 0
13 16 46 1 4 1 0
5 21 46 2 8 1 0
5 59 46 1 4 1 0
14 28 46 4 1 1 0
5 35 46 2 8 1 0
16 35 46 2 8 1 0
5 43 46 2 8 1 0
16 43 46 2 8 1 0
14 51 46 4 1 1 0
13 52 46 4 1 1 0
5 58 46 4 1 1 0
14 58 46 4 1 1 0
14 21 46 4 1 1 0
13 25 46 4 1 1 0
6 59 46 4 1 1 0
7 20 46 2 8 1 0
7 28 46 4 1 1 0
7 35 46 2 8 1 0
14 35 46 2 8 1 0
7 43 46 2 8 1 0
14 43 46 2 8 1 0
7 57 46 4 1 1 0
12 57 46 4 1 1 0
12 59 46 4 1 1 0
12 20 46 4 1 1 0
11 22 46 4 1 1 0
9 20 46 2 8 1 0
11 20 46 1 2 1 0
11 56 46 1 4 1 0
10 58 46 1 2 1 0
12 26 46 2 8 1 0
8 29 46 2 4 1 0
14 29 46 1 4 1 0
8 33 46 4 2 1 0
14 33 46 1 2 1 0
9 35 46 2 8 1 0
12 35 46 2 8 1 0
9 43 46 2 8 1 0
12 43 46 2 8 1 0
10 51 46 3 2 1 0
13 51 46 1 1 1 0
9 58 46 1 1 1 0
12 58 46 2 1 1 0
12 21 46 2 1 1 0
11 23 46 2 3 1 0
12 34 46 2 1 1 0
11 26 46 1 4 1 0
10 29 46 1 4 1 0
11 35 46 1 4 1 0
11 39 46 1 4 1 0
11 43 46 1 4 1 0
11 47 46 1 4 1 0
11 53 46 1 3 1 0
11 30 46 1 3 1 0
7 12 47 8 2 1 0
15 12 47 1 4 1 0
5 13 47 2 8 1 0
16 13 47 2 8 1 0
4 14 47 1 4 1 0
18 14 47 1 4 1 0
3 15 47 1 4 1 0
19 15 47 1 4 1 0
2 16 47 1 4 1 0
20 16 47 1 4 1 0
1 17 47 1 4 1 0
21 17 47 1 4 1 0
7 66 47 8 2 1 0
16 59 47 2 8 1 0
5 59 47 2 8 1 0
18 62 47 1 4 1 0
4 62 47 1 4 1 0
0 29 47 8 2 1 0
15 29 47 8 2 1 0
0 33 47 8 2 1 0
15 33 47 8 2 1 0
19 61 47 1 4 1 0
3 61 47 1 4 1 0
1 45 47 8 2 1 0
14 45 47 8 2 1 0
1 53 47 8 2 1 0
14 53 47 8 2 1 0
1 58 47 2 4 1 0
20 58 47 2 4 1 0
2 62 47 1 2 1 0
20 62 47 1 2 1 0
1 21 47 8 2 1 0
14 21 47 8 2 1 0
15 63 47 1 4 1 0
1 23 47 8 2 1 0
14 23 47 8 2 1 0
1 25 47 8 2 1 0
14 25 47 8 2 1 0
1 27 47 8 2 1 0
14 27 47 8 2 1 0
0 31 47 8 2 1 0
15 31 47 8 2 1 0
1 35 47 8 2 1 0
14 35 47 8 2 1 0
1 37 47 8 2 1 0
14 37 47 8 2 1 0
1 39 47 8 2 1 0
14 39 47 8 2 1 0
1 41 47 8 2 1 0
14 41 47 8 2 1 0
1 43 47 8 2 1 0
14 43 47 8 2 1 0
2 47 47 8 2 1 0
13 47 47 8 2 1 0
2 49 47 8 2 1 0
13 49 47 8 2 1 0
2 51 47 8 2 1 0
13 51 47 8 2 1 0
1 55 47 8 2 1 0
14 55 47 8 2 1 0
1 57 47 4 1 1 0
18 57 47 4 1 1 0
2 20 47 3 1 1 0
18 20 47 3 1 1 0
7 14 47 8 2 1 0
7 64 47 8 2 1 0
3 19 47 2 1 1 0
18 19 47 2 1 1 0
3 58 47 2 3 1 0
18 58 47 2 3 1 0
4 18 47 1 1 1 0
18 18 47 1 1 1 0
4 61 47 1 1 1 0
18 61 47 1 1 1 0
7 16 47 8 2 1 0
15 16 47 1 4 1 0
7 62 47 8 2 1 0
15 59 47 1 4 1 0
5 57 47 8 2 1 0
14 57 47 4 2 1 0
7 18 47 8 2 1 0
7 60 47 8 2 1 0
7 20 47 4 1 1 0
12 20 47 4 1 1 0
7 59 47 4 1 1 0
11 59 47 4 1 1 0
11 20 47 1 4 1 0
9 21 47 2 8 1 0
12 21 47 2 8 1 0
8 29 47 4 2 1 0
13 29 47 2 4 1 0
8 31 47 4 2 1 0
8 33 47 4 2 1 0
12 33 47 3 2 1 0
9 35 47 2 8 1 0
12 35 47 2 8 1 0
9 43 47 4 2 1 0
13 43 47 1 4 1 0
9 45 47 4 2 1 0
10 47 47 2 8 1 0
12 47 47 1 4 1 0
12 51 47 1 4 1 0
9 53 47 1 4 1 0
13 53 47 1 4 1 0
13 57 47 1 2 1 0
10 55 47 3 2 1 0
11 24 47 1 4 1 0
11 28 47 1 1 1 0
12 29 47 1 4 1 0
11 35 47 1 4 1 0
11 39 47 1 4 1 0
0 33 48 4 1 1 0
10 11 48 2 8 1 0
12 11 48 2 8 1 0
7 12 48 2 8 1 0
14 12 48 2 8 1 0
5 13 48 2 8 1 0
16 13 48 2 8 1 0
4 14 48 1 4 1 0
18 14 48 1 4 1 0
3 15 48 1 4 1 0
19 15 48 1 4 1 0
2 16 48 1 4 1 0
20 16 48 1 4 1 0
1 17 48 1 4 1 0
21 17 48 1 4 1 0
13 60 48 2 8 1 0
8 60 48 2 8 1 0
15 59 48 2 8 1 0
6 59 48 2 8 1 0
17 58 48 2 8 1 0
4 58 48 2 8 1 0
0 29 48 8 2 1 0
15 29 48 8 2 1 0
0 31 48 4 1 1 0
15 32 48 8 2 1 0
19 61 48 1 4 1 0
3 61 48 1 4 1 0
1 38 48 2 8 1 0
20 38 48 2 8 1 0
20 53 48 2 8 1 0
1 54 48 8 2 1 0
1 57 48 2 4 1 0
2 61 48 1 2 1 0
20 61 48 1 3 1 0
9 12 48 1 4 1 0
11 60 48 2 8 1 0
10 64 48 1 4 1 0
1 21 48 2 8 1 0
20 21 48 2 8 1 0
19 31 48 4 1 1 0
1 32 48 4 1 1 0
1 34 48 8 2 1 0
14 34 48 8 2 1 0
1 36 48 8 2 1 0
14 36 48 8 2 1 0
2 46 48 2 8 1 0
13 46 48 8 2 1 0
13 48 48 8 2 1 0
13 50 48 8 2 1 0
17 52 48 4 1 1 0
1 56 48 4 1 1 0
2 20 48 3 1 1 0
18 20 48 3 1 1 0
3 19 48 2 1 1 0
18 19 48 2 1 1 0
3 21 48 2 8 1 0
18 21 48 2 8 1 0
3 38 48 2 8 1 0
18 38 48 2 8 1 0
4 46 48 2 8 1 0
12 53 48 8 2 1 0
12 55 48 8 2 1 0
3 57 48 1 4 1 0
19 57 48 1 4 1 0
4 18 48 1 1 1 0
18 18 48 1 1 1 0
4 57 48 4 1 1 0
15 57 48 4 1 1 0
9 16 48 1 4 1 0
10 60 48 1 4 1 0
5 21 48 2 8 1 0
16 21 48 2 8 1 0
4 31 48 4 1 1 0
15 31 48 4 1 1 0
5 32 48 8 2 1 0
4 33 48 1 1 1 0
5 38 48 2 8 1 0
16 38 48 2 8 1 0
6 46 48 2 8 1 0
13 52 48 4 1 1 0
5 56 48 4 1 1 0
6 58 48 4 1 1 0
13 58 48 4 1 1 0
7 20 48 2 8 1 0
14 20 48 2 8 1 0
7 28 48 4 1 1 0
12 28 48 4 1 1 0
7 38 48 2 8 1 0
14 38 48 2 8 1 0
8 46 48 2 8 1 0
8 57 48 4 1 1 0
12 57 48 3 1 1 0
8 59 48 4 1 1 0
12 59 48 3 1 1 0
10 19 48 2 8 1 0
12 19 48 2 8 1 0
9 20 48 1 4 1 0
9 24 48 1 4 1 0
10 27 48 4 1 1 0
8 29 48 4 2 1 0
13 29 48 2 4 1 0
8 31 48 4 1 1 0
13 33 48 2 1 1 0
9 34 48 2 8 1 0
12 34 48 2 8 1 0
9 42 48 2 4 1 0
12 42 48 2 4 1 0
10 46 48 2 8 1 0
12 46 48 1 4 1 0
12 50 48 1 3 1 0
9 54 48 2 3 1 0
10 58 48 3 1 1 0
11 28 48 1 1 1 0
12 29 48 1 3 1 0
11 34 48 1 4 1 0
11 38 48 1 4 1 0
11 42 48 1 4 1 0
11 54 48 1 3 1 0
9 11 49 2 8 1 0
12 11 49 2 8 1 0
7 12 49 2 8 1 0
14 12 49 2 8 1 0
5 13 49 2 8 1 0
16 13 49 2 8 1 0
4 14 49 1 4 1 0
18 14 49 1 4 1 0
3 15 49 1 4 1 0
19 15 49 1 4 1 0
12 61 49 2 8 1 0
9 61 49 2 8 1 0
2 16 49 1 4 1 0
20 16 49 1 4 1 0
1 17 49 1 4 1 0
14 64 49 1 4 1 0
8 64 49 1 4 1 0
21 18 49 1 4 1 0
15 63 49 1 4 1 0
6 59 49 2 8 1 0
16 58 49 2 8 1 0
5 62 49 1 4 1 0
0 29 49 8 2 1 0
15 29 49 8 2 1 0
18 61 49 1 4 1 0
4 61 49 1 4 1 0
1 43 49 8 2 1 0
14 43 49 8 2 1 0
1 54 49 8 2 1 0
14 54 49 8 2 1 0
1 58 49 4 2 1 0
18 58 49 4 2 1 0
2 60 49 2 3 1 0
19 60 49 2 3 1 0
3 63 49 1 1 1 0
19 63 49 1 1 1 0
11 11 49 1 4 1 0
11 65 49 1 4 1 0
1 21 49 8 2 1 0
14 22 49 8 2 1 0
1 23 49 8 2 1 0
14 24 49 8 2 1 0
1 25 49 8 2 1 0
14 26 49 8 2 1 0
1 27 49 8 2 1 0
18 28 49 4 1 1 0
1 31 49 8 2 1 0
14 31 49 8 2 1 0
1 33 49 8 2 1 0
14 33 49 8 2 1 0
1 35 49 8 2 1 0
14 35 49 8 2 1 0
1 37 49 8 2 1 0
14 37 49 8 2 1 0
1 39 49 8 2 1 0
14 39 49 8 2 1 0
1 41 49 8 2 1 0
14 41 49 8 2 1 0
2 45 49 8 2 1 0
13 45 49 8 2 1 0
2 47 49 8 2 1 0
13 47 49 8 2 1 0
2 49 49 8 2 1 0
13 49 49 8 2 1 0
2 51 49 8 2 1 0
13 51 49 8 2 1 0
2 53 49 4 1 1 0
17 53 49 4 1 1 0
1 56 49 8 2 1 0
14 56 49 8 2 1 0
2 20 49 3 1 1 0
18 20 49 3 2 1 0
3 19 49 2 1 1 0
18 19 49 2 1 1 0
4 60 49 2 1 1 0
18 60 49 1 1 1 0
18 18 49 1 1 1 0
4 18 49 1 1 1 0
5 61 49 1 1 1 0
11 15 49 1 4 1 0
11 61 49 1 4 1 0
14 60 49 1 4 1 0
8 60 49 1 4 1 0
14 21 49 4 1 1 0
15 59 49 1 4 1 0
14 28 49 4 1 1 0
6 53 49 4 1 1 0
13 53 49 4 1 1 0
5 58 49 4 1 1 0
5 59 49 1 1 1 0
7 20 49 4 1 1 0
12 20 49 4 1 1 0
12 58 49 4 1 1 0
8 59 49 4 1 1 0
12 59 49 3 1 1 0
9 60 49 4 1 1 0
13 60 49 1 1 1 0
9 19 49 4 1 1 0
13 19 49 1 1 1 0
9 21 49 2 8 1 0
12 21 49 2 8 1 0
8 29 49 4 2 1 0
12 29 49 3 2 1 0
9 31 49 2 8 1 0
12 31 49 2 8 1 0
9 39 49 4 2 1 0
13 39 49 1 4 1 0
9 41 49 4 2 1 0
9 43 49 4 2 1 0
13 43 49 1 2 1 0
10 45 49 2 8 1 0
12 45 49 1 4 1 0
12 49 49 1 4 1 0
10 53 49 2 4 1 0
9 54 49 1 4 1 0
12 53 49 1 4 1 0
13 54 49 1 4 1 0
9 58 49 3 1 1 0
11 20 49 1 4 1 0
10 57 49 3 1 1 0
11 24 49 1 4 1 0
11 28 49 1 1 1 0
11 31 49 1 4 1 0
11 35 49 1 4 1 0
8 11 50 2 8 1 0
13 11 50 2 8 1 0
6 12 50 2 8 1 0
15 12 50 2 8 1 0
5 13 50 1 4 1 0
17 13 50 1 4 1 0
4 14 50 1 4 1 0
18 14 50 1 4 1 0
12 62 50 2 8 1 0
10 62 50 2 8 1 0
3 15 50 1 4 1 0
19 15 50 1 4 1 0
9 65 50 1 4 1 0
2 17 50 1 4 1 0
20 17 50 1 4 1 0
14 64 50 1 4 1 0
8 64 50 1 4 1 0
21 18 50 1 4 1 0
1 19 50 1 4 1 0
15 63 50 1 4 1 0
7 63 50 1 4 1 0
16 62 50 1 4 1 0
6 62 50 1 4 1 0
17 61 50 1 4 1 0
5 61 50 1 4 1 0
1 35 50 2 8 1 0
20 35 50 2 8 1 0
2 53 50 2 8 1 0
19 54 50 2 8 1 0
3 61 50 2 2 1 0
18 62 50 2 1 1 0
4 63 50 1 1 1 0
18 63 50 1 1 1 0
10 11 50 2 8 1 0
12 11 50 1 4 1 0
20 22 50 2 8 1 0
1 23 50 2 8 1 0
14 30 50 8 2 1 0
1 31 50 8 2 1 0
14 32 50 8 2 1 0
1 33 50 8 2 1 0
18 34 50 4 1 1 0
2 43 50 2 8 1 0
19 43 50 2 8 1 0
2 51 50 8 2 1 0
13 51 50 8 2 1 0
17 53 50 4 1 1 0
2 21 50 8 2 1 0
17 21 50 4 1 1 0
4 18 50 2 3 1 0
3 19 50 1 2 1 0
17 19 50 3 2 1 0
18 22 50 2 8 1 0
3 23 50 2 8 1 0
3 35 50 2 8 1 0
18 35 50 2 8 1 0
4 43 50 2 8 1 0
17 43 50 2 8 1 0
4 53 50 2 8 1 0
11 54 50 8 2 1 0
11 56 50 8 2 1 0
11 58 50 8 2 1 0
15 60 50 4 1 1 0
18 61 50 1 1 1 0
5 17 50 1 1 1 0
17 17 50 1 2 1 0
18 18 50 1 1 1 0
6 54 50 2 8 1 0
12 15 50 1 4 1 0
9 61 50 1 4 1 0
14 60 50 1 4 1 0
8 60 50 1 4 1 0
15 61 50 1 2 1 0
7 62 50 1 1 1 0
16 22 50 2 8 1 0
5 23 50 2 8 1 0
16 61 50 1 1 1 0
16 34 50 2 8 1 0
5 35 50 2 8 1 0
14 42 50 4 1 1 0
6 43 50 2 8 1 0
15 43 50 2 8 1 0
6 53 50 4 1 1 0
13 53 50 4 1 1 0
6 20 50 4 1 1 0
13 20 50 4 2 1 0
14 22 50 2 8 1 0
7 23 50 2 8 1 0
14 34 50 2 8 1 0
7 35 50 2 8 1 0
8 43 50 2 8 1 0
13 43 50 2 8 1 0
8 54 50 2 4 1 0
8 58 50 3 2 1 0
10 60 50 4 2 1 0
8 19 50 4 1 1 0
12 19 50 3 1 1 0
9 60 50 1 1 1 0
12 22 50 2 8 1 0
9 23 50 2 8 1 0
12 30 50 2 8 1 0
9 31 50 2 8 1 0
12 38 50 2 4 1 0
9 39 50 2 4 1 0
11 42 50 3 1 1 0
10 43 50 2 8 1 0
12 43 50 1 4 1 0
12 47 50 1 4 1 0
10 51 50 2 3 1 0
12 51 50 1 3 1 0
10 54 50 1 4 1 0
10 20 50 2 3 1 0
12 20 50 1 2 1 0
11 36 50 1 4 1 0
11 40 50 1 2 1 0
11 23 50 1 4 1 0
11 27 50 1 4 1 0
11 31 50 1 4 1 0
11 35 50 1 1 1 0
11 10 51 1 4 1 0
18 39 51 4 1 1 0
8 11 51 2 8 1 0
13 11 51 2 8 1 0
6 12 51 2 8 1 0
15 12 51 2 8 1 0
5 13 51 1 4 1 0
17 13 51 1 4 1 0
4 14 51 1 4 1 0
18 14 51 1 4 1 0
12 63 51 2 8 1 0
10 63 51 2 8 1 0
9 66 51 1 4 1 0
14 65 51 1 4 1 0
8 65 51 1 4 1 0
3 16 51 1 4 1 0
19 16 51 1 4 1 0
2 17 51 1 4 1 0
20 17 51 1 4 1 0
1 21 51 8 2 1 0
14 21 51 8 2 1 0
15 63 51 1 4 1 0
7 63 51 1 4 1 0
16 61 51 1 4 1 0
6 61 51 1 4 1 0
1 35 51 8 2 1 0
14 36 51 8 2 1 0
2 46 51 8 2 1 0
13 46 51 8 2 1 0
13 53 51 8 2 1 0
2 54 51 8 2 1 0
2 58 51 8 2 1 0
13 58 51 8 2 1 0
3 60 51 3 2 1 0
17 60 51 3 2 1 0
4 62 51 2 1 1 0
17 62 51 2 1 1 0
5 63 51 1 1 1 0
17 63 51 1 1 1 0
10 11 51 1 4 1 0
12 11 51 1 4 1 0
1 23 51 8 2 1 0
14 23 51 8 2 1 0
1 25 51 8 2 1 0
14 25 51 8 2 1 0
1 27 51 8 2 1 0
14 27 51 8 2 1 0
1 29 51 8 2 1 0
14 29 51 8 2 1 0
1 31 51 8 2 1 0
14 31 51 8 2 1 0
1 33 51 8 2 1 0
14 33 51 8 2 1 0
18 35 51 4 1 1 0
2 37 51 8 2 1 0
17 38 51 4 1 1 0
2 39 51 8 2 1 0
13 40 51 8 2 1 0
2 41 51 8 2 1 0
13 42 51 8 2 1 0
2 43 51 8 2 1 0
13 44 51 8 2 1 0
2 45 51 4 1 1 0
3 48 51 8 2 1 0
12 48 51 8 2 1 0
3 50 51 8 2 1 0
12 50 51 8 2 1 0
3 52 51 8 2 1 0
16 52 51 4 1 1 0
13 55 51 8 2 1 0
2 56 51 8 2 1 0
17 57 51 4 1 1 0
3 20 51 4 1 1 0
16 20 51 4 1 1 0
4 18 51 2 2 1 0
17 18 51 2 2 1 0
14 61 51 1 4 1 0
9 62 51 1 4 1 0
8 61 51 1 4 1 0
5 17 51 1 1 1 0
17 17 51 1 1 1 0
15 60 51 1 3 1 0
7 60 51 1 3 1 0
6 60 51 1 1 1 0
16 60 51 1 1 1 0
11 14 51 1 4 1 0
10 15 51 1 4 1 0
12 15 51 1 4 1 0
14 35 51 4 1 1 0
13 38 51 4 2 1 0
17 39 51 1 1 1 0
6 45 51 4 1 1 0
12 52 51 4 1 1 0
13 57 51 4 1 1 0
7 20 51 4 1 1 0
12 20 51 4 1 1 0
10 61 51 4 2 1 0
8 60 51 4 1 1 0
12 60 51 3 1 1 0
8 19 51 4 1 1 0
12 19 51 3 1 1 0
9 61 51 1 1 1 0
11 18 51 1 1 1 0
9 21 51 2 8 1 0
12 21 51 2 8 1 0
9 29 51 2 8 1 0
12 29 51 2 8 1 0
11 36 51 1 4 1 0
10 37 51 1 4 1 0
12 37 51 2 1 1 0
12 38 51 1 4 1 0
11 40 51 1 4 1 0
10 41 51 1 4 1 0
12 42 51 1 4 1 0
11 44 51 1 4 1 0
10 45 51 1 3 1 0
12 46 51 1 2 1 0
11 48 51 1 4 1 0
11 52 51 1 4 1 0
12 53 51 1 4 1 0
10 54 51 1 4 1 0
11 57 51 2 3 1 0
10 58 51 1 2 1 0
11 20 51 1 4 1 0
11 32 51 1 4 1 0
11 56 51 1 1 1 0
11 24 51 1 4 1 0
11 28 51 1 4 1 0
10 10 52 2 8 1 0
12 10 52 1 4 1 0
8 11 52 2 8 1 0
13 11 52 2 8 1 0
6 12 52 2 8 1 0
15 12 52 2 8 1 0
5 13 52 1 4 1 0
17 13 52 1 4 1 0
4 14 52 1 4 1 0
18 14 52 1 4 1 0
13 63 52 2 8 1 0
9 63 52 2 8 1 0
8 66 52 1 4 1 0
3 16 52 1 4 1 0
19 16 52 1 4 1 0
2 18 52 1 4 1 0
20 18 52 1 4 1 0
15 63 52 1 4 1 0
7 63 52 1 4 1 0
1 22 52 2 8 1 0
20 22 52 2 8 1 0
1 34 52 8 2 1 0
14 34 52 8 2 1 0
2 41 52 8 2 1 0
13 41 52 8 2 1 0
3 53 52 2 8 1 0
18 53 52 2 8 1 0
4 61 52 4 1 1 0
5 62 52 4 1 1 0
11 61 52 8 2 1 0
6 63 52 1 1 1 0
16 63 52 1 1 1 0
11 63 52 2 8 1 0
1 30 52 8 2 1 0
14 30 52 8 2 1 0
1 32 52 8 2 1 0
14 32 52 8 2 1 0
2 36 52 8 2 1 0
13 36 52 8 2 1 0
2 38 52 8 2 1 0
13 38 52 8 2 1 0
2 40 52 4 1 1 0
17 40 52 4 1 1 0
3 43 52 2 8 1 0
18 43 52 2 8 1 0
3 51 52 8 2 1 0
12 51 52 8 2 1 0
3 20 52 2 8 1 0
18 20 52 2 8 1 0
8 63 52 1 3 1 0
5 17 52 1 4 1 0
4 18 52 1 2 1 0
17 17 52 1 4 1 0
18 18 52 1 2 1 0
3 28 52 8 2 1 0
12 28 52 8 2 1 0
5 43 52 2 8 1 0
16 43 52 2 8 1 0
5 53 52 2 8 1 0
16 53 52 2 8 1 0
5 21 52 8 2 1 0
16 21 52 2 4 1 0
7 53 52 2 8 1 0
12 14 52 1 4 1 0
6 20 52 4 1 1 0
13 20 52 4 1 1 0
5 23 52 8 2 1 0
5 25 52 8 2 1 0
14 25 52 4 2 1 0
5 27 52 4 1 1 0
14 27 52 4 1 1 0
14 53 52 2 8 1 0
9 55 52 2 8 1 0
8 61 52 1 1 1 0
6 40 52 4 1 1 0
13 40 52 4 1 1 0
7 43 52 2 8 1 0
14 43 52 2 8 1 0
14 21 52 2 4 1 0
8 19 52 4 1 1 0
12 19 52 3 1 1 0
12 53 52 2 8 1 0
9 43 52 2 8 1 0
12 43 52 2 8 1 0
9 53 52 3 2 1 0
13 21 52 1 4 1 0
12 32 52 2 4 1 0
10 35 52 2 8 1 0
12 36 52 1 4 1 0
12 40 52 1 3 1 0
11 43 52 1 4 1 0
11 47 52 1 4 1 0
11 51 52 1 2 1 0
11 57 52 1 4 1 0
10 18 52 3 1 1 0
10 20 52 3 1 1 0
13 25 52 1 3 1 0
9 27 52 4 1 1 0
9 30 52 2 4 1 0
11 30 52 3 2 1 0
9 34 52 3 1 1 0
9 35 52 1 1 1 0
11 55 52 1 2 1 0
11 32 52 1 2 1 0
11 28 52 1 2 1 0
9 10 53 2 8 1 0
12 10 53 2 8 1 0
7 11 53 2 8 1 0
14 11 53 2 8 1 0
6 12 53 1 4 1 0
16 12 53 1 4 1 0
5 13 53 1 4 1 0
17 13 53 1 4 1 0
12 64 53 2 8 1 0
9 64 53 2 8 1 0
14 67 53 1 4 1 0
8 67 53 1 4 1 0
4 14 53 1 4 1 0
18 14 53 1 4 1 0
3 16 53 1 4 1 0
19 16 53 1 4 1 0
7 64 53 1 4 1 0
2 19 53 1 4 1 0
20 19 53 1 4 1 0
14 59 53 2 8 1 0
14 23 53 8 2 1 0
1 24 53 8 2 1 0
1 33 53 8 2 1 0
14 33 53 8 2 1 0
2 36 53 8 2 1 0
13 36 53 8 2 1 0
3 45 53 8 2 1 0
12 45 53 8 2 1 0
12 54 53 8 2 1 0
3 55 53 8 2 1 0
3 58 53 8 2 1 0
16 58 53 4 2 1 0
4 60 53 4 1 1 0
5 61 53 4 1 1 0
16 60 53 3 2 1 0
6 62 53 4 1 1 0
16 62 53 1 1 1 0
11 10 53 1 4 1 0
11 68 53 1 4 1 0
2 23 53 4 1 1 0
14 25 53 8 2 1 0
1 26 53 8 2 1 0
14 27 53 8 2 1 0
1 28 53 8 2 1 0
14 29 53 8 2 1 0
1 30 53 8 2 1 0
14 31 53 8 2 1 0
1 32 53 4 1 1 0
2 35 53 4 1 1 0
17 35 53 4 1 1 0
3 38 53 8 2 1 0
12 38 53 8 2 1 0
3 40 53 8 2 1 0
12 40 53 8 2 1 0
3 42 53 8 2 1 0
12 42 53 8 2 1 0
3 44 53 4 1 1 0
16 44 53 4 1 1 0
4 47 53 8 2 1 0
15 47 53 4 2 1 0
4 49 53 8 2 1 0
15 49 53 4 2 1 0
4 51 53 8 2 1 0
15 51 53 4 2 1 0
4 53 53 8 2 1 0
15 53 53 4 1 1 0
12 56 53 8 2 1 0
3 57 53 4 1 1 0
7 63 53 4 1 1 0
4 18 53 2 4 1 0
17 18 53 2 4 1 0
3 20 53 1 3 1 0
19 20 53 1 3 1 0
8 64 53 1 3 1 0
5 17 53 2 1 1 0
16 17 53 2 1 1 0
4 22 53 4 1 1 0
15 22 53 4 1 1 0
12 60 53 2 4 1 0
6 16 53 1 1 1 0
16 16 53 1 1 1 0
11 64 53 1 4 1 0
6 18 53 1 4 1 0
16 18 53 1 4 1 0
12 58 53 4 1 1 0
8 60 53 4 1 1 0
11 14 53 1 4 1 0
6 23 53 4 1 1 0
5 32 53 4 1 1 0
6 35 53 4 1 1 0
13 35 53 4 1 1 0
7 44 53 4 1 1 0
12 44 53 4 1 1 0
13 47 53 2 4 1 0
12 51 53 3 2 1 0
12 53 53 3 1 1 0
7 57 53 4 1 1 0
9 61 53 3 1 1 0
10 62 53 2 1 1 0
11 63 53 1 1 1 0
7 19 53 8 2 1 0
15 19 53 1 3 1 0
7 21 53 4 1 1 0
11 59 53 3 1 1 0
9 18 53 4 1 1 0
13 18 53 1 1 1 0
11 21 53 4 2 1 0
8 22 53 3 1 1 0
10 30 53 2 8 1 0
12 34 53 1 4 1 0
11 38 53 1 4 1 0
11 42 53 1 4 1 0
11 46 53 1 1 1 0
12 47 53 1 4 1 0
9 31 53 1 4 1 0
13 31 53 1 4 1 0
11 55 53 1 4 1 0
12 23 53 2 8 1 0
10 23 53 2 4 1 0
9 24 53 1 4 1 0
9 28 53 3 2 1 0
9 30 53 1 1 1 0
12 31 53 1 3 1 0
10 27 53 2 1 1 0
9 10 54 2 8 1 0
12 10 54 2 8 1 0
7 11 54 2 8 1 0
14 11 54 2 8 1 0
6 12 54 1 4 1 0
16 12 54 1 4 1 0
11 65 54 2 8 1 0
10 69 54 1 4 1 0
5 13 54 1 4 1 0
17 13 54 1 4 1 0
13 64 54 2 8 1 0
8 64 54 2 8 1 0
4 14 54 1 4 1 0
18 14 54 1 4 1 0
3 15 54 1 4 1 0
19 15 54 1 4 1 0
15 64 54 1 4 1 0
7 64 54 1 4 1 0
2 19 54 2 8 1 0
19 19 54 2 8 1 0
1 25 54 1 4 1 0
21 25 54 1 4 1 0
1 31 54 8 2 1 0
14 31 54 8 2 1 0
2 34 54 8 2 1 0
13 34 54 8 2 1 0
3 39 54 8 2 1 0
12 39 54 8 2 1 0
4 42 54 2 8 1 0
17 42 54 2 8 1 0
4 51 54 2 8 1 0
17 51 54 2 8 1 0
4 59 54 4 1 1 0
15 59 54 4 1 1 0
5 60 54 4 1 1 0
14 60 54 4 1 1 0
6 61 54 4 1 1 0
13 61 54 4 1 1 0
11 10 54 1 4 1 0
1 29 54 8 2 1 0
14 29 54 8 2 1 0
2 33 54 4 1 1 0
17 33 54 4 1 1 0
3 36 54 8 2 1 0
12 36 54 8 2 1 0
3 38 54 4 1 1 0
16 38 54 4 1 1 0
4 41 54 4 1 1 0
15 41 54 4 1 1 0
5 50 54 4 1 1 0
14 50 54 4 1 1 0
7 62 54 8 2 1 0
15 62 54 1 2 1 0
4 18 54 2 8 1 0
17 18 54 2 8 1 0
2 27 54 8 2 1 0
13 27 54 8 2 1 0
6 51 54 2 8 1 0
15 51 54 2 8 1 0
10 65 54 1 4 1 0
5 17 54 2 1 1 0
16 17 54 2 1 1 0
6 42 54 2 8 1 0
15 42 54 2 8 1 0
6 16 54 1 1 1 0
16 16 54 1 1 1 0
6 18 54 1 4 1 0
16 18 54 1 4 1 0
4 26 54 4 1 1 0
15 26 54 4 1 1 0
10 64 54 3 1 1 0
8 52 54 2 8 1 0
13 52 54 2 8 1 0
9 60 54 4 1 1 0
11 14 54 1 4 1 0
6 22 54 8 2 1 0
15 22 54 2 4 1 0
6 24 54 8 2 1 0
6 33 54 4 1 1 0
13 33 54 4 1 1 0
7 38 54 4 1 1 0
12 38 54 4 1 1 0
8 41 54 2 8 1 0
13 41 54 2 8 1 0
8 49 54 4 1 1 0
12 49 54 3 1 1 0
9 50 54 4 2 1 0
8 51 54 1 1 1 0
13 50 54 1 2 1 0
14 51 54 1 1 1 0
10 52 54 2 8 1 0
12 52 54 1 4 1 0
13 60 54 1 1 1 0
10 61 54 3 1 1 0
7 19 54 8 2 1 0
15 19 54 1 3 1 0
7 21 54 4 1 1 0
11 36 54 1 4 1 0
11 40 54 1 4 1 0
10 41 54 1 4 1 0
12 41 54 1 4 1 0
11 44 54 1 4 1 0
10 45 54 1 4 1 0
12 45 54 1 4 1 0
11 48 54 1 1 1 0
12 56 54 1 4 1 0
9 18 54 4 1 1 0
13 18 54 1 1 1 0
14 21 54 1 4 1 0
10 28 54 2 8 1 0
12 32 54 1 4 1 0
11 21 54 3 1 1 0
14 25 54 1 2 1 0
8 26 54 4 1 1 0
9 29 54 1 4 1 0
13 29 54 1 4 1 0
12 26 54 2 1 1 0
12 28 54 1 4 1 0
10 27 54 3 1 1 0
8 10 55 2 8 1 0
13 10 55 2 8 1 0
7 11 55 1 4 1 0
15 11 55 1 4 1 0
5 12 55 2 8 1 0
16 12 55 1 4 1 0
11 65 55 2 8 1 0
10 69 55 1 4 1 0
17 13 55 2 8 1 0
13 64 55 2 8 1 0
8 64 55 2 8 1 0
4 14 55 1 4 1 0
3 15 55 1 4 1 0
19 15 55 1 4 1 0
15 65 55 1 4 1 0
7 65 55 1 3 1 0
2 19 55 2 8 1 0
19 19 55 2 8 1 0
2 33 55 8 2 1 0
13 33 55 8 2 1 0
3 35 55 8 2 1 0
12 35 55 8 2 1 0
4 45 55 8 2 1 0
17 39 55 2 8 1 0
5 57 55 8 2 1 0
6 59 55 4 1 1 0
16 52 55 2 8 1 0
13 60 55 4 1 1 0
7 62 55 8 2 1 0
15 61 55 1 3 1 0
10 10 55 2 8 1 0
12 10 55 1 4 1 0
2 27 55 8 2 1 0
13 27 55 8 2 1 0
2 29 55 8 2 1 0
13 29 55 8 2 1 0
2 31 55 8 2 1 0
13 31 55 8 2 1 0
4 37 55 8 2 1 0
15 37 55 4 2 1 0
4 39 55 8 2 1 0
4 41 55 8 2 1 0
4 43 55 8 2 1 0
5 47 55 8 2 1 0
14 47 55 4 2 1 0
5 49 55 8 2 1 0
14 49 55 4 2 1 0
5 51 55 8 2 1 0
14 51 55 4 1 1 0
5 53 55 8 2 1 0
5 55 55 8 2 1 0
7 60 55 4 2 1 0
4 18 55 1 4 1 0
14 52 55 2 8 1 0
11 61 55 4 1 1 0
10 65 55 1 4 1 0
11 21 55 8 2 1 0
4 22 55 4 2 1 0
11 23 55 8 2 1 0
4 24 55 4 2 1 0
11 25 55 8 2 1 0
4 26 55 4 1 1 0
10 64 55 3 1 1 0
15 39 55 2 8 1 0
15 16 55 2 4 1 0
5 20 55 4 2 1 0
13 37 55 2 8 1 0
12 45 55 3 2 1 0
13 51 55 1 4 1 0
13 56 55 1 4 1 0
12 14 55 1 4 1 0
7 15 55 1 4 1 0
15 15 55 1 1 1 0
13 20 55 4 1 1 0
11 33 55 1 4 1 0
12 37 55 1 4 1 0
12 41 55 1 4 1 0
13 47 55 1 4 1 0
13 55 55 1 1 1 0
10 59 55 3 1 1 0
11 60 55 2 1 1 0
8 18 55 4 2 1 0
7 19 55 1 1 1 0
12 18 55 3 2 1 0
10 31 55 1 4 1 0
12 31 55 1 4 1 0
8 22 55 2 4 1 0
8 26 55 3 1 1 0
9 20 55 4 1 1 0
9 21 55 2 1 1 0
10 27 55 2 4 1 0
12 27 55 1 4 1 0
11 31 55 1 2 1 0
10 22 55 1 4 1 0
10 9 56 2 8 1 0
12 9 56 1 4 1 0
8 10 56 2 8 1 0
13 10 56 2 8 1 0
6 11 56 2 8 1 0
15 11 56 1 4 1 0
5 12 56 1 4 1 0
16 12 56 2 8 1 0
12 65 56 2 8 1 0
9 65 56 2 8 1 0
4 13 56 1 4 1 0
18 13 56 1 4 1 0
14 68 56 1 4 1 0
8 68 56 1 4 1 0
15 66 56 1 4 1 0
7 66 56 1 4 1 0
3 15 56 1 4 1 0
19 15 56 1 4 1 0
2 19 56 2 8 1 0
19 19 56 2 8 1 0
14 65 56 2 1 1 0
7 65 56 2 1 1 0
2 31 56 8 2 1 0
13 32 56 8 2 1 0
3 34 56 8 2 1 0
12 34 56 8 2 1 0
4 36 56 4 1 1 0
15 36 56 4 1 1 0
5 40 56 2 8 1 0
16 40 56 2 8 1 0
5 54 56 8 2 1 0
14 54 56 4 2 1 0
5 56 56 4 1 1 0
14 56 56 4 1 1 0
6 57 56 4 1 1 0
13 57 56 4 1 1 0
7 60 56 8 2 1 0
15 58 56 1 4 1 0
11 69 56 1 4 1 0
2 27 56 8 2 1 0
13 27 56 8 2 1 0
2 29 56 8 2 1 0
13 29 56 8 2 1 0
17 31 56 4 1 1 0
3 33 56 4 1 1 0
11 63 56 4 2 1 0
8 62 56 2 3 1 0
5 37 56 8 2 1 0
14 37 56 4 2 1 0
5 39 56 4 1 1 0
14 39 56 4 1 1 0
6 48 56 8 2 1 0
15 48 56 2 4 1 0
6 50 56 8 2 1 0
6 52 56 8 2 1 0
14 52 56 3 2 1 0
7 58 56 8 2 1 0
11 62 56 4 1 1 0
4 17 56 2 8 1 0
18 17 56 1 4 1 0
14 66 56 1 2 1 0
8 66 56 1 2 1 0
5 16 56 1 1 1 0
11 21 56 8 2 1 0
11 23 56 8 2 1 0
4 25 56 8 2 1 0
15 25 56 4 2 1 0
10 62 56 1 3 1 0
7 40 56 2 8 1 0
14 40 56 2 8 1 0
14 48 56 1 4 1 0
13 54 56 1 3 1 0
14 20 56 4 1 1 0
8 36 56 4 1 1 0
12 36 56 3 1 1 0
13 37 56 1 4 1 0
9 39 56 2 8 1 0
11 39 56 2 8 1 0
13 41 56 1 4 1 0
13 45 56 1 3 1 0
9 47 56 4 1 1 0
9 56 56 4 1 1 0
12 13 56 1 4 1 0
15 15 56 1 4 1 0
11 65 56 1 4 1 0
6 19 56 8 2 1 0
6 21 56 2 4 1 0
13 31 56 4 1 1 0
7 33 56 4 1 1 0
11 32 56 1 4 1 0
10 57 56 3 1 1 0
8 18 56 4 1 1 0
12 18 56 3 1 1 0
14 19 56 2 1 1 0
12 30 56 1 4 1 0
8 21 56 2 4 1 0
12 25 56 3 2 1 0
10 28 56 2 4 1 0
12 27 56 1 3 1 0
10 32 56 1 1 1 0
10 17 56 3 1 1 0
10 21 56 1 4 1 0
10 27 56 2 1 1 0
9 9 57 2 8 1 0
12 9 57 2 8 1 0
7 10 57 2 8 1 0
14 10 57 2 8 1 0
6 11 57 1 4 1 0
16 11 57 1 4 1 0
5 12 57 1 4 1 0
17 12 57 1 4 1 0
12 65 57 2 8 1 0
9 65 57 2 8 1 0
4 13 57 1 4 1 0
18 13 57 1 4 1 0
14 68 57 1 4 1 0
8 68 57 1 4 1 0
15 67 57 1 4 1 0
7 67 57 1 4 1 0
3 15 57 1 4 1 0
19 15 57 1 4 1 0
2 18 57 1 3 1 0
20 18 57 1 4 1 0
14 65 57 2 2 1 0
7 65 57 2 2 1 0
3 32 57 8 2 1 0
12 32 57 8 2 1 0
4 34 57 8 2 1 0
15 34 57 4 2 1 0
5 36 57 8 2 1 0
14 36 57 4 2 1 0
6 47 57 8 2 1 0
15 41 57 2 8 1 0
8 59 57 8 2 1 0
7 61 57 4 1 1 0
11 9 57 1 4 1 0
11 69 57 1 4 1 0
3 21 57 8 2 1 0
12 22 57 8 2 1 0
3 23 57 8 2 1 0
12 24 57 8 2 1 0
3 25 57 8 2 1 0
12 26 57 8 2 1 0
3 27 57 8 2 1 0
12 28 57 8 2 1 0
3 29 57 8 2 1 0
12 30 57 8 2 1 0
3 31 57 4 1 1 0
11 63 57 4 2 1 0
8 63 57 3 2 1 0
6 38 57 8 2 1 0
14 38 57 3 2 1 0
6 40 57 8 2 1 0
14 40 57 3 1 1 0
6 42 57 8 2 1 0
6 44 57 8 2 1 0
6 46 57 4 1 1 0
7 49 57 8 2 1 0
15 49 57 1 4 1 0
7 51 57 8 2 1 0
7 53 57 8 2 1 0
15 53 57 1 4 1 0
7 55 57 8 2 1 0
7 57 57 8 2 1 0
15 57 57 1 2 1 0
7 59 57 1 2 1 0
11 61 57 4 2 1 0
8 62 57 3 1 1 0
4 17 57 2 4 1 0
17 17 57 2 4 1 0
14 67 57 1 1 1 0
8 67 57 1 1 1 0
3 19 57 1 2 1 0
19 19 57 1 3 1 0
14 41 57 1 4 1 0
14 45 57 1 4 1 0
5 16 57 2 1 1 0
16 16 57 2 1 1 0
15 21 57 4 1 1 0
12 34 57 3 2 1 0
13 36 57 1 2 1 0
10 46 57 4 1 1 0
6 15 57 1 1 1 0
16 15 57 1 1 1 0
6 17 57 1 4 1 0
16 17 57 1 4 1 0
11 13 57 1 4 1 0
11 65 57 1 4 1 0
7 31 57 4 1 1 0
11 30 57 1 4 1 0
7 18 57 8 2 1 0
15 18 57 1 3 1 0
7 20 57 4 1 1 0
11 26 57 1 4 1 0
9 17 57 4 1 1 0
13 17 57 1 1 1 0
11 20 57 4 2 1 0
11 22 57 1 4 1 0
9 8 58 2 8 1 0
12 8 58 2 8 1 0
7 9 58 2 8 1 0
14 9 58 2 8 1 0
6 10 58 1 4 1 0
16 10 58 1 4 1 0
17 11 58 1 4 1 0
5 12 58 1 4 1 0
12 65 58 2 8 1 0
9 65 58 2 8 1 0
4 13 58 1 4 1 0
14 68 58 1 4 1 0
18 13 58 1 4 1 0
8 68 58 1 4 1 0
15 67 58 1 4 1 0
7 67 58 1 4 1 0
3 15 58 1 4 1 0
19 15 58 1 4 1 0
2 18 58 1 3 1 0
20 18 58 1 3 1 0
3 19 58 2 8 1 0
18 19 58 2 8 1 0
14 65 58 2 2 1 0
7 65 58 2 2 1 0
3 29 58 8 2 1 0
12 29 58 8 2 1 0
16 31 58 4 1 1 0
4 32 58 8 2 1 0
15 32 58 4 2 1 0
8 64 58 4 1 1 0
5 34 58 8 2 1 0
14 34 58 4 2 1 0
6 36 58 4 1 1 0
13 36 58 4 1 1 0
7 42 58 2 8 1 0
14 42 58 2 8 1 0
8 50 58 2 4 1 0
13 50 58 2 4 1 0
8 55 58 2 8 1 0
13 55 58 2 8 1 0
7 57 58 1 4 1 0
15 57 58 1 4 1 0
11 8 58 1 4 1 0
11 69 58 1 4 1 0
4 27 58 8 2 1 0
15 27 58 4 2 1 0
4 31 58 4 1 1 0
12 63 58 3 2 1 0
7 37 58 8 2 1 0
15 37 58 1 4 1 0
7 39 58 8 2 1 0
7 41 58 4 1 1 0
12 41 58 4 1 1 0
9 54 58 4 1 1 0
13 54 58 1 1 1 0
9 63 58 3 1 1 0
10 46 58 2 8 1 0
12 50 58 1 4 1 0
4 17 58 8 2 1 0
15 17 58 4 2 1 0
14 67 58 1 1 1 0
8 67 58 1 1 1 0
13 32 58 1 4 1 0
10 36 58 3 1 1 0
11 41 58 1 4 1 0
9 42 58 2 4 1 0
12 42 58 2 8 1 0
11 45 58 1 1 1 0
9 46 58 1 4 1 0
6 14 58 1 3 1 0
16 14 58 1 3 1 0
17 15 58 1 2 1 0
5 16 58 1 1 1 0
5 19 58 2 8 1 0
16 19 58 2 8 1 0
14 31 58 1 3 1 0
10 55 58 2 8 1 0
12 55 58 1 4 1 0
12 59 58 1 4 1 0
15 31 58 1 1 1 0
8 31 58 4 1 1 0
12 31 58 1 3 1 0
11 12 58 1 4 1 0
11 65 58 1 4 1 0
7 19 58 2 8 1 0
14 19 58 2 8 1 0
12 27 58 3 2 1 0
11 29 58 1 2 1 0
13 31 58 1 1 1 0
12 17 58 3 2 1 0
9 16 58 4 1 1 0
13 16 58 1 1 1 0
9 19 58 2 8 1 0
12 19 58 2 8 1 0
11 23 58 1 4 1 0
11 19 58 1 4 1 0
17 19 59 4 1 1 0
9 7 59 2 8 1 0
12 7 59 2 8 1 0
7 8 59 2 8 1 0
14 8 59 2 8 1 0
6 9 59 1 4 1 0
16 9 59 1 4 1 0
17 10 59 1 4 1 0
5 11 59 1 4 1 0
4 12 59 1 4 1 0
18 12 59 1 4 1 0
12 65 59 2 8 1 0
9 65 59 2 8 1 0
14 68 59 1 4 1 0
8 68 59 1 4 1 0
15 67 59 1 4 1 0
7 67 59 1 4 1 0
3 15 59 1 4 1 0
19 15 59 1 4 1 0
3 22 59 8 2 1 0
12 22 59 8 2 1 0
11 26 59 8 2 1 0
7 65 59 2 2 1 0
11 29 59 8 2 1 0
4 24 59 2 8 1 0
15 31 59 4 1 1 0
5 32 59 8 2 1 0
14 32 59 4 2 1 0
14 64 59 2 3 1 0
6 34 59 4 1 1 0
13 34 59 4 1 1 0
7 35 59 4 1 1 0
12 35 59 4 1 1 0
8 36 59 4 1 1 0
12 36 59 3 1 1 0
9 43 59 2 8 1 0
12 43 59 2 8 1 0
10 51 59 3 1 1 0
11 52 59 1 4 1 0
10 53 59 1 4 1 0
12 53 59 1 4 1 0
9 54 59 1 4 1 0
13 54 59 1 4 1 0
8 55 59 1 4 1 0
14 55 59 1 4 1 0
7 56 59 1 4 1 0
15 56 59 1 4 1 0
7 60 59 4 1 1 0
12 60 59 4 1 1 0
8 61 59 4 1 1 0
12 61 59 3 1 1 0
8 63 59 4 2 1 0
12 63 59 3 1 1 0
11 7 59 1 4 1 0
11 69 59 1 4 1 0
3 19 59 8 2 1 0
12 20 59 8 2 1 0
3 21 59 4 1 1 0
11 24 59 8 2 1 0
14 28 59 4 1 1 0
9 37 59 4 2 1 0
13 37 59 1 4 1 0
9 39 59 4 2 1 0
9 41 59 4 2 1 0
13 41 59 1 2 1 0
9 62 59 4 1 1 0
13 62 59 1 1 1 0
11 43 59 1 4 1 0
11 47 59 1 4 1 0
16 14 59 2 4 1 0
4 16 59 8 2 1 0
18 16 59 1 3 1 0
14 67 59 1 1 1 0
8 67 59 1 1 1 0
4 18 59 4 1 1 0
6 24 59 2 8 1 0
10 34 59 3 1 1 0
11 35 59 1 1 1 0
8 59 59 4 1 1 0
12 59 59 3 1 1 0
6 13 59 1 3 1 0
16 13 59 1 1 1 0
5 15 59 1 1 1 0
14 18 59 4 1 1 0
8 24 59 2 8 1 0
11 31 59 4 1 1 0
13 32 59 1 2 1 0
12 64 59 2 1 1 0
9 58 59 4 1 1 0
13 58 59 1 1 1 0
10 28 59 1 4 1 0
10 57 59 3 1 1 0
11 11 59 1 4 1 0
11 65 59 1 4 1 0
12 16 59 4 2 1 0
13 19 59 4 1 1 0
7 21 59 4 1 1 0
11 28 59 3 1 1 0
11 56 59 1 1 1 0
11 60 59 1 1 1 0
8 18 59 4 1 1 0
10 24 59 1 4 1 0
9 15 59 4 1 1 0
13 15 59 1 1 1 0
12 18 59 2 1 1 0
11 19 59 2 1 1 0
11 20 59 1 4 1 0
5 30 60 4 1 1 0
10 6 60 2 8 1 0
12 6 60 1 4 1 0
8 7 60 2 8 1 0
13 7 60 2 8 1 0
7 8 60 1 4 1 0
15 8 60 1 4 1 0
6 9 60 1 4 1 0
16 9 60 1 4 1 0
5 10 60 1 4 1 0
17 10 60 1 4 1 0
18 11 60 1 4 1 0
12 65 60 2 8 1 0
4 12 60 1 4 1 0
9 65 60 2 8 1 0
14 68 60 1 4 1 0
8 68 60 1 4 1 0
15 67 60 1 4 1 0
7 67 60 1 4 1 0
3 14 60 1 4 1 0
19 14 60 1 4 1 0
3 22 60 8 2 1 0
12 22 60 8 2 1 0
15 24 60 4 1 1 0
4 24 60 8 2 1 0
10 26 60 8 2 1 0
5 27 60 4 2 1 0
10 29 60 8 2 1 0
6 31 60 8 2 1 0
14 31 60 3 2 1 0
7 33 60 4 1 1 0
12 33 60 4 1 1 0
14 64 60 2 3 1 0
7 64 60 2 3 1 0
8 34 60 4 1 1 0
12 34 60 3 1 1 0
9 35 60 4 1 1 0
10 53 60 2 8 1 0
12 53 60 1 4 1 0
9 54 60 1 4 1 0
13 54 60 1 4 1 0
8 55 60 1 4 1 0
14 55 60 1 4 1 0
7 56 60 1 4 1 0
15 56 60 1 4 1 0
7 60 60 3 1 1 0
12 60 60 4 1 1 0
8 61 60 4 1 1 0
12 61 60 3 1 1 0
8 63 60 4 1 1 0
12 63 60 3 1 1 0
11 69 60 1 4 1 0
3 18 60 8 2 1 0
12 18 60 8 2 1 0
3 20 60 8 2 1 0
12 20 60 8 2 1 0
14 25 60 4 1 1 0
5 26 60 4 1 1 0
13 28 60 4 1 1 0
6 29 60 4 1 1 0
9 62 60 4 1 1 0
13 62 60 1 1 1 0
11 15 60 8 2 1 0
4 16 60 4 2 1 0
15 17 60 4 1 1 0
14 67 60 1 1 1 0
8 67 60 1 1 1 0
11 33 60 1 1 1 0
8 59 60 2 1 1 0
12 59 60 3 1 1 0
6 13 60 2 3 1 0
5 14 60 1 2 1 0
15 13 60 2 2 1 0
17 14 60 1 1 1 0
9 30 60 1 1 1 0
10 64 60 4 1 1 0
9 64 60 1 1 1 0
9 58 60 1 1 1 0
12 58 60 2 1 1 0
7 12 60 1 1 1 0
15 12 60 1 1 1 0
9 28 60 4 1 1 0
12 57 60 1 1 1 0
12 10 60 1 4 1 0
11 65 60 1 4 1 0
12 24 60 3 1 1 0
12 25 60 2 1 1 0
9 26 60 1 2 1 0
8 15 60 2 3 1 0
11 17 60 4 1 1 0
10 14 60 1 4 1 0
11 14 60 2 1 1 0
11 18 60 1 4 1 0
11 22 60 1 2 1 0
10 4 61 2 8 1 0
12 4 61 1 4 1 0
9 5 61 1 4 1 0
13 5 61 1 4 1 0
8 7 61 1 4 1 0
14 7 61 2 8 1 0
6 8 61 2 8 1 0
16 8 61 1 4 1 0
5 9 61 1 4 1 0
17 9 61 1 4 1 0
4 10 61 1 4 1 0
18 10 61 1 4 1 0
11 65 61 2 8 1 0
10 69 61 1 4 1 0
13 64 61 2 8 1 0
8 64 61 2 8 1 0
3 13 61 1 4 1 0
19 13 61 1 4 1 0
15 66 61 1 4 1 0
7 66 61 1 4 1 0
3 21 61 8 2 1 0
12 21 61 8 2 1 0
4 23 61 8 2 1 0
15 23 61 4 2 1 0
5 25 61 4 1 1 0
14 25 61 4 1 1 0
6 26 61 8 2 1 0
14 26 61 3 2 1 0
7 30 61 8 2 1 0
15 28 61 1 4 1 0
8 32 61 4 1 1 0
12 32 61 3 1 1 0
9 33 61 4 1 1 0
13 33 61 1 1 1 0
15 64 61 1 2 1 0
7 64 61 1 2 1 0
10 53 61 2 8 1 0
12 53 61 1 4 1 0
9 54 61 1 4 1 0
13 54 61 1 4 1 0
8 55 61 1 4 1 0
14 55 61 1 4 1 0
7 56 61 1 4 1 0
15 56 61 1 4 1 0
7 60 61 3 1 1 0
12 60 61 4 1 1 0
11 61 61 4 1 1 0
8 63 61 4 1 1 0
12 63 61 3 1 1 0
3 17 61 8 2 1 0
12 17 61 8 2 1 0
3 19 61 8 2 1 0
12 19 61 8 2 1 0
7 28 61 8 2 1 0
9 61 61 2 2 1 0
11 62 61 3 1 1 0
4 14 61 2 3 1 0
16 14 61 3 2 1 0
15 16 61 4 1 1 0
8 59 61 2 1 1 0
12 59 61 3 1 1 0
5 13 61 1 1 1 0
16 12 61 1 2 1 0
17 13 61 1 1 1 0
9 58 61 1 1 1 0
12 58 61 2 1 1 0
12 8 61 1 4 1 0
9 9 61 1 4 1 0
13 9 61 1 4 1 0
10 65 61 1 4 1 0
6 16 61 4 1 1 0
10 64 61 3 1 1 0
12 57 61 1 1 1 0
8 11 61 1 4 1 0
12 15 61 4 1 1 0
12 23 61 3 2 1 0
9 25 61 4 1 1 0
13 25 61 1 1 1 0
8 15 61 4 1 1 0
11 16 61 4 1 1 0
10 12 61 3 2 1 0
9 13 61 1 2 1 0
13 13 61 1 2 1 0
10 14 61 3 1 1 0
10 16 61 1 1 1 0
11 17 61 1 4 1 0
11 21 61 1 2 1 0
11 69 62 1 4 1 0
11 53 62 1 4 1 0
9 3 62 2 8 1 0
12 3 62 2 8 1 0
8 4 62 1 4 1 0
14 4 62 1 4 1 0
7 6 62 1 4 1 0
15 6 62 1 4 1 0
6 8 62 1 4 1 0
16 8 62 1 4 1 0
5 9 62 1 4 1 0
17 9 62 1 4 1 0
4 10 62 1 4 1 0
18 10 62 1 4 1 0
3 12 62 1 4 1 0
19 12 62 1 4 1 0
12 64 62 2 8 1 0
9 64 62 2 8 1 0
14 67 62 1 4 1 0
8 67 62 1 4 1 0
15 65 62 1 4 1 0
7 65 62 1 4 1 0
3 20 62 8 2 1 0
12 20 62 8 2 1 0
4 22 62 8 2 1 0
15 22 62 4 2 1 0
5 24 62 8 2 1 0
14 24 62 4 2 1 0
6 26 62 4 1 1 0
13 26 62 4 1 1 0
7 27 62 4 1 1 0
12 27 62 4 1 1 0
8 28 62 4 1 1 0
12 28 62 3 1 1 0
9 30 62 4 2 1 0
13 29 62 1 3 1 0
10 32 62 3 1 1 0
9 54 62 2 8 1 0
12 54 62 2 8 1 0
8 55 62 1 4 1 0
14 55 62 1 4 1 0
7 56 62 1 4 1 0
15 56 62 1 4 1 0
7 60 62 2 2 1 0
14 60 62 2 2 1 0
7 63 62 4 1 1 0
12 63 62 4 1 1 0
11 3 62 1 4 1 0
3 16 62 8 2 1 0
12 16 62 8 2 1 0
3 18 62 8 2 1 0
12 18 62 8 2 1 0
9 29 62 4 1 1 0
14 64 62 2 1 1 0
7 64 62 2 1 1 0
8 62 62 4 1 1 0
12 62 62 3 1 1 0
4 14 62 8 2 1 0
15 14 62 4 2 1 0
14 65 62 1 2 1 0
8 65 62 1 2 1 0
8 59 62 1 1 1 0
14 59 62 1 1 1 0
8 8 62 1 4 1 0
14 8 62 1 4 1 0
5 13 62 4 1 1 0
14 13 62 4 1 1 0
11 26 62 1 2 1 0
11 7 62 1 4 1 0
7 10 62 1 3 1 0
15 10 62 1 3 1 0
6 12 62 1 1 1 0
16 12 62 1 1 1 0
10 26 62 1 1 1 0
12 26 62 1 1 1 0
11 58 62 1 4 1 0
11 65 62 1 4 1 0
12 22 62 3 2 1 0
13 24 62 1 2 1 0
11 63 62 1 2 1 0
11 57 62 1 1 1 0
9 11 62 4 2 1 0
8 12 62 1 1 1 0
13 11 62 1 4 1 0
14 12 62 1 1 1 0
14 14 62 1 2 1 0
9 13 62 4 1 1 0
12 15 62 2 1 1 0
12 14 62 1 1 1 0
11 16 62 1 4 1 0
11 20 62 1 2 1 0
10 2 63 1 4 1 0
11 53 63 1 4 1 0
9 3 63 1 4 1 0
12 3 63 2 8 1 0
8 4 63 1 4 1 0
14 4 63 1 4 1 0
7 6 63 1 4 1 0
15 6 63 1 4 1 0
16 7 63 1 4 1 0
6 8 63 1 4 1 0
5 9 63 1 4 1 0
17 9 63 1 4 1 0
4 10 63 1 4 1 0
18 10 63 1 4 1 0
19 11 63 1 4 1 0
3 12 63 1 4 1 0
12 64 63 2 8 1 0
9 64 63 2 8 1 0
14 67 63 1 4 1 0
8 67 63 1 4 1 0
15 65 63 1 4 1 0
7 65 63 1 4 1 0
3 19 63 8 2 1 0
12 19 63 8 2 1 0
4 22 63 8 2 1 0
15 22 63 4 2 1 0
5 24 63 4 1 1 0
14 24 63 4 1 1 0
6 25 63 4 1 1 0
13 25 63 4 1 1 0
7 26 63 4 1 1 0
8 27 63 4 1 1 0
12 26 63 4 2 1 0
9 28 63 4 1 1 0
13 28 63 1 1 1 0
9 54 63 2 8 1 0
12 54 63 2 8 1 0
8 55 63 1 4 1 0
14 55 63 1 4 1 0
7 56 63 1 4 1 0
15 56 63 1 4 1 0
11 3 63 1 4 1 0
11 68 63 1 4 1 0
12 15 63 8 2 1 0
3 16 63 8 2 1 0
12 17 63 8 2 1 0
3 18 63 4 1 1 0
4 21 63 4 1 1 0
15 21 63 4 1 1 0
14 61 63 2 4 1 0
7 61 63 2 4 1 0
7 60 63 2 1 1 0
14 60 63 2 1 1 0
4 14 63 8 2 1 0
15 14 63 4 1 1 0
14 65 63 1 2 1 0
8 65 63 1 2 1 0
8 59 63 1 1 1 0
14 59 63 1 1 1 0
9 7 63 2 4 1 0
8 8 63 1 4 1 0
14 8 63 1 4 1 0
5 13 63 4 1 1 0
14 13 63 4 1 1 0
11 24 63 1 3 1 0
9 62 63 4 2 1 0
13 62 63 1 2 1 0
10 6 63 1 1 1 0
7 10 63 1 3 1 0
15 10 63 1 3 1 0
16 11 63 1 2 1 0
6 12 63 1 1 1 0
10 24 63 1 2 1 0
12 22 63 1 4 1 0
11 7 63 1 4 1 0
11 64 63 1 4 1 0
7 18 63 4 1 1 0
8 21 63 4 1 1 0
13 21 63 2 3 1 0
9 24 63 1 1 1 0
13 24 63 1 1 1 0
11 57 63 1 4 1 0
11 61 63 1 1 1 0
9 11 63 4 2 1 0
8 12 63 1 1 1 0
13 12 63 2 1 1 0
12 14 63 3 1 1 0
13 11 63 1 1 1 0
9 13 63 4 1 1 0
13 13 63 1 1 1 0
12 21 63 1 1 1 0
11 16 63 1 4 1 0
11 20 63 1 1 1 0
12 64 64 2 8 1 0
10 64 64 2 8 1 0
9 67 64 1 4 1 0
14 66 64 1 4 1 0
8 66 64 1 4 1 0
15 65 64 1 4 1 0
7 65 64 1 4 1 0
14 57 64 2 8 1 0
7 57 64 2 8 1 0
11 55 64 4 2 1 0
8 55 64 3 2 1 0
10 54 64 4 1 1 0
9 54 64 1 1 1 0
11 21 64 2 8 1 0
10 25 64 1 4 1 0
13 20 64 2 8 1 0
8 20 64 2 8 1 0
15 23 64 1 4 1 0
7 23 64 1 4 1 0
16 22 64 1 4 1 0
6 22 64 1 4 1 0
17 21 64 1 4 1 0
5 21 64 1 4 1 0
18 19 64 1 4 1 0
4 19 64 1 4 1 0
19 17 64 1 4 1 0
3 17 64 1 4 1 0
12 11 64 8 2 1 0
3 11 64 8 2 1 0
15 10 64 4 1 1 0
4 10 64 4 1 1 0
10 8 64 8 2 1 0
5 8 64 4 2 1 0
9 1 64 2 4 1 0
12 1 64 2 4 1 0
8 2 64 1 4 1 0
14 2 64 1 4 1 0
13 7 64 4 1 1 0
6 7 64 4 1 1 0
7 6 64 4 1 1 0
12 6 64 4 1 1 0
12 15 64 8 2 1 0
3 15 64 8 2 1 0
12 13 64 8 2 1 0
3 13 64 8 2 1 0
11 1 64 1 4 1 0
14 65 64 1 1 1 0
8 65 64 2 1 1 0
11 17 64 8 2 1 0
4 17 64 4 2 1 0
9 5 64 4 1 1 0
13 5 64 1 1 1 0
9 66 64 1 1 1 0
9 61 64 1 4 1 0
12 60 64 2 4 1 0
9 57 64 2 4 1 0
12 57 64 2 3 1 0
15 19 64 2 3 1 0
17 19 64 1 2 1 0
6 19 64 2 3 1 0
5 19 64 1 2 1 0
10 61 64 2 3 1 0
11 57 64 1 4 1 0
15 22 64 1 1 1 0
7 22 64 1 1 1 0
11 6 64 1 2 1 0
10 7 64 1 1 1 0
9 8 64 1 3 1 0
10 21 64 1 4 1 0
11 10 64 4 1 1 0
8 10 64 1 1 1 0
12 7 64 1 1 1 0
11 19 64 4 1 1 0
8 17 64 2 3 1 0
10 10 64 1 1 1 0
10 20 64 3 1 1 0
10 17 64 1 3 1 0
11 11 64 1 4 1 0
11 15 64 1 2 1 0
17 15 65 4 1 1 0
11 64 65 2 8 1 0
10 68 65 1 4 1 0
13 67 65 1 4 1 0
9 67 65 1 4 1 0
14 66 65 1 4 1 0
8 66 65 1 4 1 0
15 64 65 1 4 1 0
7 64 65 1 4 1 0
8 57 65 8 2 1 0
7 57 65 1 4 1 0
11 55 65 4 2 1 0
8 55 65 3 2 1 0
10 54 65 4 1 1 0
9 54 65 1 1 1 0
12 20 65 2 8 1 0
9 20 65 2 8 1 0
14 19 65 2 8 1 0
7 19 65 2 8 1 0
16 22 65 1 4 1 0
6 22 65 1 4 1 0
17 21 65 1 4 1 0
5 21 65 1 4 1 0
18 19 65 1 4 1 0
4 19 65 1 4 1 0
19 17 65 1 4 1 0
3 17 65 1 4 1 0
12 11 65 8 2 1 0
3 11 65 8 2 1 0
11 9 65 8 2 1 0
4 9 65 4 2 1 0
14 8 65 4 1 1 0
5 8 65 4 1 1 0
9 1 65 2 8 1 0
12 1 65 2 8 1 0
8 2 65 1 4 1 0
14 2 65 1 4 1 0
14 7 65 3 1 1 0
6 7 65 3 1 1 0
7 4 65 1 3 1 0
15 4 65 1 3 1 0
8 62 65 8 2 1 0
7 61 65 1 3 1 0
8 60 65 8 2 1 0
12 59 65 4 1 1 0
11 24 65 1 4 1 0
16 16 65 4 1 1 0
3 15 65 8 2 1 0
12 13 65 8 2 1 0
3 13 65 8 2 1 0
11 1 65 1 4 1 0
13 64 65 2 2 1 0
8 64 65 3 2 1 0
8 59 65 4 1 1 0
11 17 65 8 2 1 0
4 17 65 4 2 1 0
8 6 65 1 1 1 0
14 6 65 1 1 1 0
13 66 65 1 1 1 0
9 66 65 2 1 1 0
16 19 65 1 3 1 0
17 19 65 1 2 1 0
6 19 65 1 3 1 0
5 19 65 1 2 1 0
10 67 65 1 1 1 0
11 5 65 1 4 1 0
11 20 65 1 4 1 0
12 15 65 4 2 1 0
16 15 65 1 1 1 0
8 9 65 3 2 1 0
8 17 65 3 2 1 0
10 19 65 4 1 1 0
9 19 65 1 1 1 0
11 13 65 1 4 1 0
11 11 65 1 2 1 0
12 63 66 2 8 1 0
10 63 66 2 8 1 0
14 66 66 1 4 1 0
9 66 66 1 4 1 0
8 65 66 1 4 1 0
15 64 66 1 4 1 0
7 64 66 1 4 1 0
8 57 66 8 2 1 0
7 57 66 1 4 1 0
11 56 66 4 1 1 0
8 56 66 3 1 1 0
10 54 66 4 2 1 0
9 54 66 1 2 1 0
11 20 66 2 8 1 0
10 24 66 1 4 1 0
13 19 66 2 8 1 0
8 19 66 2 8 1 0
15 22 66 1 4 1 0
7 22 66 1 4 1 0
16 21 66 1 4 1 0
6 21 66 1 4 1 0
17 20 66 1 4 1 0
5 20 66 1 4 1 0
18 19 66 1 4 1 0
4 19 66 1 4 1 0
19 17 66 1 4 1 0
3 17 66 1 4 1 0
13 14 66 8 2 1 0
2 14 66 8 2 1 0
12 11 66 8 2 1 0
3 11 66 8 2 1 0
11 9 66 8 2 1 0
4 9 66 4 2 1 0
14 8 66 4 1 1 0
5 8 66 4 1 1 0
10 0 66 2 8 1 0
12 0 66 1 4 1 0
9 1 66 1 4 1 0
13 1 66 1 4 1 0
8 2 66 1 4 1 0
14 2 66 1 4 1 0
15 3 66 1 4 1 0
7 4 66 1 4 1 0
6 6 66 1 2 1 0
16 6 66 1 2 1 0
14 60 66 2 4 1 0
7 61 66 2 3 1 0
12 59 66 4 1 1 0
16 16 66 4 1 1 0
3 16 66 4 1 1 0
16 13 66 4 1 1 0
3 13 66 4 1 1 0
14 64 66 1 2 1 0
8 64 66 2 1 1 0
8 59 66 4 2 1 0
11 17 66 8 2 1 0
4 17 66 4 2 1 0
12 7 66 4 1 1 0
9 65 66 1 1 1 0
9 61 66 1 3 1 0
10 61 66 4 2 1 0
12 60 66 2 1 1 0
15 19 66 3 1 1 0
5 19 66 3 1 1 0
8 6 66 2 2 1 0
9 5 66 1 1 1 0
12 5 66 2 2 1 0
14 6 66 1 1 1 0
15 20 66 1 2 1 0
16 20 66 1 1 1 0
7 20 66 1 2 1 0
6 20 66 1 1 1 0
12 4 66 1 1 1 0
10 20 66 1 4 1 0
12 16 66 4 1 1 0
7 16 66 4 1 1 0
12 13 66 4 1 1 0
7 13 66 4 1 1 0
8 9 66 3 2 1 0
10 8 66 4 1 1 0
9 8 66 1 1 1 0
8 17 66 3 2 1 0
10 19 66 3 1 1 0
11 13 66 1 4 1 0
12 14 66 1 2 1 0
10 14 66 1 2 1 0
11 11 66 1 2 1 0
11 63 67 2 8 1 0
10 67 67 1 4 1 0
13 66 67 1 4 1 0
9 66 67 1 4 1 0
14 65 67 1 4 1 0
8 65 67 1 4 1 0
15 63 67 1 4 1 0
7 62 67 1 4 1 0
7 58 67 8 2 1 0
12 57 67 4 1 1 0
11 56 67 4 1 1 0
8 56 67 3 2 1 0
10 55 67 4 1 1 0
9 55 67 1 1 1 0
10 54 67 3 1 1 0
12 19 67 2 8 1 0
9 19 67 2 8 1 0
14 18 67 2 8 1 0
7 18 67 2 8 1 0
16 21 67 1 4 1 0
6 21 67 1 4 1 0
17 20 67 1 4 1 0
5 20 67 1 4 1 0
18 19 67 1 4 1 0
4 19 67 1 4 1 0
19 17 67 1 4 1 0
3 16 67 1 4 1 0
13 14 67 8 2 1 0
2 14 67 8 2 1 0
12 11 67 8 2 1 0
3 11 67 8 2 1 0
11 9 67 8 2 1 0
4 9 67 4 2 1 0
14 8 67 4 1 1 0
5 8 67 4 1 1 0
10 0 67 2 8 1 0
12 0 67 2 8 1 0
9 1 67 1 4 1 0
8 2 67 1 4 1 0
14 2 67 1 4 1 0
7 4 67 1 4 1 0
15 4 67 1 4 1 0
16 6 67 1 2 1 0
6 6 67 1 2 1 0
8 61 67 8 2 1 0
7 60 67 1 2 1 0
12 60 67 4 1 1 0
15 58 67 1 2 1 0
11 23 67 1 4 1 0
16 16 67 4 1 1 0
16 13 67 4 1 1 0
3 13 67 4 1 1 0
8 63 67 3 2 1 0
13 63 67 2 2 1 0
8 60 67 4 1 1 0
16 17 67 3 2 1 0
4 17 67 3 2 1 0
4 16 67 4 1 1 0
10 65 67 1 2 1 0
9 65 67 1 1 1 0
13 65 67 1 1 1 0
6 19 67 1 2 1 0
5 19 67 1 1 1 0
16 19 67 2 1 1 0
14 6 67 1 2 1 0
8 6 67 2 2 1 0
9 5 67 1 1 1 0
11 57 67 1 1 1 0
16 20 67 1 1 1 0
11 19 67 1 4 1 0
8 16 67 8 2 1 0
7 17 67 1 1 1 0
12 13 67 4 1 1 0
7 13 67 4 1 1 0
8 9 67 3 2 1 0
10 8 67 4 1 1 0
9 8 67 1 1 1 0
10 18 67 4 1 1 0
9 18 67 1 1 1 0
10 14 67 3 2 1 0
11 11 67 1 3 1 0
11 23 68 1 4 1 0
11 62 68 2 8 1 0
10 66 68 1 4 1 0
13 65 68 1 4 1 0
8 61 68 2 8 1 0
14 64 68 1 4 1 0
15 61 68 1 4 1 0
7 60 68 1 4 1 0
8 58 68 8 2 1 0
7 58 68 1 2 1 0
8 57 68 4 1 1 0
12 56 68 3 2 1 0
10 55 68 4 1 1 0
9 55 68 1 2 1 0
13 18 68 2 8 1 0
8 18 68 2 8 1 0
15 17 68 2 8 1 0
6 17 68 2 8 1 0
17 20 68 1 4 1 0
5 20 68 1 4 1 0
18 19 68 1 4 1 0
4 18 68 1 4 1 0
19 16 68 1 4 1 0
3 16 68 1 4 1 0
13 14 68 8 2 1 0
2 14 68 8 2 1 0
12 11 68 8 2 1 0
3 11 68 8 2 1 0
11 9 68 8 2 1 0
4 9 68 4 2 1 0
14 8 68 4 1 1 0
5 8 68 4 1 1 0
10 0 68 2 8 1 0
12 0 68 2 8 1 0
9 1 68 1 4 1 0
8 2 68 1 4 1 0
14 2 68 1 4 1 0
7 4 68 1 4 1 0
15 4 68 1 4 1 0
16 6 68 1 2 1 0
6 6 68 1 2 1 0
12 60 68 4 1 1 0
12 22 68 1 4 1 0
10 22 68 1 4 1 0
16 13 68 4 1 1 0
3 13 68 4 1 1 0
13 61 68 2 3 1 0
8 60 68 4 1 1 0
10 56 68 2 1 1 0
17 16 68 2 3 1 0
4 16 68 2 2 1 0
13 64 68 1 1 1 0
10 62 68 1 4 1 0
17 19 68 1 1 1 0
5 18 68 1 2 1 0
14 6 68 1 2 1 0
8 6 68 2 2 1 0
9 5 68 1 1 1 0
10 61 68 3 1 1 0
13 16 68 4 1 1 0
6 16 68 4 1 1 0
11 19 68 1 4 1 0
12 18 68 1 4 1 0
10 18 68 1 4 1 0
12 13 68 4 1 1 0
7 13 68 4 1 1 0
8 9 68 3 2 1 0
10 8 68 4 1 1 0
9 8 68 1 1 1 0
11 17 68 4 1 1 0
8 17 68 3 1 1 0
11 14 68 2 3 1 0
10 14 68 1 3 1 0
11 18 68 1 1 1 0
11 11 68 1 3 1 0
12 61 69 4 1 1 0
11 65 69 2 4 1 0
10 65 69 1 4 1 0
13 64 69 1 4 1 0
9 64 69 1 4 1 0
14 63 69 1 4 1 0
8 63 69 1 4 1 0
7 60 69 4 2 1 0
11 57 69 4 2 1 0
8 57 69 3 2 1 0
10 56 69 4 1 1 0
9 56 69 1 1 1 0
10 55 69 3 1 1 0
13 18 69 2 8 1 0
8 18 69 2 8 1 0
15 21 69 1 4 1 0
7 21 69 1 4 1 0
16 20 69 1 4 1 0
5 16 69 2 8 1 0
17 15 69 2 8 1 0
4 18 69 1 4 1 0
19 16 69 1 4 1 0
3 16 69 1 4 1 0
19 14 69 2 2 1 0
12 11 69 8 2 1 0
3 11 69 8 2 1 0
11 9 69 8 2 1 0
4 9 69 4 2 1 0
14 8 69 4 1 1 0
5 8 69 4 1 1 0
10 0 69 2 8 1 0
12 0 69 1 4 1 0
9 1 69 1 4 1 0
13 1 69 1 4 1 0
8 2 69 1 4 1 0
13 7 69 4 1 1 0
6 7 69 4 1 1 0
14 3 69 1 4 1 0
7 5 69 1 2 1 0
15 5 69 1 2 1 0
11 62 69 4 1 1 0
8 62 69 3 1 1 0
11 59 69 4 2 1 0
8 59 69 3 1 1 0
11 18 69 2 8 1 0
10 22 69 1 4 1 0
3 14 69 8 2 1 0
16 13 69 4 1 1 0
3 13 69 4 1 1 0
10 63 69 4 1 1 0
9 63 69 1 1 1 0
4 16 69 1 2 1 0
8 6 69 2 1 1 0
10 64 69 3 1 1 0
15 14 69 4 1 1 0
9 5 69 1 1 1 0
12 4 69 1 4 1 0
13 5 69 1 2 1 0
11 61 69 1 1 1 0
15 17 69 1 4 1 0
16 16 69 1 4 1 0
7 17 69 1 4 1 0
10 18 69 1 4 1 0
12 15 69 4 2 1 0
16 15 69 1 1 1 0
7 16 69 4 1 1 0
12 13 69 4 1 1 0
7 13 69 4 1 1 0
8 9 69 3 2 1 0
10 8 69 4 1 1 0
9 8 69 1 1 1 0
11 17 69 4 1 1 0
8 17 69 3 1 1 0
11 14 69 4 1 1 0
11 15 69 1 2 1 0
11 11 69 1 3 1 0
11 60 70 2 8 1 0
10 64 70 1 4 1 0
13 63 70 1 4 1 0
9 63 70 1 4 1 0
14 61 70 1 4 1 0
8 61 70 1 4 1 0
8 59 70 3 2 1 0
11 58 70 4 2 1 0
10 57 70 4 1 1 0
9 57 70 1 2 1 0
10 56 70 3 1 1 0
12 18 70 2 8 1 0
9 18 70 2 8 1 0
14 17 70 2 8 1 0
7 17 70 2 8 1 0
16 20 70 1 4 1 0
6 20 70 1 4 1 0
17 19 70 1 4 1 0
5 19 70 1 4 1 0
18 18 70 1 4 1 0
4 18 70 1 4 1 0
19 16 70 1 4 1 0
3 16 70 1 4 1 0
3 11 70 8 2 1 0
12 10 70 8 2 1 0
15 9 70 4 1 1 0
4 9 70 8 2 1 0
14 8 70 4 1 1 0
5 8 70 4 1 1 0
10 1 70 2 8 1 0
12 1 70 1 4 1 0
13 7 70 4 1 1 0
6 7 70 4 1 1 0
9 2 70 1 4 1 0
13 2 70 1 4 1 0
8 4 70 1 3 1 0
14 4 70 1 3 1 0
15 6 70 1 1 1 0
7 6 70 1 1 1 0
13 60 70 2 1 1 0
11 22 70 1 4 1 0
12 14 70 8 2 1 0
3 14 70 8 2 1 0
12 12 70 8 2 1 0
3 13 70 4 1 1 0
13 61 70 1 2 1 0
9 61 70 2 2 1 0
10 58 70 1 1 1 0
16 16 70 3 2 1 0
4 16 70 3 2 1 0
10 63 70 1 1 1 0
16 18 70 2 1 1 0
5 18 70 2 1 1 0
12 6 70 2 1 1 0
9 6 70 1 1 1 0
12 5 70 1 1 1 0
16 19 70 1 1 1 0
6 19 70 1 1 1 0
11 18 70 1 4 1 0
12 16 70 4 1 1 0
7 16 70 4 1 1 0
7 13 70 4 1 1 0
12 9 70 3 1 1 0
12 8 70 2 1 1 0
9 8 70 1 1 1 0
12 7 70 1 1 1 0
10 17 70 4 1 1 0
9 17 70 1 1 1 0
11 13 70 1 4 1 0
11 11 70 1 2 1 0
11 64 71 1 4 1 0
12 63 71 1 4 1 0
10 63 71 1 4 1 0
13 61 71 1 4 1 0
9 61 71 1 4 1 0
10 58 71 4 2 1 0
9 58 71 1 3 1 0
10 57 71 3 1 1 0
13 17 71 2 8 1 0
8 17 71 2 8 1 0
15 16 71 2 8 1 0
6 16 71 2 8 1 0
17 19 71 1 4 1 0
5 19 71 1 4 1 0
18 18 71 1 4 1 0
4 18 71 1 4 1 0
19 16 71 1 4 1 0
3 16 71 1 4 1 0
12 11 71 8 2 1 0
3 11 71 8 2 1 0
11 9 71 8 2 1 0
4 9 71 4 2 1 0
14 8 71 4 1 1 0
5 8 71 4 1 1 0
7 7 71 4 1 1 0
9 3 71 4 2 1 0
13 4 71 1 4 1 0
14 6 71 2 2 1 0
8 5 71 4 2 1 0
14 5 71 1 1 1 0
10 60 71 4 1 1 0
11 17 71 2 8 1 0
10 21 71 1 4 1 0
12 14 71 8 2 1 0
3 14 71 8 2 1 0
16 13 71 4 1 1 0
3 13 71 4 1 1 0
11 61 71 1 3 1 0
12 61 71 1 2 1 0
10 61 71 1 2 1 0
17 16 71 2 2 1 0
4 16 71 2 2 1 0
12 5 71 1 4 1 0
17 18 71 1 1 1 0
5 18 71 1 1 1 0
13 8 71 1 1 1 0
9 8 71 2 3 1 0
8 9 71 1 2 1 0
11 7 71 1 2 1 0
10 17 71 1 4 1 0
12 13 71 4 1 1 0
7 13 71 4 1 1 0
11 16 71 4 1 1 0
8 16 71 3 1 1 0
11 11 71 1 4 1 0
11 15 71 1 1 1 0
11 62 72 1 4 1 0
12 61 72 1 4 1 0
10 61 72 1 4 1 0
10 59 72 3 2 1 0
12 17 72 2 8 1 0
9 17 72 2 8 1 0
14 16 72 2 8 1 0
7 16 72 2 8 1 0
16 15 72 2 8 1 0
5 15 72 2 8 1 0
18 17 72 1 4 1 0
4 17 72 1 4 1 0
19 15 72 1 4 1 0
3 15 72 1 4 1 0
12 11 72 8 2 1 0
3 11 72 8 2 1 0
11 9 72 8 2 1 0
4 9 72 4 2 1 0
14 8 72 4 1 1 0
5 8 72 4 1 1 0
12 7 72 4 1 1 0
7 7 72 4 1 1 0
10 4 72 2 3 1 0
12 4 72 1 3 1 0
9 5 72 1 2 1 0
13 5 72 1 2 1 0
11 21 72 1 4 1 0
12 13 72 8 2 1 0
3 13 72 8 2 1 0
11 61 72 1 1 1 0
18 15 72 1 2 1 0
4 15 72 1 2 1 0
10 8 72 4 1 1 0
9 8 72 1 3 1 0
8 9 72 1 2 1 0
11 7 72 1 1 1 0
11 17 72 1 4 1 0
12 15 72 4 1 1 0
7 15 72 4 1 1 0
10 9 72 1 2 1 0
10 16 72 4 1 1 0
9 16 72 1 1 1 0
11 11 72 1 4 1 0
11 15 72 1 1 1 0
10 17 73 2 8 1 0
14 16 73 2 8 1 0
7 16 73 2 8 1 0
16 19 73 1 4 1 0
6 19 73 1 4 1 0
17 18 73 1 4 1 0
5 18 73 1 4 1 0
18 17 73 1 4 1 0
4 17 73 1 4 1 0
19 14 73 1 4 1 0
3 14 73 1 4 1 0
12 12 73 8 2 1 0
3 12 73 8 2 1 0
11 10 73 8 2 1 0
4 10 73 4 2 1 0
10 8 73 8 2 1 0
5 8 73 4 2 1 0
12 7 73 4 1 1 0
7 7 73 4 1 1 0
10 6 73 4 1 1 0
9 6 73 1 1 1 0
12 16 73 2 8 1 0
9 20 73 1 4 1 0
16 15 73 3 2 1 0
4 15 73 3 2 1 0
15 14 73 4 1 1 0
4 14 73 4 1 1 0
11 7 73 1 1 1 0
16 17 73 1 2 1 0
17 17 73 1 1 1 0
6 17 73 1 2 1 0
5 17 73 1 1 1 0
9 8 73 1 4 1 0
8 10 73 1 2 1 0
9 16 73 1 4 1 0
12 15 73 4 1 1 0
7 15 73 4 1 1 0
10 10 73 1 2 1 0
11 14 73 4 1 1 0
8 14 73 3 1 1 0
11 12 73 1 2 1 0
10 16 73 2 1 1 0
11 15 73 1 1 1 0
12 16 74 2 8 1 0
8 16 74 2 8 1 0
14 15 74 2 8 1 0
7 19 74 1 4 1 0
16 14 74 2 8 1 0
5 14 74 2 8 1 0
18 16 74 1 4 1 0
4 16 74 1 4 1 0
18 13 74 2 3 1 0
3 13 74 2 3 1 0
4 11 74 8 2 1 0
15 10 74 4 2 1 0
14 9 74 4 1 1 0
5 9 74 8 2 1 0
13 8 74 4 1 1 0
6 8 74 4 1 1 0
12 7 74 4 1 1 0
7 7 74 4 1 1 0
10 6 74 4 1 1 0
9 6 74 1 1 1 0
10 16 74 2 8 1 0
15 12 74 4 1 1 0
11 7 74 1 2 1 0
14 13 74 4 1 1 0
5 13 74 4 1 1 0
12 8 74 1 1 1 0
10 8 74 1 1 1 0
7 15 74 1 4 1 0
13 9 74 1 4 1 0
14 10 74 1 3 1 0
12 14 74 4 1 1 0
7 14 74 4 1 1 0
8 15 74 4 1 1 0
12 11 74 1 3 1 0
12 15 74 2 1 1 0
11 13 74 1 2 1 0
9 13 74 2 1 1 0
13 13 74 1 1 1 0
11 16 75 2 8 1 0
10 20 75 1 4 1 0
14 15 75 2 8 1 0
7 15 75 2 8 1 0
16 18 75 1 4 1 0
6 18 75 1 4 1 0
17 17 75 1 4 1 0
5 17 75 1 4 1 0
18 15 75 1 4 1 0
4 15 75 1 4 1 0
19 13 75 1 4 1 0
3 13 75 1 4 1 0
11 12 75 8 2 1 0
4 12 75 4 2 1 0
10 10 75 8 2 1 0
5 10 75 4 2 1 0
9 8 75 8 2 1 0
6 8 75 3 2 1 0
12 7 75 4 1 1 0
7 7 75 4 1 1 0
10 6 75 4 1 1 0
9 6 75 1 1 1 0
13 19 75 1 4 1 0
9 19 75 1 4 1 0
15 14 75 4 1 1 0
4 14 75 4 1 1 0
11 7 75 1 1 1 0
16 15 75 1 3 1 0
17 15 75 1 2 1 0
6 15 75 1 3 1 0
5 15 75 1 2 1 0
10 16 75 1 4 1 0
13 15 75 1 4 1 0
9 15 75 1 4 1 0
8 12 75 3 2 1 0
9 10 75 1 2 1 0
10 14 75 3 2 1 0
13 14 75 2 1 1 0
8 14 75 2 1 1 0
12 15 76 2 8 1 0
9 15 76 2 8 1 0
14 14 76 2 8 1 0
7 14 76 2 8 1 0
16 17 76 1 4 1 0
6 17 76 1 4 1 0
17 16 76 1 4 1 0
5 16 76 1 4 1 0
18 14 76 1 4 1 0
4 14 76 1 4 1 0
19 13 76 1 4 1 0
3 13 76 1 4 1 0
11 12 76 8 2 1 0
4 12 76 4 2 1 0
14 11 76 4 1 1 0
9 9 76 8 2 1 0
6 9 76 2 3 1 0
12 8 76 4 1 1 0
7 8 76 4 1 1 0
11 7 76 4 1 1 0
8 7 76 3 1 1 0
11 19 76 1 4 1 0
11 8 76 1 1 1 0
16 14 76 2 2 1 0
5 14 76 2 2 1 0
8 11 76 2 3 1 0
8 9 76 1 2 1 0
16 16 76 1 1 1 0
6 16 76 1 1 1 0
11 15 76 1 4 1 0
10 14 76 4 1 1 0
10 11 76 1 3 1 0
11 11 76 3 1 1 0
9 14 76 1 1 1 0
13 14 77 2 8 1 0
8 14 77 2 8 1 0
15 17 77 1 4 1 0
7 17 77 1 4 1 0
16 16 77 1 4 1 0
6 16 77 1 4 1 0
17 15 77 1 4 1 0
5 15 77 1 4 1 0
18 14 77 1 4 1 0
4 14 77 1 4 1 0
19 13 77 1 4 1 0
3 13 77 1 4 1 0
10 12 77 8 2 1 0
5 12 77 4 2 1 0
6 11 77 4 1 1 0
13 10 77 4 2 1 0
12 9 77 4 1 1 0
7 9 77 4 2 1 0
11 8 77 4 1 1 0
8 8 77 3 1 1 0
11 14 77 2 8 1 0
10 18 77 1 4 1 0
18 13 77 1 1 1 0
4 13 77 1 1 1 0
11 9 77 1 3 1 0
15 14 77 3 1 1 0
5 14 77 3 1 1 0
12 10 77 1 2 1 0
10 14 77 1 4 1 0
15 15 77 2 1 1 0
6 15 77 2 1 1 0
9 12 77 1 2 1 0
10 11 77 1 1 1 0
15 16 77 1 1 1 0
7 16 77 1 1 1 0
13 13 78 2 8 1 0
8 13 78 2 8 1 0
15 16 78 1 4 1 0
7 16 78 1 4 1 0
16 15 78 1 4 1 0
5 15 78 2 4 1 0
17 14 78 2 4 1 0
4 14 78 1 4 1 0
19 13 78 1 4 1 0
3 13 78 1 4 1 0
15 12 78 2 3 1 0
6 12 78 2 3 1 0
8 10 78 8 2 1 0
7 10 78 1 2 1 0
11 9 78 4 1 1 0
8 9 78 3 1 1 0
11 13 78 2 8 1 0
10 17 78 1 4 1 0
17 13 78 2 1 1 0
5 13 78 1 2 1 0
4 13 78 1 1 1 0
10 13 78 1 4 1 0
11 12 78 4 1 1 0
8 12 78 3 1 1 0
15 15 78 1 1 1 0
7 15 78 1 1 1 0
2 14 79 4 1 1 0
10 13 79 2 8 1 0
13 12 79 2 8 1 0
8 12 79 2 8 1 0
15 15 79 1 4 1 0
7 15 79 1 4 1 0
17 14 79 2 4 1 0
5 15 79 2 3 1 0
19 13 79 1 4 1 0
3 15 79 2 2 1 0
20 13 79 1 2 1 0
3 13 79 4 1 1 0
15 12 79 3 2 1 0
5 12 79 3 1 1 0
11 10 79 4 2 1 0
8 10 79 3 2 1 0
12 16 79 1 4 1 0
16 14 79 1 4 1 0
18 13 79 1 1 1 0
12 12 79 1 4 1 0
10 12 79 2 1 1 0
7 13 79 1 2 1 0
15 14 79 1 1 1 0
6 14 79 1 1 1 0
12 11 80 2 8 1 0
9 11 80 2 8 1 0
15 14 80 2 4 1 0
6 14 80 2 4 1 0
17 13 80 2 4 1 0
4 13 80 2 4 1 0
19 12 80 1 4 1 0
3 12 80 1 4 1 0
20 13 80 1 2 1 0
2 13 80 1 2 1 0
11 15 80 1 4 1 0
14 14 80 1 4 1 0
8 14 80 1 4 1 0
15 12 80 4 1 1 0
14 12 80 1 2 1 0
6 12 80 3 2 1 0
4 12 80 2 1 1 0
11 11 80 1 4 1 0
15 13 80 2 1 1 0
15 15 81 4 2 1 0
13 13 81 2 4 1 0
6 15 81 4 2 1 0
4 13 81 2 4 1 0
19 12 81 1 4 1 0
12 14 81 1 2 1 0
10 14 81 1 2 1 0
3 12 81 1 4 1 0
20 13 81 1 2 1 0
2 13 81 1 2 1 0
6 13 81 4 2 1 0
15 12 81 4 2 1 0
4 12 81 4 1 1 0
15 14 81 4 1 1 0
18 12 82 2 4 1 0
15 12 82 2 4 1 0
6 12 82 2 4 1 0
4 12 82 2 4 1 0
3 12 82 1 3 1 0
17 12 82 1 4 1 0
16 13 83 4 2 1 0
3 13 83 4 2 1 0
16 12 83 4 1 1 0
3 12 83 4 1 1 0
18 12 84 2 3 1 0
4 12 84 2 3 1 0
3 12 84 1 3 1 0
17 12 84 1 2 1 0
