X Y Z sizeX sizeY sizeZ
0 0 0 8 2 1
0 2 0 8 2 1
0 4 0 8 2 1
0 6 0 8 2 1
0 8 0 8 2 1
0 36 0 8 2 1
0 38 0 8 2 1
0 40 0 8 2 1
0 42 0 8 2 1
0 44 0 8 2 1
35 0 0 8 2 1
35 2 0 8 2 1
35 4 0 8 2 1
35 6 0 8 2 1
35 8 0 8 2 1
35 35 0 8 2 1
35 37 0 8 2 1
35 39 0 8 2 1
35 41 0 8 2 1
35 43 0 8 2 1
8 0 0 2 8 1
44 0 0 2 8 1
8 35 0 2 8 1
43 35 0 2 8 1
8 8 0 2 2 1
8 44 0 2 2 1
44 8 0 2 2 1
44 44 0 2 2 1
43 0 0 1 4 1
43 4 0 1 4 1
8 43 0 2 1 1
43 43 0 2 1 1
43 8 0 1 2 1
43 44 0 1 1 1
1 1 1 2 8 1
1 36 1 2 8 1
3 1 1 2 8 1
3 36 1 2 8 1
5 1 1 2 8 1
5 36 1 2 8 1
7 1 1 2 8 1
7 36 1 2 8 1
36 1 1 2 8 1
36 36 1 2 8 1
38 1 1 2 8 1
38 36 1 2 8 1
40 1 1 2 8 1
40 36 1 2 8 1
42 1 1 2 8 1
42 36 1 2 8 1
9 4 1 1 4 1
9 36 1 1 4 1
9 40 1 1 4 1
44 4 1 1 4 1
44 36 1 1 4 1
44 40 1 1 4 1
4 9 1 4 1 1
4 44 1 4 1 1
36 9 1 4 1 1
36 44 1 4 1 1
40 9 1 4 1 1
40 44 1 4 1 1
9 1 1 1 3 1
44 1 1 1 3 1
1 9 1 3 1 1
1 44 1 3 1 1
9 8 1 1 2 1
44 8 1 1 2 1
8 44 1 2 1 1
8 9 1 1 1 1
44 44 1 1 1 1
1 1 2 8 2 1
1 3 2 8 2 1
1 5 2 8 2 1
1 7 2 8 2 1
1 36 2 8 2 1
1 38 2 8 2 1
1 40 2 8 2 1
1 42 2 8 2 1
36 1 2 8 2 1
36 3 2 8 2 1
36 5 2 8 2 1
36 7 2 8 2 1
36 36 2 8 2 1
36 38 2 8 2 1
36 40 2 8 2 1
36 42 2 8 2 1
4 9 2 4 1 1
4 44 2 4 1 1
36 9 2 4 1 1
36 44 2 4 1 1
40 9 2 4 1 1
40 44 2 4 1 1
9 4 2 1 4 1
9 36 2 1 4 1
9 40 2 1 4 1
44 4 2 1 4 1
44 36 2 1 4 1
44 40 2 1 4 1
1 44 2 3 1 1
9 1 2 1 3 1
44 1 2 1 3 1
2 9 2 2 1 1
8 9 2 2 1 1
8 44 2 2 1 1
9 8 2 1 1 1
44 8 2 1 1 1
44 44 2 1 1 1
3 2 3 2 8 1
3 36 3 2 8 1
6 2 3 2 8 1
6 36 3 2 8 1
8 2 3 2 8 1
8 36 3 2 8 1
36 2 3 2 8 1
36 36 3 2 8 1
38 2 3 2 8 1
38 36 3 2 8 1
41 2 3 2 8 1
41 36 3 2 8 1
2 36 3 1 4 1
5 4 3 1 4 1
5 36 3 1 4 1
40 4 3 1 4 1
40 36 3 1 4 1
43 36 3 1 4 1
2 6 3 1 4 1
43 6 3 1 4 1
2 2 3 1 3 1
2 41 3 1 3 1
5 40 3 1 3 1
40 40 3 1 3 1
43 2 3 1 3 1
43 41 3 1 3 1
5 8 3 1 2 1
40 8 3 1 2 1
5 3 3 1 1 1
40 3 3 1 1 1
2 8 4 8 2 1
2 36 4 8 2 1
3 5 4 8 2 1
3 38 4 8 2 1
35 3 4 8 2 1
35 5 4 8 2 1
35 7 4 8 2 1
35 36 4 8 2 1
35 38 4 8 2 1
4 40 4 4 2 1
36 40 4 4 2 1
3 3 4 4 2 1
8 40 4 2 4 1
2 42 4 2 2 1
8 2 4 2 2 1
36 42 4 2 2 1
40 40 4 2 2 1
42 42 4 2 2 1
35 9 4 2 2 1
38 9 4 2 2 1
4 7 4 4 1 1
4 42 4 4 1 1
40 9 4 4 1 1
38 42 4 4 1 1
10 7 4 1 4 1
5 35 4 3 1 1
7 4 4 3 1 1
35 35 4 3 1 1
10 35 4 1 3 1
2 2 4 2 1 1
8 7 4 2 1 1
8 10 4 2 1 1
36 2 4 2 1 1
42 2 4 2 1 1
5 10 4 2 1 1
39 35 4 2 1 1
3 40 4 1 2 1
42 40 4 1 2 1
43 36 4 1 2 1
2 3 4 1 1 1
3 7 4 1 1 1
3 10 4 1 1 1
3 35 4 1 1 1
7 3 4 1 1 1
9 35 4 1 1 1
10 3 4 1 1 1
10 40 4 1 1 1
10 42 4 1 1 1
35 40 4 1 1 1
35 42 4 1 1 1
37 9 4 1 1 1
40 10 4 1 1 1
42 10 4 1 1 1
42 35 4 1 1 1
43 3 4 1 1 1
43 8 4 1 1 1
3 35 5 2 8 1
4 3 5 2 8 1
6 3 5 2 8 1
7 35 5 2 8 1
8 3 5 2 8 1
9 35 5 2 8 1
35 3 5 2 8 1
35 35 5 2 8 1
37 3 5 2 8 1
37 35 5 2 8 1
39 35 5 2 8 1
40 3 5 2 8 1
5 35 5 2 4 1
41 35 5 2 4 1
5 39 5 2 2 1
41 40 5 2 2 1
10 4 5 1 4 1
39 4 5 1 4 1
42 4 5 1 4 1
3 7 5 1 4 1
3 3 5 1 3 1
10 8 5 1 3 1
39 8 5 1 3 1
42 8 5 1 3 1
5 41 5 1 2 1
41 42 5 2 1 1
6 41 5 1 1 1
10 3 5 1 1 1
41 39 5 1 1 1
42 3 5 1 1 1
4 4 6 4 2 1
4 6 6 4 2 1
4 8 6 4 2 1
4 36 6 4 2 1
4 38 6 4 2 1
4 40 6 4 2 1
36 4 6 4 2 1
36 6 6 4 2 1
36 8 6 4 2 1
36 36 6 4 2 1
36 38 6 4 2 1
36 40 6 4 2 1
8 4 6 2 4 1
8 36 6 2 4 1
40 4 6 2 4 1
40 36 6 2 4 1
8 8 6 2 2 1
8 40 6 2 2 1
40 8 6 2 2 1
40 40 6 2 2 1
4 10 6 4 1 1
4 35 6 4 1 1
8 10 6 4 1 1
8 35 6 4 1 1
36 10 6 4 1 1
36 35 6 4 1 1
10 4 6 1 4 1
10 36 6 1 4 1
35 4 6 1 4 1
35 8 6 1 4 1
35 36 6 1 4 1
34 35 6 2 1 1
40 10 6 2 1 1
40 35 6 2 1 1
10 8 6 1 2 1
10 40 6 1 2 1
35 40 6 1 2 1
3 4 6 1 1 1
3 9 6 1 1 1
3 36 6 1 1 1
3 41 6 1 1 1
4 3 6 1 1 1
4 42 6 1 1 1
5 11 6 1 1 1
5 34 6 1 1 1
9 3 6 1 1 1
9 42 6 1 1 1
10 11 6 1 1 1
10 34 6 1 1 1
34 10 6 1 1 1
35 34 6 1 1 1
36 3 6 1 1 1
36 42 6 1 1 1
40 11 6 1 1 1
40 34 6 1 1 1
41 3 6 1 1 1
41 42 6 1 1 1
42 4 6 1 1 1
42 9 6 1 1 1
42 36 6 1 1 1
42 41 6 1 1 1
5 4 7 2 8 1
5 34 7 2 8 1
9 4 7 2 8 1
9 34 7 2 8 1
34 4 7 2 8 1
34 34 7 2 8 1
39 4 7 2 8 1
39 34 7 2 8 1
36 8 7 2 4 1
36 36 7 2 4 1
7 5 7 2 4 1
7 34 7 2 4 1
36 6 7 2 2 1
36 34 7 2 2 1
7 9 7 2 2 1
7 38 7 2 2 1
11 4 7 1 4 1
11 8 7 1 4 1
11 36 7 1 4 1
38 8 7 1 4 1
38 36 7 1 4 1
4 9 7 1 3 1
4 39 7 1 3 1
41 9 7 1 3 1
41 39 7 1 3 1
4 4 7 1 3 1
4 34 7 1 3 1
38 5 7 1 3 1
41 4 7 1 3 1
41 34 7 1 3 1
36 40 7 3 1 1
11 34 7 1 2 1
11 40 7 1 2 1
36 4 7 1 2 1
38 34 7 1 2 1
7 11 7 2 1 1
7 40 7 2 1 1
36 41 7 1 1 1
37 5 7 1 1 1
5 5 8 8 2 1
5 7 8 8 2 1
5 9 8 8 2 1
5 34 8 8 2 1
5 36 8 8 2 1
5 38 8 8 2 1
33 5 8 8 2 1
33 7 8 8 2 1
33 9 8 8 2 1
33 34 8 8 2 1
33 36 8 8 2 1
33 38 8 8 2 1
5 11 8 4 2 1
34 11 8 4 2 1
9 11 8 2 2 1
38 11 8 2 2 1
8 33 8 4 1 1
8 40 8 4 1 1
36 33 8 4 1 1
36 40 8 4 1 1
33 40 8 3 1 1
5 33 8 3 1 1
5 40 8 3 1 1
34 33 8 2 1 1
11 11 8 2 1 1
40 11 8 1 2 1
11 12 8 1 1 1
12 40 8 1 1 1
33 11 8 1 1 1
40 33 8 1 1 1
40 40 8 1 1 1
6 32 9 2 8 1
8 32 9 2 8 1
10 32 9 2 8 1
34 32 9 2 8 1
36 32 9 2 8 1
38 32 9 2 8 1
6 6 9 2 8 1
8 6 9 2 8 1
10 5 9 2 8 1
33 5 9 2 8 1
35 6 9 2 8 1
37 6 9 2 8 1
12 8 9 2 4 1
12 36 9 2 4 1
32 36 9 2 4 1
12 6 9 2 2 1
12 34 9 2 2 1
32 34 9 2 2 1
39 5 9 2 2 1
39 10 9 2 2 1
32 8 9 1 4 1
5 33 9 1 3 1
40 33 9 1 3 1
5 10 9 1 3 1
39 7 9 1 3 1
33 40 9 3 1 1
10 13 9 3 1 1
10 40 9 3 1 1
12 32 9 1 2 1
32 6 9 1 2 1
33 32 9 1 2 1
39 12 9 1 2 1
5 5 9 1 2 1
5 39 9 1 2 1
40 39 9 1 2 1
12 12 9 2 1 1
33 13 9 2 1 1
6 5 9 1 1 1
6 40 9 1 1 1
12 5 9 1 1 1
13 33 9 1 1 1
32 12 9 1 1 1
32 33 9 1 1 1
35 5 9 1 1 1
39 40 9 1 1 1
40 12 9 1 1 1
32 6 10 8 2 1
32 8 10 8 2 1
32 10 10 8 2 1
32 34 10 8 2 1
32 36 10 8 2 1
32 38 10 8 2 1
6 6 10 8 2 1
6 8 10 8 2 1
6 10 10 8 2 1
6 33 10 8 2 1
6 35 10 8 2 1
6 37 10 8 2 1
8 12 10 4 2 1
36 12 10 4 2 1
36 32 10 4 2 1
6 31 10 4 2 1
6 12 10 2 2 1
34 12 10 2 2 1
34 32 10 2 2 1
10 31 10 2 2 1
8 14 10 4 1 1
8 39 10 4 1 1
36 14 10 4 1 1
36 31 10 4 1 1
14 8 10 1 4 1
14 36 10 1 4 1
31 8 10 1 4 1
31 36 10 1 4 1
12 12 10 3 1 1
33 14 10 3 1 1
33 31 10 3 1 1
31 12 10 3 1 1
31 33 10 3 1 1
14 33 10 1 3 1
6 14 10 2 1 1
6 39 10 2 1 1
12 39 10 2 1 1
14 6 10 1 2 1
31 6 10 1 2 1
31 34 10 1 2 1
12 13 10 1 2 1
12 31 10 1 2 1
33 13 10 1 1 1
33 32 10 1 1 1
8 12 11 2 4 1
12 12 11 2 4 1
32 12 11 2 4 1
36 12 11 2 4 1
7 30 11 2 4 1
11 30 11 2 4 1
32 29 11 2 4 1
36 29 11 2 4 1
12 8 11 4 2 1
12 36 11 4 2 1
29 7 11 4 2 1
29 33 11 4 2 1
29 36 11 4 2 1
6 6 11 2 2 1
6 38 11 2 2 1
8 8 11 2 2 1
8 36 11 2 2 1
14 12 11 2 2 1
14 32 11 2 2 1
30 12 11 2 2 1
36 8 11 2 2 1
36 36 11 2 2 1
38 6 11 2 2 1
38 38 11 2 2 1
33 7 11 2 2 1
33 33 11 2 2 1
33 36 11 2 2 1
36 33 11 2 2 1
7 12 11 1 4 1
11 12 11 1 4 1
34 12 11 1 4 1
38 12 11 1 4 1
9 29 11 1 4 1
13 29 11 1 4 1
34 29 11 1 4 1
38 29 11 1 4 1
12 7 11 4 1 1
12 11 11 4 1 1
12 34 11 4 1 1
12 38 11 4 1 1
29 9 11 4 1 1
29 11 11 4 1 1
29 38 11 4 1 1
11 36 11 1 3 1
16 36 11 1 3 1
11 7 11 1 3 1
36 11 11 3 1 1
36 16 11 3 1 1
7 11 11 3 1 1
7 16 11 3 1 1
7 34 11 3 1 1
29 32 11 3 1 1
7 8 11 1 2 1
7 36 11 1 2 1
16 8 11 1 2 1
29 12 11 1 2 1
33 38 11 1 2 1
38 8 11 1 2 1
38 36 11 1 2 1
38 33 11 1 2 1
8 7 11 2 1 1
8 38 11 2 1 1
36 7 11 2 1 1
36 38 11 2 1 1
33 9 11 2 1 1
33 11 11 2 1 1
6 12 11 1 1 1
6 14 11 1 1 1
6 33 11 1 1 1
8 29 11 1 1 1
9 33 11 1 1 1
11 11 11 1 1 1
11 16 11 1 1 1
11 34 11 1 1 1
12 6 11 1 1 1
12 29 11 1 1 1
12 39 11 1 1 1
13 16 11 1 1 1
13 33 11 1 1 1
16 11 11 1 1 1
16 13 11 1 1 1
16 32 11 1 1 1
16 34 11 1 1 1
31 6 11 1 1 1
31 39 11 1 1 1
32 16 11 1 1 1
33 6 11 1 1 1
34 38 11 1 1 1
39 12 11 1 1 1
39 14 11 1 1 1
39 33 11 1 1 1
8 8 12 8 2 1
8 10 12 8 2 1
8 12 12 8 2 1
8 32 12 8 2 1
8 34 12 8 2 1
8 36 12 8 2 1
27 10 12 8 2 1
27 34 12 8 2 1
28 7 12 8 2 1
28 12 12 8 2 1
28 32 12 8 2 1
28 36 12 8 2 1
36 8 12 2 8 1
36 28 12 2 8 1
8 14 12 4 2 1
8 16 12 4 2 1
8 28 12 4 2 1
8 30 12 4 2 1
32 14 12 4 2 1
32 16 12 4 2 1
32 28 12 4 2 1
32 30 12 4 2 1
12 28 12 2 4 1
16 8 12 2 4 1
16 32 12 2 4 1
12 14 12 2 4 1
16 12 12 2 2 1
16 36 12 2 2 1
36 16 12 2 2 1
36 36 12 2 2 1
8 7 12 4 1 1
8 38 12 4 1 1
12 7 12 4 1 1
12 38 12 4 1 1
28 9 12 4 1 1
28 38 12 4 1 1
32 9 12 4 1 1
32 38 12 4 1 1
7 8 12 1 4 1
7 12 12 1 4 1
7 28 12 1 4 1
7 32 12 1 4 1
38 8 12 1 4 1
38 12 12 1 4 1
38 28 12 1 4 1
38 32 12 1 4 1
36 7 12 3 1 1
36 38 12 3 1 1
7 36 12 1 3 1
10 18 12 2 1 1
10 27 12 2 1 1
16 38 12 2 1 1
34 18 12 2 1 1
34 27 12 2 1 1
7 16 12 1 2 1
18 10 12 1 2 1
18 34 12 1 2 1
35 10 12 1 2 1
35 34 12 1 2 1
38 16 12 1 2 1
38 36 12 1 2 1
7 7 12 1 1 1
8 18 12 1 1 1
8 27 12 1 1 1
13 18 12 1 1 1
13 27 12 1 1 1
18 8 12 1 1 1
18 13 12 1 1 1
18 32 12 1 1 1
18 37 12 1 1 1
27 8 12 1 1 1
27 13 12 1 1 1
27 32 12 1 1 1
27 37 12 1 1 1
32 18 12 1 1 1
32 27 12 1 1 1
37 18 12 1 1 1
37 27 12 1 1 1
8 8 13 2 8 1
8 16 13 2 8 1
8 24 13 2 8 1
10 8 13 2 8 1
10 24 13 2 8 1
12 8 13 2 8 1
12 16 13 2 8 1
12 24 13 2 8 1
32 8 13 2 8 1
32 16 13 2 8 1
32 24 13 2 8 1
34 8 13 2 8 1
34 24 13 2 8 1
36 8 13 2 8 1
36 16 13 2 8 1
36 24 13 2 8 1
8 32 13 8 2 1
8 34 13 8 2 1
8 36 13 8 2 1
16 8 13 8 2 1
16 12 13 8 2 1
16 32 13 8 2 1
16 36 13 8 2 1
24 8 13 8 2 1
24 10 13 8 2 1
24 12 13 8 2 1
24 32 13 8 2 1
24 34 13 8 2 1
24 36 13 8 2 1
14 10 13 8 2 1
10 16 13 2 4 1
32 32 13 2 4 1
34 16 13 2 4 1
34 32 13 2 4 1
36 32 13 2 4 1
16 34 13 4 2 1
32 36 13 4 2 1
10 20 13 2 2 1
14 8 13 2 2 1
14 12 13 2 2 1
20 34 13 2 2 1
34 20 13 2 2 1
36 36 13 2 2 1
14 16 13 1 4 1
14 20 13 1 4 1
14 24 13 1 4 1
14 28 13 1 4 1
31 16 13 1 4 1
31 20 13 1 4 1
31 24 13 1 4 1
31 28 13 1 4 1
16 14 13 4 1 1
16 31 13 4 1 1
20 14 13 4 1 1
20 31 13 4 1 1
24 14 13 4 1 1
24 31 13 4 1 1
28 14 13 4 1 1
28 31 13 3 1 1
10 22 13 1 2 1
14 14 13 1 2 1
22 10 13 1 2 1
22 34 13 1 2 1
35 22 13 1 2 1
7 7 13 1 2 1
7 37 13 1 2 1
38 7 13 1 2 1
38 37 13 1 2 1
7 13 13 1 1 1
7 32 13 1 1 1
8 7 13 1 1 1
8 38 13 1 1 1
11 22 13 1 1 1
13 7 13 1 1 1
13 38 13 1 1 1
15 14 13 1 1 1
15 31 13 1 1 1
23 10 13 1 1 1
23 35 13 1 1 1
31 15 13 1 1 1
32 7 13 1 1 1
32 38 13 1 1 1
34 22 13 1 1 1
37 7 13 1 1 1
37 38 13 1 1 1
38 13 13 1 1 1
38 32 13 1 1 1
8 12 14 8 2 1
8 32 14 8 2 1
16 8 14 8 2 1
16 10 14 8 2 1
16 12 14 8 2 1
16 32 14 8 2 1
16 34 14 8 2 1
24 10 14 8 2 1
24 12 14 8 2 1
24 32 14 8 2 1
24 34 14 8 2 1
24 36 14 8 2 1
8 9 14 8 2 1
8 35 14 8 2 1
8 24 14 2 8 1
10 16 14 2 8 1
10 24 14 2 8 1
12 16 14 2 8 1
12 24 14 2 8 1
32 8 14 2 8 1
32 16 14 2 8 1
32 24 14 2 8 1
34 16 14 2 8 1
34 24 14 2 8 1
36 16 14 2 8 1
35 8 14 2 8 1
8 14 14 4 2 1
20 36 14 4 2 1
24 8 14 4 2 1
32 32 14 4 2 1
32 34 14 4 2 1
8 20 14 2 4 1
36 24 14 2 4 1
36 30 14 2 4 1
8 18 14 2 2 1
12 14 14 2 2 1
18 36 14 2 2 1
30 8 14 2 2 1
32 36 14 2 2 1
36 36 14 2 2 1
12 8 14 4 1 1
12 11 14 4 1 1
12 34 14 4 1 1
12 37 14 4 1 1
16 14 14 4 1 1
16 31 14 4 1 1
20 14 14 4 1 1
20 31 14 4 1 1
24 14 14 4 1 1
24 31 14 4 1 1
28 14 14 4 1 1
28 31 14 4 1 1
14 16 14 1 4 1
14 20 14 1 4 1
14 24 14 1 4 1
14 28 14 1 4 1
31 16 14 1 4 1
31 20 14 1 4 1
31 24 14 1 4 1
34 12 14 1 4 1
37 12 14 1 4 1
9 11 14 3 1 1
9 34 14 3 1 1
8 8 14 3 1 1
8 37 14 3 1 1
34 9 14 1 3 1
31 28 14 1 3 1
37 8 14 1 3 1
8 17 14 2 1 1
14 14 14 2 1 1
16 36 14 2 1 1
28 9 14 2 1 1
34 36 14 2 1 1
36 28 14 2 1 1
36 35 14 2 1 1
9 16 14 1 1 1
14 15 14 1 1 1
15 31 14 1 1 1
17 37 14 1 1 1
28 8 14 1 1 1
31 15 14 1 1 1
35 37 14 1 1 1
36 29 14 1 1 1
36 34 14 1 1 1
10 16 15 2 8 1
10 24 15 2 8 1
12 16 15 2 8 1
12 24 15 2 8 1
14 16 15 2 8 1
14 24 15 2 8 1
30 16 15 2 8 1
30 24 15 2 8 1
32 16 15 2 8 1
32 24 15 2 8 1
34 16 15 2 8 1
34 24 15 2 8 1
16 10 15 8 2 1
16 12 15 8 2 1
16 14 15 8 2 1
16 30 15 8 2 1
16 32 15 8 2 1
16 34 15 8 2 1
24 10 15 8 2 1
24 12 15 8 2 1
24 14 15 8 2 1
24 32 15 8 2 1
24 34 15 8 2 1
10 12 15 2 4 1
10 32 15 2 4 1
12 12 15 2 4 1
12 32 15 2 4 1
14 12 15 2 4 1
14 32 15 2 4 1
32 12 15 2 4 1
32 32 15 2 4 1
34 12 15 2 4 1
34 32 15 2 4 1
12 10 15 4 2 1
24 30 15 4 2 1
32 10 15 4 2 1
10 10 15 2 2 1
28 30 15 2 2 1
9 8 15 1 4 1
9 12 15 1 4 1
9 16 15 1 4 1
9 20 15 1 4 1
9 24 15 1 4 1
9 28 15 1 4 1
9 32 15 1 4 1
36 8 15 1 4 1
36 12 15 1 4 1
36 16 15 1 4 1
36 20 15 1 4 1
36 24 15 1 4 1
36 28 15 1 4 1
36 32 15 1 4 1
12 9 15 4 1 1
12 36 15 4 1 1
16 9 15 4 1 1
16 36 15 4 1 1
20 9 15 4 1 1
20 36 15 4 1 1
24 9 15 4 1 1
24 36 15 4 1 1
28 9 15 4 1 1
28 36 15 4 1 1
32 9 15 4 1 1
32 36 15 4 1 1
9 36 15 3 1 1
36 36 15 1 2 1
10 9 15 2 1 1
8 14 15 1 1 1
8 31 15 1 1 1
9 37 15 1 1 1
14 8 15 1 1 1
14 37 15 1 1 1
31 8 15 1 1 1
31 37 15 1 1 1
37 14 15 1 1 1
37 31 15 1 1 1
16 10 16 8 2 1
16 12 16 8 2 1
16 14 16 8 2 1
16 30 16 8 2 1
16 32 16 8 2 1
16 34 16 8 2 1
24 10 16 8 2 1
24 12 16 8 2 1
24 14 16 8 2 1
24 30 16 8 2 1
24 32 16 8 2 1
24 34 16 8 2 1
10 16 16 2 8 1
10 24 16 2 8 1
12 16 16 2 8 1
12 24 16 2 8 1
14 16 16 2 8 1
14 24 16 2 8 1
30 16 16 2 8 1
32 16 16 2 8 1
32 24 16 2 8 1
34 16 16 2 8 1
34 24 16 2 8 1
12 10 16 4 2 1
12 12 16 4 2 1
12 14 16 4 2 1
12 32 16 4 2 1
12 34 16 4 2 1
32 10 16 4 2 1
32 12 16 4 2 1
32 14 16 4 2 1
32 32 16 4 2 1
32 34 16 4 2 1
10 12 16 2 4 1
10 32 16 2 4 1
30 24 16 2 4 1
10 10 16 2 2 1
30 28 16 2 2 1
14 36 16 3 1 1
29 9 16 3 1 1
9 14 16 1 3 1
9 29 16 1 3 1
36 14 16 1 3 1
36 29 16 1 3 1
14 9 16 2 1 1
30 36 16 2 1 1
9 9 16 2 1 1
9 36 16 2 1 1
35 9 16 2 1 1
35 36 16 2 1 1
9 10 16 1 1 1
9 18 16 1 1 1
9 21 16 1 1 1
9 25 16 1 1 1
9 35 16 1 1 1
24 36 16 1 1 1
36 10 16 1 1 1
36 18 16 1 1 1
36 21 16 1 1 1
36 35 16 1 1 1
10 16 17 2 8 1
10 24 17 2 8 1
12 16 17 2 8 1
12 24 17 2 8 1
14 16 17 2 8 1
14 24 17 2 8 1
30 16 17 2 8 1
30 24 17 2 8 1
32 16 17 2 8 1
32 24 17 2 8 1
34 16 17 2 8 1
34 24 17 2 8 1
16 10 17 8 2 1
16 12 17 8 2 1
16 14 17 8 2 1
16 30 17 8 2 1
16 32 17 8 2 1
16 34 17 8 2 1
24 10 17 8 2 1
24 12 17 8 2 1
24 14 17 8 2 1
24 32 17 8 2 1
24 34 17 8 2 1
10 12 17 2 4 1
10 32 17 2 4 1
12 12 17 2 4 1
12 32 17 2 4 1
14 12 17 2 4 1
14 32 17 2 4 1
32 12 17 2 4 1
32 32 17 2 4 1
34 12 17 2 4 1
34 32 17 2 4 1
12 10 17 4 2 1
24 30 17 4 2 1
32 10 17 4 2 1
10 10 17 2 2 1
28 30 17 2 2 1
16 16 17 1 4 1
16 20 17 1 4 1
16 24 17 1 4 1
29 16 17 1 4 1
29 20 17 1 4 1
29 24 17 1 4 1
16 29 17 4 1 1
20 16 17 4 1 1
20 29 17 4 1 1
24 16 17 4 1 1
24 29 17 4 1 1
17 16 17 3 1 1
29 28 17 1 2 1
16 28 17 1 1 1
28 16 17 1 1 1
28 29 17 1 1 1
16 10 18 8 2 1
16 12 18 8 2 1
16 14 18 8 2 1
16 30 18 8 2 1
16 32 18 8 2 1
16 34 18 8 2 1
24 10 18 8 2 1
24 12 18 8 2 1
24 14 18 8 2 1
24 30 18 8 2 1
24 32 18 8 2 1
24 34 18 8 2 1
10 16 18 2 8 1
10 24 18 2 8 1
12 16 18 2 8 1
12 24 18 2 8 1
14 16 18 2 8 1
14 24 18 2 8 1
30 16 18 2 8 1
32 16 18 2 8 1
32 24 18 2 8 1
34 16 18 2 8 1
34 24 18 2 8 1
12 10 18 4 2 1
12 12 18 4 2 1
12 14 18 4 2 1
12 32 18 4 2 1
12 34 18 4 2 1
32 10 18 4 2 1
32 12 18 4 2 1
32 14 18 4 2 1
32 32 18 4 2 1
32 34 18 4 2 1
10 12 18 2 4 1
10 32 18 2 4 1
30 24 18 2 4 1
10 10 18 2 2 1
30 28 18 2 2 1
16 16 18 4 1 1
16 29 18 4 1 1
20 16 18 4 1 1
20 29 18 4 1 1
24 16 18 4 1 1
24 29 18 4 1 1
16 20 18 1 4 1
16 24 18 1 4 1
29 16 18 1 4 1
29 20 18 1 4 1
29 24 18 1 4 1
16 17 18 1 3 1
28 29 18 2 1 1
16 28 18 1 1 1
28 16 18 1 1 1
29 28 18 1 1 1
10 16 19 2 8 1
10 24 19 2 8 1
12 16 19 2 8 1
12 24 19 2 8 1
14 16 19 2 8 1
14 24 19 2 8 1
16 16 19 2 8 1
16 24 19 2 8 1
28 16 19 2 8 1
28 24 19 2 8 1
30 16 19 2 8 1
30 24 19 2 8 1
32 16 19 2 8 1
32 24 19 2 8 1
34 16 19 2 8 1
34 24 19 2 8 1
18 9 19 2 8 1
18 28 19 2 8 1
20 9 19 2 8 1
20 28 19 2 8 1
22 9 19 2 8 1
22 28 19 2 8 1
24 9 19 2 8 1
24 28 19 2 8 1
26 9 19 2 8 1
26 28 19 2 8 1
9 10 19 8 2 1
9 12 19 8 2 1
9 14 19 8 2 1
9 32 19 8 2 1
9 34 19 8 2 1
28 9 19 8 2 1
28 11 19 8 2 1
28 13 19 8 2 1
28 32 19 8 2 1
28 34 19 8 2 1
9 16 19 1 4 1
9 20 19 1 4 1
9 24 19 1 4 1
9 28 19 1 4 1
17 12 19 1 4 1
17 32 19 1 4 1
36 12 19 1 4 1
36 16 19 1 4 1
36 20 19 1 4 1
36 24 19 1 4 1
36 28 19 1 4 1
36 32 19 1 4 1
12 9 19 4 1 1
12 36 19 4 1 1
16 36 19 4 1 1
20 17 19 4 1 1
20 36 19 4 1 1
24 17 19 4 1 1
24 36 19 4 1 1
28 15 19 4 1 1
28 36 19 4 1 1
32 15 19 4 1 1
32 36 19 4 1 1
17 9 19 1 3 1
36 10 19 1 2 1
10 9 19 2 1 1
10 36 19 2 1 1
18 17 19 2 1 1
16 9 19 1 1 1
16 10 20 8 2 1
16 12 20 8 2 1
16 14 20 8 2 1
16 16 20 8 2 1
16 28 20 8 2 1
16 30 20 8 2 1
16 32 20 8 2 1
16 34 20 8 2 1
24 10 20 8 2 1
24 12 20 8 2 1
24 14 20 8 2 1
24 16 20 8 2 1
24 28 20 8 2 1
24 30 20 8 2 1
24 32 20 8 2 1
24 34 20 8 2 1
9 18 20 8 2 1
9 20 20 8 2 1
9 22 20 8 2 1
9 24 20 8 2 1
9 26 20 8 2 1
28 18 20 8 2 1
28 20 20 8 2 1
28 22 20 8 2 1
28 24 20 8 2 1
28 26 20 8 2 1
9 10 20 2 8 1
9 28 20 2 8 1
11 9 20 2 8 1
11 28 20 2 8 1
13 9 20 2 8 1
13 28 20 2 8 1
32 9 20 2 8 1
32 28 20 2 8 1
34 9 20 2 8 1
34 28 20 2 8 1
12 17 20 4 1 1
12 36 20 4 1 1
16 9 20 4 1 1
16 36 20 4 1 1
20 9 20 4 1 1
20 36 20 4 1 1
24 9 20 4 1 1
24 36 20 4 1 1
28 9 20 4 1 1
28 36 20 4 1 1
32 17 20 4 1 1
32 36 20 4 1 1
15 12 20 1 4 1
15 28 20 1 4 1
15 32 20 1 4 1
17 20 20 1 4 1
17 24 20 1 4 1
36 12 20 1 4 1
36 16 20 1 4 1
36 20 20 1 4 1
36 24 20 1 4 1
36 28 20 1 4 1
36 32 20 1 4 1
15 9 20 1 3 1
10 36 20 2 1 1
17 18 20 1 2 1
36 10 20 1 2 1
10 9 20 1 1 1
11 17 20 1 1 1
15 16 20 1 1 1
12 12 21 2 4 1
12 28 21 2 4 1
14 12 21 2 4 1
14 28 21 2 4 1
16 12 21 2 4 1
16 28 21 2 4 1
28 12 21 2 4 1
28 28 21 2 4 1
30 12 21 2 4 1
30 28 21 2 4 1
32 12 21 2 4 1
32 28 21 2 4 1
12 16 21 4 2 1
12 32 21 4 2 1
28 16 21 4 2 1
28 32 21 4 2 1
16 16 21 2 2 1
16 32 21 2 2 1
32 16 21 2 2 1
32 32 21 2 2 1
10 20 21 1 4 1
10 24 21 1 4 1
35 20 21 1 4 1
35 24 21 1 4 1
17 21 21 1 4 1
28 21 21 1 4 1
20 10 21 4 1 1
20 35 21 4 1 1
24 10 21 4 1 1
24 35 21 4 1 1
21 17 21 4 1 1
21 28 21 4 1 1
10 12 21 1 2 1
10 18 21 1 2 1
10 32 21 1 2 1
17 18 21 1 2 1
17 26 21 1 2 1
28 18 21 1 2 1
28 26 21 1 2 1
35 12 21 1 2 1
35 18 21 1 2 1
35 32 21 1 2 1
10 15 21 1 2 1
10 29 21 1 2 1
35 15 21 1 2 1
35 29 21 1 2 1
12 10 21 2 1 1
12 35 21 2 1 1
18 10 21 2 1 1
18 17 21 2 1 1
18 28 21 2 1 1
18 35 21 2 1 1
26 17 21 2 1 1
26 28 21 2 1 1
32 10 21 2 1 1
32 35 21 2 1 1
15 10 21 2 1 1
15 35 21 2 1 1
29 10 21 2 1 1
29 35 21 2 1 1
10 10 21 1 1 1
10 35 21 1 1 1
35 10 21 1 1 1
35 35 21 1 1 1
12 12 22 4 2 1
12 14 22 4 2 1
12 16 22 4 2 1
12 28 22 4 2 1
12 30 22 4 2 1
12 32 22 4 2 1
28 12 22 4 2 1
28 14 22 4 2 1
28 16 22 4 2 1
28 28 22 4 2 1
28 30 22 4 2 1
28 32 22 4 2 1
16 12 22 2 4 1
16 28 22 2 4 1
32 12 22 2 4 1
32 28 22 2 4 1
16 16 22 2 2 1
16 32 22 2 2 1
32 16 22 2 2 1
32 32 22 2 2 1
12 10 22 4 1 1
12 18 22 4 1 1
12 27 22 4 1 1
12 35 22 4 1 1
16 10 22 4 1 1
16 35 22 4 1 1
20 10 22 4 1 1
20 17 22 4 1 1
20 28 22 4 1 1
20 35 22 4 1 1
24 10 22 4 1 1
24 17 22 4 1 1
24 28 22 4 1 1
24 35 22 4 1 1
28 10 22 4 1 1
28 18 22 4 1 1
28 27 22 4 1 1
28 35 22 4 1 1
32 10 22 4 1 1
32 35 22 4 1 1
10 12 22 1 4 1
10 16 22 1 4 1
10 20 22 1 4 1
10 24 22 1 4 1
10 28 22 1 4 1
10 32 22 1 4 1
17 20 22 1 4 1
17 24 22 1 4 1
18 12 22 1 4 1
18 28 22 1 4 1
27 12 22 1 4 1
28 20 22 1 4 1
35 12 22 1 4 1
35 16 22 1 4 1
35 20 22 1 4 1
35 24 22 1 4 1
35 28 22 1 4 1
27 29 22 1 4 1
16 18 22 3 1 1
28 24 22 1 3 1
35 32 22 1 3 1
10 10 22 2 1 1
18 17 22 2 1 1
32 18 22 2 1 1
32 27 22 2 1 1
18 32 22 1 2 1
16 27 22 1 1 1
17 19 22 1 1 1
18 16 22 1 1 1
18 27 22 1 1 1
19 28 22 1 1 1
27 16 22 1 1 1
27 18 22 1 1 1
27 27 22 1 1 1
27 33 22 1 1 1
28 19 22 1 1 1
14 28 23 2 4 1
16 28 23 2 4 1
28 28 23 2 4 1
30 28 23 2 4 1
13 13 23 2 4 1
15 13 23 2 4 1
17 12 23 2 4 1
27 12 23 2 4 1
29 13 23 2 4 1
31 13 23 2 4 1
12 17 23 4 2 1
27 17 23 4 2 1
12 27 23 2 2 1
16 17 23 2 2 1
17 32 23 2 2 1
27 32 23 2 2 1
31 17 23 2 2 1
32 27 23 2 2 1
18 28 23 1 4 1
27 28 23 1 4 1
13 29 23 1 4 1
32 29 23 1 4 1
28 27 23 4 1 1
14 27 23 4 1 1
18 16 23 1 3 1
14 32 23 3 1 1
29 32 23 3 1 1
33 17 23 1 2 1
27 16 23 2 1 1
12 13 23 1 1 1
12 32 23 1 1 1
13 12 23 1 1 1
13 33 23 1 1 1
17 16 23 1 1 1
18 27 23 1 1 1
27 27 23 1 1 1
32 12 23 1 1 1
32 33 23 1 1 1
33 13 23 1 1 1
33 32 23 1 1 1
28 14 24 4 2 1
28 16 24 4 2 1
28 28 24 4 2 1
28 30 24 4 2 1
13 13 24 4 2 1
13 15 24 4 2 1
13 17 24 4 2 1
13 27 24 4 2 1
13 29 24 4 2 1
13 31 24 4 2 1
17 13 24 2 4 1
17 27 24 2 4 1
17 17 24 2 2 1
17 31 24 2 2 1
28 13 24 4 1 1
28 18 24 4 1 1
28 27 24 4 1 1
28 32 24 4 1 1
27 28 24 1 4 1
32 28 24 1 4 1
27 13 24 1 4 1
32 13 24 1 4 1
27 17 24 1 2 1
32 17 24 1 2 1
27 27 24 1 1 1
27 32 24 1 1 1
32 27 24 1 1 1
32 32 24 1 1 1
14 28 25 2 4 1
16 28 25 2 4 1
28 28 25 2 4 1
30 28 25 2 4 1
14 13 25 2 4 1
16 14 25 2 4 1
27 13 25 2 4 1
29 14 25 2 4 1
13 17 25 2 2 1
27 17 25 2 2 1
31 13 25 2 2 1
31 17 25 2 2 1
18 28 25 1 4 1
27 28 25 1 4 1
18 13 25 1 4 1
28 27 25 4 1 1
13 27 25 4 1 1
15 18 25 4 1 1
13 30 25 1 3 1
32 30 25 1 3 1
13 13 25 1 3 1
29 18 25 1 2 1
31 15 25 1 2 1
32 27 25 1 2 1
14 32 25 2 1 1
30 32 25 2 1 1
17 27 25 2 1 1
17 32 25 2 1 1
27 32 25 2 1 1
13 28 25 1 1 1
15 17 25 1 1 1
16 19 25 1 1 1
16 26 25 1 1 1
17 13 25 1 1 1
18 17 25 1 1 1
19 16 25 1 1 1
19 29 25 1 1 1
26 16 25 1 1 1
26 29 25 1 1 1
27 27 25 1 1 1
29 26 25 1 1 1
30 13 25 1 1 1
30 18 25 1 1 1
32 15 25 1 1 1
16 14 26 4 2 1
16 16 26 4 2 1
16 18 26 4 2 1
16 26 26 4 2 1
16 28 26 4 2 1
16 30 26 4 2 1
28 14 26 4 2 1
28 16 26 4 2 1
28 18 26 4 2 1
28 26 26 4 2 1
28 28 26 4 2 1
28 30 26 4 2 1
14 16 26 2 4 1
14 28 26 2 4 1
26 16 26 2 4 1
26 28 26 2 4 1
14 14 26 2 2 1
14 26 26 2 2 1
26 14 26 2 2 1
26 26 26 2 2 1
18 13 26 2 1 1
18 32 26 2 1 1
26 13 26 2 1 1
26 32 26 2 1 1
13 18 26 1 2 1
13 26 26 1 2 1
32 18 26 1 2 1
32 26 26 1 2 1
13 14 26 1 1 1
13 31 26 1 1 1
14 13 26 1 1 1
14 32 26 1 1 1
31 13 26 1 1 1
31 32 26 1 1 1
32 14 26 1 1 1
32 31 26 1 1 1
14 16 27 2 4 1
14 28 27 2 4 1
16 16 27 2 4 1
16 28 27 2 4 1
18 16 27 2 4 1
18 28 27 2 4 1
26 16 27 2 4 1
26 28 27 2 4 1
28 16 27 2 4 1
28 28 27 2 4 1
30 16 27 2 4 1
30 28 27 2 4 1
16 14 27 4 2 1
16 26 27 4 2 1
28 14 27 4 2 1
28 26 27 4 2 1
14 14 27 2 2 1
14 26 27 2 2 1
26 14 27 2 2 1
26 26 27 2 2 1
16 14 28 4 2 1
16 16 28 4 2 1
16 18 28 4 2 1
16 26 28 4 2 1
16 28 28 4 2 1
16 30 28 4 2 1
28 14 28 4 2 1
28 16 28 4 2 1
28 18 28 4 2 1
28 26 28 4 2 1
28 28 28 4 2 1
28 30 28 4 2 1
14 16 28 2 4 1
14 28 28 2 4 1
26 16 28 2 4 1
26 28 28 2 4 1
14 14 28 2 2 1
14 26 28 2 2 1
26 14 28 2 2 1
26 26 28 2 2 1
16 16 29 2 4 1
18 16 29 2 4 1
26 16 29 2 4 1
28 16 29 2 4 1
15 26 29 2 4 1
17 26 29 2 4 1
26 26 29 2 4 1
28 26 29 2 4 1
14 14 29 2 2 1
14 30 29 2 2 1
30 14 29 2 2 1
30 30 29 2 2 1
15 16 29 1 4 1
19 28 29 1 4 1
30 16 29 1 4 1
30 26 29 1 4 1
16 15 29 4 1 1
26 15 29 4 1 1
26 30 29 4 1 1
16 30 29 3 1 1
19 26 29 1 2 1
14 19 29 1 1 1
14 26 29 1 1 1
19 14 29 1 1 1
26 14 29 1 1 1
26 31 29 1 1 1
31 19 29 1 1 1
31 26 29 1 1 1
16 16 30 4 2 1
16 18 30 4 2 1
16 26 30 4 2 1
16 28 30 4 2 1
25 15 30 4 2 1
25 17 30 4 2 1
25 19 30 4 2 1
25 25 30 4 2 1
25 27 30 4 2 1
25 29 30 4 2 1
29 15 30 2 4 1
29 25 30 2 4 1
29 19 30 2 2 1
29 29 30 2 2 1
16 15 30 4 1 1
16 20 30 4 1 1
16 25 30 4 1 1
16 30 30 4 1 1
15 16 30 1 4 1
20 16 30 1 4 1
15 25 30 1 4 1
20 25 30 1 4 1
15 29 30 1 2 1
20 29 30 1 2 1
15 15 30 1 1 1
15 20 30 1 1 1
20 15 30 1 1 1
20 20 30 1 1 1
16 16 31 2 4 1
18 16 31 2 4 1
26 16 31 2 4 1
28 16 31 2 4 1
15 25 31 2 4 1
17 25 31 2 4 1
19 25 31 2 4 1
25 25 31 2 4 1
27 25 31 2 4 1
29 25 31 2 4 1
15 29 31 4 2 1
25 29 31 4 2 1
19 29 31 2 2 1
29 29 31 2 2 1
15 16 31 1 4 1
20 16 31 1 4 1
25 16 31 1 4 1
30 16 31 1 4 1
16 15 31 4 1 1
16 20 31 4 1 1
25 15 31 4 1 1
25 20 31 4 1 1
29 15 31 2 1 1
29 20 31 2 1 1
15 15 31 1 1 1
15 20 31 1 1 1
20 15 31 1 1 1
20 20 31 1 1 1
16 16 32 4 2 1
16 18 32 4 2 1
16 26 32 4 2 1
16 28 32 4 2 1
25 16 32 4 2 1
25 18 32 4 2 1
25 25 32 4 2 1
25 27 32 4 2 1
25 29 32 2 2 1
29 15 32 2 2 1
29 19 32 2 2 1
29 25 32 2 2 1
29 29 32 2 2 1
16 20 32 4 1 1
16 25 32 4 1 1
25 20 32 4 1 1
20 16 32 1 4 1
20 25 32 1 4 1
15 15 32 2 1 1
15 30 32 2 1 1
19 15 32 2 1 1
19 30 32 2 1 1
25 15 32 2 1 1
27 29 32 2 1 1
15 19 32 1 2 1
15 25 32 1 2 1
29 17 32 1 2 1
29 27 32 1 2 1
15 16 32 1 1 1
15 29 32 1 1 1
20 20 32 1 1 1
20 29 32 1 1 1
16 16 33 2 4 1
18 16 33 2 4 1
26 16 33 2 4 1
28 16 33 2 4 1
16 25 33 2 4 1
18 25 33 2 4 1
25 25 33 2 4 1
27 25 33 2 4 1
20 16 33 1 4 1
25 16 33 1 4 1
20 25 33 1 4 1
29 25 33 1 4 1
16 20 33 4 1 1
16 29 33 4 1 1
25 20 33 4 1 1
25 29 33 4 1 1
29 20 33 2 1 1
15 15 33 1 1 1
15 25 33 1 1 1
15 30 33 1 1 1
20 15 33 1 1 1
20 20 33 1 1 1
20 29 33 1 1 1
25 30 33 1 1 1
29 29 33 1 1 1
30 15 33 1 1 1
30 30 33 1 1 1
16 16 34 4 2 1
16 18 34 4 2 1
16 26 34 4 2 1
16 28 34 4 2 1
25 16 34 4 2 1
25 18 34 4 2 1
25 25 34 4 2 1
25 27 34 4 2 1
16 20 34 4 1 1
16 25 34 4 1 1
25 20 34 4 1 1
25 29 34 4 1 1
20 16 34 1 4 1
29 16 34 1 4 1
20 25 34 1 4 1
29 25 34 1 4 1
20 20 34 1 1 1
20 29 34 1 1 1
29 20 34 1 1 1
29 29 34 1 1 1
16 16 35 2 8 1
18 16 35 2 8 1
20 16 35 2 8 1
22 16 35 2 8 1
24 16 35 2 8 1
26 16 35 2 8 1
28 16 35 2 8 1
16 24 35 8 2 1
16 26 35 8 2 1
16 28 35 8 2 1
24 24 35 2 4 1
26 24 35 2 4 1
28 24 35 2 4 1
24 28 35 4 2 1
28 28 35 2 2 1
16 25 36 8 2 1
17 17 36 8 2 1
17 19 36 8 2 1
17 21 36 8 2 1
17 23 36 8 2 1
17 27 36 8 2 1
25 17 36 2 8 1
27 17 36 2 8 1
24 25 36 4 2 1
25 27 36 4 2 1
19 16 36 3 1 1
20 29 36 2 1 1
24 16 36 2 1 1
24 29 36 2 1 1
28 25 36 2 1 1
29 19 36 1 2 1
29 27 36 1 2 1
16 17 36 1 1 1
16 20 36 1 1 1
16 28 36 1 1 1
17 16 36 1 1 1
17 29 36 1 1 1
28 16 36 1 1 1
28 26 36 1 1 1
28 29 36 1 1 1
29 17 36 1 1 1
17 17 37 2 8 1
19 17 37 2 8 1
21 17 37 2 8 1
23 17 37 2 8 1
25 17 37 2 8 1
27 17 37 2 8 1
17 25 37 8 2 1
17 27 37 8 2 1
25 25 37 2 4 1
27 25 37 2 4 1
16 16 38 8 2 1
16 18 38 8 2 1
16 20 38 8 2 1
16 22 38 8 2 1
16 24 38 8 2 1
16 26 38 8 2 1
16 28 38 8 2 1
24 16 38 2 8 1
26 16 38 2 8 1
28 16 38 2 8 1
24 24 38 4 2 1
24 26 38 4 2 1
24 28 38 4 2 1
28 24 38 2 4 1
28 28 38 2 2 1
16 16 39 2 8 1
18 16 39 2 8 1
20 16 39 2 8 1
22 16 39 2 8 1
24 16 39 2 8 1
26 16 39 2 8 1
28 16 39 2 8 1
16 24 39 8 2 1
16 26 39 8 2 1
16 28 39 8 2 1
24 24 39 2 4 1
26 24 39 2 4 1
28 24 39 2 4 1
24 28 39 4 2 1
28 28 39 2 2 1
16 16 40 8 2 1
16 18 40 8 2 1
16 20 40 8 2 1
16 22 40 8 2 1
16 24 40 8 2 1
16 26 40 8 2 1
16 28 40 8 2 1
24 16 40 2 8 1
26 16 40 2 8 1
28 16 40 2 8 1
24 24 40 4 2 1
24 26 40 4 2 1
24 28 40 4 2 1
28 24 40 2 4 1
28 28 40 2 2 1
16 16 41 2 8 1
18 16 41 2 8 1
20 16 41 2 8 1
22 16 41 2 8 1
24 16 41 2 8 1
26 16 41 2 8 1
28 16 41 2 8 1
16 24 41 8 2 1
16 26 41 8 2 1
16 28 41 8 2 1
24 24 41 2 4 1
26 24 41 2 4 1
28 24 41 2 4 1
24 28 41 4 2 1
28 28 41 2 2 1
17 20 42 8 2 1
17 24 42 8 2 1
18 18 42 8 2 1
18 22 42 8 2 1
18 26 42 8 2 1
26 18 42 2 8 1
26 26 42 2 2 1
20 17 42 2 1 1
20 28 42 2 1 1
24 17 42 2 1 1
24 28 42 2 1 1
17 17 42 2 1 1
17 28 42 2 1 1
27 17 42 2 1 1
27 28 42 2 1 1
25 20 42 1 2 1
25 24 42 1 2 1
28 20 42 1 2 1
28 24 42 1 2 1
17 18 42 1 1 1
17 27 42 1 1 1
28 18 42 1 1 1
28 27 42 1 1 1
18 18 43 2 8 1
20 18 43 2 8 1
22 18 43 2 8 1
24 18 43 2 8 1
26 18 43 2 8 1
18 26 43 8 2 1
26 26 43 2 2 1
17 18 43 1 1 1
17 20 43 1 1 1
17 27 43 1 1 1
18 17 43 1 1 1
18 28 43 1 1 1
20 17 43 1 1 1
20 28 43 1 1 1
25 17 43 1 1 1
25 28 43 1 1 1
27 17 43 1 1 1
27 28 43 1 1 1
28 18 43 1 1 1
28 25 43 1 1 1
28 27 43 1 1 1
18 18 44 8 2 1
18 20 44 8 2 1
18 22 44 8 2 1
18 24 44 8 2 1
18 26 44 8 2 1
26 18 44 2 8 1
26 26 44 2 2 1
18 18 45 2 8 1
20 18 45 2 8 1
22 18 45 2 8 1
24 18 45 2 8 1
26 18 45 2 8 1
18 26 45 8 2 1
26 26 45 2 2 1
18 18 46 8 2 1
18 20 46 8 2 1
18 22 46 8 2 1
18 24 46 8 2 1
18 26 46 8 2 1
26 18 46 2 8 1
26 26 46 2 2 1
18 18 47 2 8 1
20 18 47 2 8 1
22 18 47 2 8 1
24 18 47 2 8 1
26 18 47 2 8 1
18 26 47 8 2 1
26 26 47 2 2 1
19 19 48 8 2 1
19 21 48 8 2 1
19 23 48 8 2 1
19 25 48 8 2 1
21 18 48 4 1 1
21 27 48 4 1 1
18 18 48 2 1 1
18 27 48 2 1 1
26 18 48 2 1 1
26 27 48 2 1 1
18 19 48 1 1 1
18 21 48 1 1 1
18 24 48 1 1 1
18 26 48 1 1 1
27 19 48 1 1 1
27 21 48 1 1 1
27 24 48 1 1 1
27 26 48 1 1 1
19 19 49 2 8 1
21 18 49 2 8 1
23 18 49 2 8 1
25 19 49 2 8 1
21 26 49 4 2 1
18 21 49 1 4 1
27 21 49 1 4 1
18 19 49 1 1 1
18 26 49 1 1 1
19 18 49 1 1 1
19 27 49 1 1 1
26 18 49 1 1 1
26 27 49 1 1 1
27 19 49 1 1 1
27 26 49 1 1 1
19 19 50 8 2 1
19 21 50 8 2 1
19 23 50 8 2 1
19 25 50 8 2 1
18 19 50 1 1 1
18 21 50 1 1 1
18 24 50 1 1 1
19 18 50 1 1 1
19 27 50 1 1 1
21 18 50 1 1 1
21 27 50 1 1 1
24 18 50 1 1 1
24 27 50 1 1 1
26 18 50 1 1 1
26 27 50 1 1 1
27 21 50 1 1 1
27 24 50 1 1 1
27 26 50 1 1 1
19 19 51 2 8 1
21 19 51 2 8 1
23 19 51 2 8 1
25 19 51 2 8 1
19 19 52 8 2 1
19 21 52 8 2 1
19 23 52 8 2 1
19 25 52 8 2 1
19 19 53 2 8 1
21 19 53 2 8 1
23 19 53 2 8 1
25 19 53 2 8 1
19 19 54 8 2 1
19 21 54 8 2 1
19 23 54 8 2 1
19 25 54 8 2 1
19 19 55 2 8 1
21 19 55 2 8 1
23 19 55 2 8 1
25 19 55 2 8 1
19 22 56 8 2 1
20 20 56 4 2 1
20 24 56 4 2 1
24 20 56 2 2 1
24 24 56 2 2 1
22 19 56 2 1 1
22 26 56 2 1 1
19 19 56 2 1 1
19 26 56 2 1 1
25 19 56 2 1 1
25 26 56 2 1 1
19 20 56 1 1 1
19 25 56 1 1 1
26 20 56 1 1 1
26 25 56 1 1 1
19 19 57 2 8 1
21 19 57 2 8 1
23 19 57 2 8 1
25 19 57 2 8 1
19 22 58 8 2 1
20 20 58 4 2 1
20 24 58 4 2 1
24 20 58 2 2 1
24 24 58 2 2 1
22 19 58 2 1 1
22 26 58 2 1 1
19 19 58 2 1 1
19 26 58 2 1 1
25 19 58 2 1 1
25 26 58 2 1 1
19 20 58 1 1 1
19 25 58 1 1 1
26 20 58 1 1 1
26 25 58 1 1 1
22 19 59 2 8 1
20 20 59 2 4 1
24 20 59 2 4 1
20 24 59 2 2 1
24 24 59 2 2 1
19 22 59 1 2 1
26 22 59 1 2 1
19 19 59 1 2 1
19 25 59 1 2 1
26 19 59 1 2 1
26 25 59 1 2 1
20 19 59 1 1 1
20 26 59 1 1 1
25 19 59 1 1 1
25 26 59 1 1 1
19 22 60 8 2 1
20 20 60 4 2 1
20 24 60 4 2 1
24 20 60 2 2 1
24 24 60 2 2 1
22 19 60 2 1 1
22 26 60 2 1 1
19 20 60 1 1 1
19 25 60 1 1 1
20 19 60 1 1 1
20 26 60 1 1 1
25 19 60 1 1 1
25 26 60 1 1 1
26 20 60 1 1 1
26 25 60 1 1 1
20 20 61 2 4 1
22 20 61 2 4 1
24 20 61 2 4 1
20 24 61 4 2 1
24 24 61 2 2 1
20 20 62 4 2 1
20 22 62 4 2 1
20 24 62 4 2 1
24 20 62 2 4 1
24 24 62 2 2 1
20 20 63 2 4 1
22 20 63 2 4 1
24 20 63 2 4 1
20 24 63 4 2 1
24 24 63 2 2 1
20 20 64 4 2 1
20 22 64 4 2 1
20 24 64 4 2 1
24 20 64 2 4 1
24 24 64 2 2 1
20 20 65 2 4 1
22 20 65 2 4 1
24 20 65 2 4 1
20 24 65 4 2 1
24 24 65 2 2 1
20 20 66 4 2 1
20 22 66 4 2 1
20 24 66 4 2 1
24 20 66 2 4 1
24 24 66 2 2 1
20 20 67 2 4 1
22 20 67 2 4 1
24 20 67 2 4 1
20 24 67 4 2 1
24 24 67 2 2 1
20 20 68 4 2 1
20 22 68 4 2 1
20 24 68 4 2 1
24 20 68 2 4 1
24 24 68 2 2 1
20 20 69 2 4 1
22 20 69 2 4 1
24 20 69 2 4 1
20 24 69 4 2 1
24 24 69 2 2 1
20 20 70 4 2 1
20 22 70 4 2 1
20 24 70 4 2 1
24 20 70 2 4 1
24 24 70 2 2 1
20 20 71 2 4 1
22 20 71 2 4 1
24 20 71 2 4 1
20 24 71 4 2 1
24 24 71 2 2 1
20 20 72 4 2 1
20 22 72 4 2 1
20 24 72 4 2 1
24 20 72 2 4 1
24 24 72 2 2 1
20 20 73 2 4 1
22 20 73 2 4 1
24 20 73 2 4 1
20 24 73 4 2 1
24 24 73 2 2 1
20 20 74 4 2 1
20 22 74 4 2 1
20 24 74 4 2 1
24 20 74 2 4 1
24 24 74 2 2 1
20 20 75 2 4 1
22 20 75 2 4 1
24 20 75 2 4 1
20 24 75 4 2 1
24 24 75 2 2 1
20 20 76 4 2 1
20 22 76 4 2 1
20 24 76 4 2 1
24 20 76 2 4 1
24 24 76 2 2 1
20 20 77 2 4 1
22 20 77 2 4 1
24 20 77 2 4 1
20 24 77 4 2 1
24 24 77 2 2 1
20 20 78 4 2 1
20 22 78 4 2 1
20 24 78 4 2 1
24 20 78 2 4 1
24 24 78 2 2 1
22 20 79 2 4 1
20 21 79 2 4 1
24 21 79 2 4 1
22 24 79 2 2 1
21 20 79 1 1 1
21 25 79 1 1 1
24 20 79 1 1 1
24 25 79 1 1 1
20 22 80 4 2 1
21 20 80 4 2 1
21 24 80 4 2 1
24 22 80 2 2 1
20 21 80 1 1 1
20 24 80 1 1 1
25 21 80 1 1 1
25 24 80 1 1 1
22 20 81 2 4 1
20 21 81 2 4 1
24 21 81 2 4 1
22 24 81 2 2 1
21 20 81 1 1 1
21 25 81 1 1 1
24 20 81 1 1 1
24 25 81 1 1 1
20 22 82 4 2 1
21 20 82 4 2 1
21 24 82 4 2 1
24 22 82 2 2 1
20 21 82 1 1 1
20 24 82 1 1 1
25 21 82 1 1 1
25 24 82 1 1 1
22 20 83 2 4 1
20 21 83 2 4 1
24 21 83 2 4 1
22 24 83 2 2 1
21 20 83 1 1 1
21 25 83 1 1 1
24 20 83 1 1 1
24 25 83 1 1 1
20 22 84 4 2 1
21 20 84 4 2 1
21 24 84 4 2 1
24 22 84 2 2 1
20 21 84 1 1 1
20 24 84 1 1 1
25 21 84 1 1 1
25 24 84 1 1 1
21 21 85 2 4 1
23 21 85 2 4 1
21 21 86 4 2 1
21 23 86 4 2 1
21 21 87 2 4 1
23 21 87 2 4 1
20 21 87 1 1 1
20 24 87 1 1 1
21 20 87 1 1 1
21 25 87 1 1 1
24 20 87 1 1 1
24 25 87 1 1 1
25 21 87 1 1 1
25 24 87 1 1 1
20 20 88 4 2 1
20 22 88 4 2 1
20 24 88 4 2 1
24 20 88 2 4 1
24 24 88 2 2 1
20 20 89 2 4 1
22 20 89 2 4 1
24 20 89 2 4 1
20 24 89 4 2 1
24 24 89 2 2 1
20 20 90 4 2 1
20 22 90 4 2 1
20 24 90 4 2 1
24 20 90 2 4 1
24 24 90 2 2 1
20 20 91 2 4 1
22 20 91 2 4 1
24 20 91 2 4 1
20 24 91 4 2 1
24 24 91 2 2 1
21 20 92 1 2 1
21 24 92 1 2 1
24 20 92 1 2 1
24 24 92 1 2 1
21 21 93 2 4 1
23 21 93 2 4 1
21 21 94 4 2 1
21 23 94 4 2 1
22 22 95 2 2 1
22 22 96 2 2 1
22 22 97 2 2 1
22 22 98 2 2 1
22 22 99 2 2 1
