X Y Z sizeX sizeY sizeZ
16 8 0 8 2 1
16 10 0 8 2 1
16 12 0 8 2 1
16 14 0 8 2 1
16 16 0 8 2 1
16 18 0 8 2 1
16 20 0 8 2 1
16 22 0 8 2 1
16 24 0 8 2 1
16 26 0 8 2 1
24 8 0 8 2 1
24 10 0 8 2 1
24 12 0 8 2 1
24 14 0 8 2 1
24 16 0 8 2 1
24 18 0 8 2 1
24 20 0 8 2 1
24 22 0 8 2 1
24 24 0 8 2 1
24 26 0 8 2 1
17 6 0 8 2 1
17 28 0 8 2 1
12 16 0 2 8 1
14 8 0 2 8 1
14 16 0 2 8 1
32 16 0 2 8 1
34 16 0 2 8 1
32 12 0 4 2 1
32 14 0 4 2 1
25 5 0 4 2 1
25 28 0 4 2 1
12 12 0 2 4 1
14 24 0 2 2 1
32 10 0 2 2 1
32 24 0 2 2 1
29 6 0 2 2 1
20 5 0 4 1 1
20 30 0 4 1 1
24 30 0 4 1 1
25 7 0 4 1 1
11 16 0 1 4 1
36 16 0 1 4 1
29 28 0 3 1 1
13 9 0 1 3 1
11 13 0 1 3 1
11 20 0 1 3 1
12 24 0 2 1 1
14 26 0 2 1 1
32 9 0 2 1 1
32 26 0 2 1 1
15 7 0 2 1 1
34 10 0 1 2 1
12 11 0 1 1 1
13 25 0 1 1 1
15 27 0 1 1 1
24 5 0 1 1 1
31 7 0 1 1 1
32 8 0 1 1 1
34 24 0 1 1 1
12 16 1 2 8 1
14 16 1 2 8 1
16 8 1 2 8 1
16 16 1 2 8 1
18 8 1 2 8 1
18 16 1 2 8 1
20 8 1 2 8 1
20 16 1 2 8 1
22 8 1 2 8 1
22 16 1 2 8 1
24 8 1 2 8 1
24 16 1 2 8 1
26 8 1 2 8 1
26 16 1 2 8 1
28 8 1 2 8 1
28 16 1 2 8 1
30 8 1 2 8 1
30 16 1 2 8 1
32 16 1 2 8 1
34 12 1 2 8 1
16 24 1 8 2 1
16 26 1 8 2 1
24 24 1 8 2 1
24 26 1 8 2 1
17 6 1 8 2 1
18 28 1 8 2 1
12 12 1 2 4 1
14 12 1 2 4 1
32 12 1 2 4 1
25 6 1 4 2 1
14 10 1 2 2 1
14 24 1 2 2 1
26 28 1 2 2 1
32 10 1 2 2 1
32 24 1 2 2 1
34 20 1 2 2 1
11 16 1 1 4 1
20 5 1 4 1 1
24 5 1 4 1 1
22 30 1 4 1 1
34 22 1 1 3 1
36 16 1 1 3 1
28 28 1 3 1 1
29 7 1 3 1 1
11 14 1 1 2 1
11 20 1 1 2 1
13 10 1 1 2 1
13 24 1 1 2 1
15 8 1 1 2 1
15 26 1 1 2 1
32 8 1 1 2 1
12 11 1 1 1 1
14 9 1 1 1 1
14 26 1 1 1 1
16 7 1 1 1 1
17 28 1 1 1 1
28 29 1 1 1 1
29 6 1 1 1 1
32 26 1 1 1 1
33 9 1 1 1 1
34 11 1 1 1 1
35 22 1 1 1 1
16 8 2 8 2 1
16 10 2 8 2 1
16 12 2 8 2 1
16 14 2 8 2 1
16 16 2 8 2 1
16 18 2 8 2 1
16 20 2 8 2 1
16 22 2 8 2 1
16 24 2 8 2 1
16 26 2 8 2 1
24 8 2 8 2 1
24 10 2 8 2 1
24 12 2 8 2 1
24 14 2 8 2 1
24 16 2 8 2 1
24 18 2 8 2 1
24 20 2 8 2 1
24 22 2 8 2 1
24 24 2 8 2 1
24 26 2 8 2 1
18 6 2 8 2 1
19 28 2 8 2 1
12 16 2 2 8 1
14 16 2 2 8 1
32 16 2 2 8 1
34 13 2 2 8 1
12 12 2 4 2 1
12 14 2 4 2 1
26 6 2 4 2 1
32 12 2 2 4 1
14 10 2 2 2 1
14 24 2 2 2 1
32 10 2 2 2 1
32 24 2 2 2 1
21 5 2 4 1 1
27 28 2 4 1 1
11 16 2 1 4 1
34 21 2 1 4 1
14 9 2 2 1 1
14 26 2 2 1 1
16 7 2 2 1 1
17 28 2 2 1 1
25 5 2 2 1 1
11 14 2 1 2 1
13 10 2 1 2 1
34 11 2 1 2 1
11 20 2 1 1 1
13 24 2 1 1 1
15 8 2 1 1 1
27 29 2 1 1 1
30 7 2 1 1 1
32 9 2 1 1 1
32 26 2 1 1 1
35 21 2 1 1 1
14 16 3 2 8 1
16 8 3 2 8 1
16 16 3 2 8 1
18 8 3 2 8 1
18 16 3 2 8 1
20 8 3 2 8 1
20 16 3 2 8 1
22 8 3 2 8 1
22 16 3 2 8 1
24 8 3 2 8 1
24 16 3 2 8 1
26 8 3 2 8 1
26 16 3 2 8 1
28 8 3 2 8 1
28 16 3 2 8 1
30 8 3 2 8 1
30 16 3 2 8 1
32 16 3 2 8 1
12 13 3 2 8 1
34 14 3 2 8 1
16 24 3 8 2 1
16 26 3 8 2 1
24 24 3 8 2 1
24 26 3 8 2 1
19 6 3 8 2 1
20 28 3 8 2 1
14 12 3 2 4 1
32 12 3 2 4 1
14 10 3 2 2 1
14 24 3 2 2 1
32 10 3 2 2 1
12 21 3 2 2 1
27 6 3 2 2 1
32 24 3 1 3 1
17 28 3 3 1 1
34 12 3 1 2 1
34 22 3 1 2 1
11 17 3 1 2 1
13 11 3 1 2 1
13 23 3 1 2 1
28 28 3 2 1 1
17 7 3 2 1 1
23 5 3 2 1 1
29 7 3 2 1 1
15 9 3 1 1 1
15 26 3 1 1 1
32 9 3 1 1 1
33 24 3 1 1 1
16 6 4 8 2 1
16 8 4 8 2 1
16 10 4 8 2 1
16 12 4 8 2 1
16 14 4 8 2 1
16 16 4 8 2 1
16 18 4 8 2 1
16 20 4 8 2 1
16 22 4 8 2 1
16 24 4 8 2 1
16 26 4 8 2 1
16 28 4 8 2 1
24 6 4 8 2 1
24 8 4 8 2 1
24 10 4 8 2 1
24 12 4 8 2 1
24 14 4 8 2 1
24 16 4 8 2 1
24 18 4 8 2 1
24 20 4 8 2 1
24 22 4 8 2 1
24 24 4 8 2 1
24 26 4 8 2 1
24 28 4 8 2 1
17 4 4 8 2 1
19 30 4 8 2 1
10 16 4 2 8 1
12 8 4 2 8 1
12 16 4 2 8 1
14 8 4 2 8 1
14 16 4 2 8 1
32 8 4 2 8 1
32 16 4 2 8 1
34 16 4 2 8 1
36 13 4 2 8 1
12 24 4 4 2 1
32 24 4 4 2 1
25 4 4 4 2 1
10 12 4 2 4 1
34 12 4 2 4 1
14 6 4 2 2 1
14 26 4 2 2 1
32 26 4 2 2 1
34 10 4 2 2 1
27 30 4 2 2 1
36 21 4 2 2 1
16 30 4 3 1 1
29 5 4 3 1 1
36 10 4 1 3 1
10 11 4 2 1 1
12 26 4 2 1 1
14 28 4 2 1 1
32 7 4 2 1 1
32 28 4 2 1 1
34 9 4 2 1 1
34 26 4 2 1 1
29 30 4 2 1 1
11 24 4 1 2 1
36 23 4 1 2 1
11 10 4 1 1 1
13 27 4 1 1 1
15 29 4 1 1 1
16 5 4 1 1 1
34 8 4 1 1 1
12 16 5 2 8 1
14 8 5 2 8 1
14 16 5 2 8 1
16 8 5 2 8 1
16 16 5 2 8 1
18 8 5 2 8 1
18 16 5 2 8 1
20 8 5 2 8 1
20 16 5 2 8 1
20 24 5 2 8 1
22 8 5 2 8 1
22 16 5 2 8 1
22 24 5 2 8 1
24 8 5 2 8 1
24 16 5 2 8 1
24 24 5 2 8 1
26 8 5 2 8 1
26 16 5 2 8 1
26 24 5 2 8 1
28 8 5 2 8 1
28 16 5 2 8 1
30 8 5 2 8 1
30 16 5 2 8 1
32 8 5 2 8 1
32 16 5 2 8 1
34 16 5 2 8 1
10 12 5 2 8 1
16 6 5 8 2 1
24 6 5 8 2 1
12 24 5 8 2 1
19 4 5 8 2 1
28 24 5 8 2 1
12 12 5 2 4 1
34 12 5 2 4 1
36 16 5 2 4 1
15 26 5 2 4 1
17 26 5 2 4 1
28 26 5 2 4 1
30 26 5 2 4 1
10 20 5 2 2 1
12 10 5 2 2 1
32 26 5 2 2 1
34 10 5 2 2 1
36 14 5 2 2 1
13 26 5 2 2 1
27 4 5 2 2 1
36 20 5 1 4 1
19 26 5 1 4 1
11 22 5 1 3 1
36 11 5 1 3 1
16 5 5 3 1 1
17 30 5 3 1 1
11 10 5 1 2 1
13 8 5 1 2 1
15 6 5 1 2 1
34 8 5 1 2 1
28 30 5 2 1 1
32 7 5 2 1 1
29 5 5 2 1 1
10 22 5 1 1 1
12 9 5 1 1 1
14 7 5 1 1 1
14 28 5 1 1 1
32 28 5 1 1 1
34 26 5 1 1 1
37 20 5 1 1 1
16 6 6 8 2 1
16 8 6 8 2 1
16 10 6 8 2 1
16 12 6 8 2 1
16 14 6 8 2 1
16 16 6 8 2 1
16 18 6 8 2 1
16 20 6 8 2 1
16 22 6 8 2 1
16 24 6 8 2 1
16 26 6 8 2 1
16 28 6 8 2 1
24 6 6 8 2 1
24 8 6 8 2 1
24 10 6 8 2 1
24 12 6 8 2 1
24 14 6 8 2 1
24 16 6 8 2 1
24 18 6 8 2 1
24 20 6 8 2 1
24 22 6 8 2 1
24 24 6 8 2 1
24 26 6 8 2 1
12 16 6 2 8 1
14 8 6 2 8 1
14 16 6 2 8 1
32 8 6 2 8 1
32 16 6 2 8 1
34 16 6 2 8 1
12 24 6 4 2 1
20 4 6 4 2 1
24 28 6 4 2 1
2 16 6 4 2 1
2 18 6 4 2 1
10 14 6 4 2 1
10 16 6 2 4 1
32 24 6 2 4 1
34 12 6 2 4 1
12 10 6 2 4 1
14 26 6 2 2 1
24 4 6 2 2 1
28 28 6 2 2 1
34 10 6 2 2 1
20 30 6 4 1 1
24 30 6 4 1 1
26 5 6 4 1 1
11 20 6 1 4 1
36 16 6 1 4 1
3 15 6 3 1 1
17 5 6 3 1 1
6 16 6 1 3 1
36 13 6 1 3 1
36 20 6 1 3 1
30 28 6 2 1 1
34 24 6 2 1 1
11 12 6 1 2 1
10 20 6 1 1 1
13 9 6 1 1 1
13 26 6 1 1 1
15 7 6 1 1 1
15 28 6 1 1 1
19 30 6 1 1 1
23 31 6 1 1 1
26 4 6 1 1 1
28 30 6 1 1 1
30 29 6 1 1 1
32 7 6 1 1 1
34 9 6 1 1 1
34 25 6 1 1 1
37 17 6 1 1 1
12 16 7 2 8 1
14 8 7 2 8 1
14 16 7 2 8 1
16 8 7 2 8 1
16 16 7 2 8 1
18 8 7 2 8 1
18 16 7 2 8 1
20 8 7 2 8 1
20 16 7 2 8 1
22 8 7 2 8 1
22 16 7 2 8 1
24 8 7 2 8 1
24 16 7 2 8 1
26 8 7 2 8 1
26 16 7 2 8 1
28 8 7 2 8 1
28 16 7 2 8 1
30 8 7 2 8 1
30 16 7 2 8 1
32 16 7 2 8 1
34 16 7 2 8 1
16 24 7 8 2 1
16 26 7 8 2 1
24 24 7 8 2 1
24 26 7 8 2 1
17 6 7 8 2 1
18 28 7 8 2 1
2 16 7 2 4 1
4 16 7 2 4 1
6 16 7 2 4 1
12 12 7 2 4 1
32 12 7 2 4 1
34 12 7 2 4 1
2 14 7 4 2 1
25 6 7 4 2 1
26 28 7 4 2 1
12 10 7 2 2 1
14 24 7 2 2 1
32 10 7 2 2 1
32 24 7 2 2 1
29 6 7 2 2 1
1 16 7 1 4 1
11 16 7 1 4 1
36 16 7 1 4 1
20 5 7 4 1 1
20 30 7 4 1 1
24 5 7 4 1 1
24 30 7 4 1 1
2 20 7 4 1 1
11 13 7 1 3 1
11 20 7 1 2 1
13 24 7 1 2 1
15 26 7 1 2 1
32 8 7 1 2 1
32 26 7 1 2 1
34 10 7 1 2 1
36 14 7 1 2 1
16 28 7 2 1 1
15 7 7 2 1 1
1 15 7 1 1 1
6 15 7 1 1 1
6 20 7 1 1 1
10 17 7 1 1 1
12 24 7 1 1 1
13 9 7 1 1 1
14 26 7 1 1 1
19 5 7 1 1 1
30 28 7 1 1 1
31 7 7 1 1 1
33 9 7 1 1 1
33 26 7 1 1 1
34 24 7 1 1 1
36 20 7 1 1 1
0 16 8 8 2 1
0 18 8 8 2 1
16 8 8 8 2 1
16 10 8 8 2 1
16 12 8 8 2 1
16 14 8 8 2 1
16 16 8 8 2 1
16 18 8 8 2 1
16 20 8 8 2 1
16 22 8 8 2 1
16 24 8 8 2 1
16 26 8 8 2 1
24 8 8 8 2 1
24 10 8 8 2 1
24 12 8 8 2 1
24 14 8 8 2 1
24 16 8 8 2 1
24 18 8 8 2 1
24 20 8 8 2 1
24 22 8 8 2 1
24 24 8 8 2 1
24 26 8 8 2 1
17 6 8 8 2 1
18 28 8 8 2 1
12 16 8 2 8 1
14 16 8 2 8 1
32 16 8 2 8 1
34 12 8 2 8 1
4 14 8 4 2 1
12 12 8 4 2 1
12 14 8 4 2 1
2 20 8 4 2 1
25 6 8 4 2 1
32 12 8 2 4 1
2 14 8 2 2 1
14 10 8 2 2 1
14 24 8 2 2 1
26 28 8 2 2 1
32 10 8 2 2 1
32 24 8 2 2 1
34 20 8 2 2 1
20 5 8 4 1 1
24 5 8 4 1 1
22 30 8 4 1 1
11 16 8 1 4 1
3 13 8 3 1 1
28 28 8 3 1 1
29 7 8 3 1 1
8 16 8 1 3 1
34 22 8 1 3 1
0 15 8 2 1 1
6 20 8 2 1 1
12 11 8 2 1 1
14 9 8 2 1 1
14 26 8 2 1 1
16 28 8 2 1 1
32 9 8 2 1 1
11 14 8 1 2 1
11 20 8 1 2 1
13 24 8 1 2 1
36 17 8 1 2 1
1 14 8 1 1 1
1 20 8 1 1 1
6 21 8 1 1 1
13 10 8 1 1 1
15 8 8 1 1 1
15 27 8 1 1 1
16 7 8 1 1 1
28 29 8 1 1 1
29 6 8 1 1 1
32 8 8 1 1 1
32 26 8 1 1 1
34 11 8 1 1 1
35 22 8 1 1 1
12 16 9 2 8 1
14 8 9 2 8 1
14 16 9 2 8 1
16 8 9 2 8 1
16 16 9 2 8 1
18 8 9 2 8 1
18 16 9 2 8 1
20 8 9 2 8 1
20 16 9 2 8 1
22 8 9 2 8 1
22 16 9 2 8 1
24 8 9 2 8 1
24 16 9 2 8 1
26 8 9 2 8 1
26 16 9 2 8 1
28 8 9 2 8 1
28 16 9 2 8 1
30 8 9 2 8 1
30 16 9 2 8 1
32 16 9 2 8 1
1 14 9 2 8 1
3 13 9 2 8 1
5 13 9 2 8 1
34 12 9 2 8 1
16 24 9 8 2 1
16 26 9 8 2 1
24 24 9 8 2 1
24 26 9 8 2 1
17 6 9 8 2 1
18 28 9 8 2 1
12 12 9 2 4 1
32 12 9 2 4 1
7 16 9 2 4 1
25 6 9 4 2 1
14 24 9 2 2 1
26 28 9 2 2 1
32 10 9 2 2 1
32 24 9 2 2 1
34 20 9 2 2 1
0 16 9 1 4 1
11 16 9 1 4 1
36 16 9 1 4 1
20 5 9 4 1 1
24 5 9 4 1 1
3 21 9 4 1 1
21 30 9 4 1 1
11 13 9 1 3 1
34 22 9 1 3 1
28 28 9 3 1 1
29 7 9 3 1 1
7 14 9 1 2 1
11 20 9 1 2 1
13 10 9 1 2 1
13 24 9 1 2 1
15 26 9 1 2 1
32 8 9 1 2 1
16 28 9 2 1 1
0 15 9 1 1 1
0 20 9 1 1 1
2 13 9 1 1 1
7 20 9 1 1 1
12 11 9 1 1 1
12 24 9 1 1 1
14 26 9 1 1 1
16 7 9 1 1 1
19 5 9 1 1 1
25 30 9 1 1 1
28 29 9 1 1 1
29 6 9 1 1 1
32 26 9 1 1 1
33 9 9 1 1 1
34 11 9 1 1 1
35 22 9 1 1 1
0 16 10 8 2 1
0 18 10 8 2 1
16 8 10 8 2 1
16 10 10 8 2 1
16 12 10 8 2 1
16 14 10 8 2 1
16 16 10 8 2 1
16 18 10 8 2 1
16 20 10 8 2 1
16 22 10 8 2 1
16 24 10 8 2 1
16 26 10 8 2 1
24 8 10 8 2 1
24 10 10 8 2 1
24 12 10 8 2 1
24 14 10 8 2 1
24 16 10 8 2 1
24 18 10 8 2 1
24 20 10 8 2 1
24 22 10 8 2 1
24 24 10 8 2 1
24 26 10 8 2 1
17 6 10 8 2 1
18 28 10 8 2 1
12 16 10 2 8 1
14 8 10 2 8 1
14 16 10 2 8 1
32 16 10 2 8 1
34 12 10 2 8 1
4 14 10 4 2 1
1 20 10 4 2 1
25 6 10 4 2 1
26 28 10 4 2 1
12 12 10 2 4 1
32 12 10 2 4 1
2 14 10 2 2 1
14 24 10 2 2 1
32 10 10 2 2 1
32 24 10 2 2 1
34 20 10 2 2 1
5 20 10 2 2 1
29 6 10 2 2 1
20 5 10 4 1 1
24 5 10 4 1 1
2 13 10 4 1 1
21 30 10 4 1 1
8 16 10 1 4 1
11 16 10 1 4 1
36 16 10 1 4 1
11 13 10 1 3 1
34 22 10 1 3 1
0 15 10 2 1 1
12 11 10 2 1 1
12 24 10 2 1 1
14 26 10 2 1 1
16 28 10 2 1 1
32 9 10 2 1 1
32 26 10 2 1 1
11 20 10 1 2 1
34 10 10 1 2 1
0 20 10 1 1 1
1 14 10 1 1 1
6 13 10 1 1 1
7 20 10 1 1 1
13 10 10 1 1 1
13 25 10 1 1 1
15 27 10 1 1 1
16 7 10 1 1 1
19 5 10 1 1 1
25 30 10 1 1 1
30 28 10 1 1 1
32 8 10 1 1 1
32 27 10 1 1 1
35 22 10 1 1 1
12 16 11 2 8 1
14 8 11 2 8 1
14 16 11 2 8 1
16 8 11 2 8 1
16 16 11 2 8 1
18 8 11 2 8 1
18 16 11 2 8 1
20 8 11 2 8 1
20 16 11 2 8 1
22 8 11 2 8 1
22 16 11 2 8 1
24 8 11 2 8 1
24 16 11 2 8 1
26 8 11 2 8 1
26 16 11 2 8 1
28 8 11 2 8 1
28 16 11 2 8 1
30 8 11 2 8 1
30 16 11 2 8 1
32 16 11 2 8 1
34 16 11 2 8 1
1 14 11 2 8 1
3 13 11 2 8 1
5 14 11 2 8 1
16 24 11 8 2 1
16 26 11 8 2 1
24 24 11 8 2 1
24 26 11 8 2 1
17 6 11 8 2 1
18 28 11 8 2 1
12 12 11 2 4 1
32 12 11 2 4 1
34 12 11 2 4 1
7 16 11 2 4 1
25 6 11 4 2 1
26 28 11 4 2 1
14 24 11 2 2 1
32 10 11 2 2 1
32 24 11 2 2 1
29 6 11 2 2 1
0 16 11 1 4 1
11 16 11 1 4 1
36 16 11 1 4 1
20 5 11 4 1 1
20 30 11 4 1 1
24 5 11 4 1 1
11 13 11 1 3 1
11 20 11 1 3 1
24 30 11 3 1 1
7 14 11 1 2 1
13 10 11 1 2 1
13 24 11 1 2 1
15 26 11 1 2 1
32 8 11 1 2 1
32 26 11 1 2 1
34 10 11 1 2 1
16 28 11 2 1 1
3 21 11 2 1 1
0 15 11 1 1 1
0 20 11 1 1 1
2 13 11 1 1 1
5 13 11 1 1 1
7 20 11 1 1 1
12 11 11 1 1 1
12 24 11 1 1 1
14 26 11 1 1 1
16 7 11 1 1 1
19 5 11 1 1 1
30 28 11 1 1 1
31 7 11 1 1 1
33 9 11 1 1 1
33 26 11 1 1 1
34 24 11 1 1 1
36 15 11 1 1 1
36 20 11 1 1 1
0 16 12 8 2 1
0 18 12 8 2 1
16 8 12 8 2 1
16 10 12 8 2 1
16 12 12 8 2 1
16 14 12 8 2 1
16 16 12 8 2 1
16 18 12 8 2 1
16 20 12 8 2 1
16 22 12 8 2 1
16 24 12 8 2 1
16 26 12 8 2 1
24 8 12 8 2 1
24 10 12 8 2 1
24 12 12 8 2 1
24 14 12 8 2 1
24 16 12 8 2 1
24 18 12 8 2 1
24 20 12 8 2 1
24 22 12 8 2 1
24 24 12 8 2 1
24 26 12 8 2 1
17 6 12 8 2 1
18 28 12 8 2 1
12 16 12 2 8 1
14 8 12 2 8 1
14 16 12 2 8 1
32 16 12 2 8 1
34 16 12 2 8 1
4 14 12 4 2 1
32 12 12 4 2 1
32 14 12 4 2 1
1 20 12 4 2 1
25 5 12 4 2 1
26 28 12 4 2 1
12 12 12 2 4 1
2 14 12 2 2 1
14 24 12 2 2 1
32 10 12 2 2 1
32 24 12 2 2 1
5 20 12 2 2 1
29 6 12 2 2 1
20 5 12 4 1 1
20 30 12 4 1 1
24 30 12 4 1 1
2 13 12 4 1 1
25 7 12 4 1 1
8 16 12 1 4 1
11 16 12 1 4 1
36 16 12 1 4 1
13 9 12 1 3 1
11 13 12 1 3 1
11 20 12 1 3 1
0 15 12 2 1 1
12 24 12 2 1 1
14 26 12 2 1 1
16 28 12 2 1 1
32 9 12 2 1 1
32 26 12 2 1 1
15 7 12 2 1 1
34 10 12 1 2 1
34 24 12 1 2 1
0 20 12 1 1 1
1 14 12 1 1 1
6 13 12 1 1 1
7 20 12 1 1 1
12 11 12 1 1 1
13 25 12 1 1 1
15 27 12 1 1 1
19 5 12 1 1 1
24 5 12 1 1 1
30 28 12 1 1 1
31 7 12 1 1 1
32 8 12 1 1 1
32 27 12 1 1 1
36 15 12 1 1 1
36 20 12 1 1 1
12 16 13 2 8 1
14 8 13 2 8 1
14 16 13 2 8 1
16 8 13 2 8 1
16 16 13 2 8 1
18 8 13 2 8 1
18 16 13 2 8 1
20 8 13 2 8 1
20 16 13 2 8 1
22 8 13 2 8 1
22 16 13 2 8 1
24 8 13 2 8 1
24 16 13 2 8 1
26 8 13 2 8 1
26 16 13 2 8 1
28 8 13 2 8 1
28 16 13 2 8 1
30 8 13 2 8 1
30 16 13 2 8 1
32 16 13 2 8 1
34 16 13 2 8 1
1 14 13 2 8 1
3 13 13 2 8 1
5 13 13 2 8 1
16 24 13 8 2 1
16 26 13 8 2 1
24 24 13 8 2 1
24 26 13 8 2 1
17 6 13 8 2 1
17 28 13 8 2 1
12 12 13 2 4 1
32 12 13 2 4 1
34 12 13 2 4 1
7 16 13 2 4 1
25 6 13 4 2 1
25 28 13 4 2 1
14 24 13 2 2 1
32 10 13 2 2 1
32 24 13 2 2 1
29 6 13 2 2 1
0 16 13 1 4 1
11 16 13 1 4 1
36 16 13 1 4 1
20 5 13 4 1 1
20 30 13 4 1 1
24 5 13 4 1 1
24 30 13 4 1 1
3 21 13 4 1 1
13 9 13 1 3 1
11 13 13 1 3 1
11 20 13 1 3 1
29 28 13 3 1 1
7 14 13 1 2 1
13 24 13 1 2 1
15 26 13 1 2 1
32 8 13 1 2 1
32 26 13 1 2 1
34 10 13 1 2 1
36 14 13 1 2 1
36 20 13 1 2 1
15 7 13 2 1 1
0 15 13 1 1 1
0 20 13 1 1 1
2 13 13 1 1 1
7 20 13 1 1 1
12 11 13 1 1 1
12 24 13 1 1 1
14 26 13 1 1 1
16 28 13 1 1 1
19 5 13 1 1 1
29 29 13 1 1 1
31 7 13 1 1 1
33 9 13 1 1 1
33 26 13 1 1 1
34 24 13 1 1 1
0 16 14 8 2 1
0 18 14 8 2 1
16 10 14 8 2 1
16 12 14 8 2 1
16 14 14 8 2 1
16 16 14 8 2 1
16 18 14 8 2 1
16 20 14 8 2 1
16 22 14 8 2 1
16 24 14 8 2 1
16 26 14 8 2 1
24 8 14 8 2 1
24 10 14 8 2 1
24 12 14 8 2 1
24 14 14 8 2 1
24 16 14 8 2 1
24 18 14 8 2 1
24 20 14 8 2 1
24 22 14 8 2 1
24 24 14 8 2 1
24 26 14 8 2 1
32 18 14 8 2 1
14 8 14 8 2 1
17 28 14 8 2 1
12 16 14 2 8 1
14 16 14 2 8 1
32 9 14 2 8 1
4 14 14 4 2 1
12 12 14 4 2 1
12 14 14 4 2 1
32 20 14 4 2 1
32 22 14 4 2 1
40 18 14 4 2 1
1 20 14 4 2 1
17 6 14 4 2 1
25 5 14 4 2 1
25 28 14 4 2 1
14 24 14 2 4 1
34 12 14 2 4 1
2 14 14 2 2 1
14 10 14 2 2 1
32 24 14 2 2 1
34 16 14 2 2 1
5 20 14 2 2 1
10 17 14 2 2 1
29 6 14 2 2 1
20 30 14 4 1 1
24 7 14 4 1 1
24 30 14 4 1 1
2 13 14 4 1 1
8 16 14 1 4 1
11 13 14 1 4 1
11 19 14 1 4 1
36 14 14 1 4 1
19 5 14 3 1 1
29 28 14 3 1 1
13 9 14 1 3 1
22 7 14 1 3 1
0 15 14 2 1 1
12 24 14 2 1 1
32 17 14 2 1 1
32 26 14 2 1 1
34 11 14 2 1 1
15 7 14 2 1 1
21 6 14 1 2 1
34 24 14 1 2 1
36 20 14 1 2 1
44 18 14 1 2 1
0 20 14 1 1 1
1 14 14 1 1 1
7 20 14 1 1 1
12 11 14 1 1 1
13 25 14 1 1 1
16 28 14 1 1 1
23 9 14 1 1 1
28 7 14 1 1 1
29 29 14 1 1 1
31 7 14 1 1 1
32 8 14 1 1 1
32 27 14 1 1 1
34 10 14 1 1 1
12 16 15 2 8 1
14 8 15 2 8 1
14 16 15 2 8 1
16 8 15 2 8 1
16 16 15 2 8 1
18 8 15 2 8 1
18 16 15 2 8 1
20 8 15 2 8 1
20 16 15 2 8 1
22 16 15 2 8 1
24 16 15 2 8 1
26 8 15 2 8 1
26 16 15 2 8 1
28 8 15 2 8 1
28 16 15 2 8 1
30 8 15 2 8 1
30 16 15 2 8 1
32 8 15 2 8 1
32 16 15 2 8 1
34 16 15 2 8 1
1 14 15 2 8 1
3 13 15 2 8 1
5 13 15 2 8 1
16 24 15 8 2 1
16 26 15 8 2 1
24 24 15 8 2 1
24 26 15 8 2 1
17 28 15 8 2 1
36 16 15 8 2 1
36 18 15 8 2 1
36 20 15 8 2 1
12 12 15 2 4 1
14 24 15 2 4 1
22 12 15 2 4 1
24 12 15 2 4 1
34 12 15 2 4 1
44 16 15 2 4 1
7 16 15 2 4 1
16 6 15 4 2 1
22 9 15 4 2 1
25 5 15 4 2 1
25 28 15 4 2 1
10 16 15 2 2 1
12 10 15 2 2 1
20 6 15 2 2 1
32 24 15 2 2 1
44 20 15 2 2 1
29 6 15 2 2 1
0 16 15 1 4 1
11 12 15 1 4 1
11 18 15 1 4 1
46 17 15 1 4 1
20 30 15 4 1 1
24 30 15 4 1 1
3 21 15 4 1 1
22 11 15 4 1 1
25 7 15 4 1 1
19 5 15 3 1 1
29 28 15 3 1 1
7 14 15 1 2 1
13 24 15 1 2 1
32 26 15 1 2 1
34 10 15 1 2 1
34 24 15 1 2 1
36 14 15 1 2 1
0 15 15 1 1 1
0 20 15 1 1 1
2 13 15 1 1 1
7 20 15 1 1 1
10 18 15 1 1 1
11 22 15 1 1 1
12 24 15 1 1 1
13 9 15 1 1 1
15 7 15 1 1 1
16 28 15 1 1 1
25 8 15 1 1 1
29 29 15 1 1 1
31 7 15 1 1 1
33 26 15 1 1 1
35 11 15 1 1 1
0 16 16 8 2 1
0 18 16 8 2 1
8 16 16 8 2 1
8 18 16 8 2 1
16 10 16 8 2 1
16 12 16 8 2 1
16 14 16 8 2 1
16 16 16 8 2 1
16 18 16 8 2 1
16 20 16 8 2 1
16 22 16 8 2 1
16 24 16 8 2 1
16 26 16 8 2 1
24 10 16 8 2 1
24 12 16 8 2 1
24 14 16 8 2 1
24 16 16 8 2 1
24 18 16 8 2 1
24 20 16 8 2 1
24 22 16 8 2 1
24 24 16 8 2 1
24 26 16 8 2 1
32 16 16 8 2 1
32 18 16 8 2 1
32 20 16 8 2 1
40 18 16 8 2 1
14 8 16 8 2 1
17 28 16 8 2 1
25 8 16 8 2 1
14 20 16 2 8 1
4 14 16 4 2 1
12 10 16 4 2 1
12 12 16 4 2 1
12 14 16 4 2 1
16 6 16 4 2 1
32 12 16 4 2 1
32 14 16 4 2 1
32 22 16 4 2 1
40 16 16 4 2 1
40 20 16 4 2 1
1 20 16 4 2 1
25 5 16 4 2 1
25 28 16 4 2 1
12 20 16 2 4 1
2 14 16 2 2 1
20 6 16 2 2 1
32 10 16 2 2 1
32 24 16 2 2 1
44 16 16 2 2 1
44 20 16 2 2 1
5 20 16 2 2 1
29 6 16 2 2 1
20 30 16 4 1 1
24 30 16 4 1 1
36 15 16 4 1 1
36 22 16 4 1 1
40 15 16 4 1 1
40 22 16 4 1 1
2 13 16 4 1 1
25 7 16 4 1 1
11 12 16 1 4 1
19 5 16 3 1 1
22 9 16 3 1 1
29 28 16 3 1 1
13 24 16 1 3 1
11 20 16 1 3 1
0 15 16 2 1 1
32 26 16 2 1 1
34 11 16 2 1 1
44 15 16 2 1 1
44 22 16 2 1 1
46 17 16 2 1 1
46 20 16 2 1 1
33 8 16 1 2 1
34 24 16 1 2 1
0 20 16 1 1 1
1 14 16 1 1 1
7 20 16 1 1 1
12 24 16 1 1 1
13 9 16 1 1 1
15 7 16 1 1 1
16 28 16 1 1 1
19 30 16 1 1 1
29 29 16 1 1 1
31 7 16 1 1 1
32 27 16 1 1 1
34 10 16 1 1 1
36 14 16 1 1 1
46 16 16 1 1 1
46 21 16 1 1 1
12 16 17 2 8 1
14 8 17 2 8 1
14 16 17 2 8 1
16 8 17 2 8 1
16 16 17 2 8 1
18 8 17 2 8 1
18 16 17 2 8 1
20 8 17 2 8 1
20 16 17 2 8 1
22 16 17 2 8 1
24 16 17 2 8 1
26 8 17 2 8 1
26 16 17 2 8 1
28 8 17 2 8 1
28 16 17 2 8 1
30 8 17 2 8 1
30 16 17 2 8 1
32 8 17 2 8 1
32 16 17 2 8 1
34 16 17 2 8 1
36 16 17 2 8 1
38 16 17 2 8 1
40 16 17 2 8 1
42 16 17 2 8 1
2 13 17 2 8 1
4 13 17 2 8 1
44 15 17 2 8 1
16 24 17 8 2 1
16 26 17 8 2 1
24 24 17 8 2 1
24 26 17 8 2 1
6 14 17 8 2 1
17 28 17 8 2 1
0 16 17 2 4 1
6 16 17 2 4 1
8 16 17 2 4 1
10 16 17 2 4 1
14 24 17 2 4 1
22 12 17 2 4 1
24 12 17 2 4 1
34 12 17 2 4 1
12 10 17 2 4 1
46 17 17 2 4 1
16 6 17 4 2 1
22 9 17 4 2 1
25 5 17 4 2 1
25 28 17 4 2 1
20 6 17 2 2 1
32 24 17 2 2 1
29 6 17 2 2 1
29 28 17 2 2 1
8 20 17 4 1 1
20 30 17 4 1 1
24 30 17 4 1 1
36 15 17 4 1 1
40 15 17 4 1 1
2 21 17 4 1 1
18 5 17 4 1 1
22 11 17 4 1 1
25 7 17 4 1 1
1 14 17 1 2 1
6 20 17 1 2 1
11 12 17 1 2 1
13 24 17 1 2 1
32 26 17 1 2 1
34 10 17 1 2 1
34 24 17 1 2 1
11 21 17 1 2 1
36 13 17 1 2 1
46 15 17 1 2 1
46 21 17 1 2 1
0 20 17 2 1 1
31 7 17 2 1 1
0 15 17 1 1 1
7 20 17 1 1 1
12 24 17 1 1 1
13 9 17 1 1 1
15 7 17 1 1 1
16 28 17 1 1 1
19 30 17 1 1 1
25 8 17 1 1 1
31 28 17 1 1 1
33 26 17 1 1 1
35 11 17 1 1 1
44 23 17 1 1 1
47 21 17 1 1 1
0 16 18 8 2 1
0 18 18 8 2 1
8 14 18 8 2 1
8 16 18 8 2 1
8 18 18 8 2 1
8 20 18 8 2 1
16 10 18 8 2 1
16 12 18 8 2 1
16 14 18 8 2 1
16 16 18 8 2 1
16 18 18 8 2 1
16 20 18 8 2 1
16 22 18 8 2 1
16 24 18 8 2 1
16 26 18 8 2 1
24 10 18 8 2 1
24 12 18 8 2 1
24 14 18 8 2 1
24 16 18 8 2 1
24 18 18 8 2 1
24 20 18 8 2 1
24 22 18 8 2 1
24 24 18 8 2 1
24 26 18 8 2 1
32 14 18 8 2 1
32 16 18 8 2 1
32 18 18 8 2 1
32 20 18 8 2 1
32 22 18 8 2 1
40 16 18 8 2 1
40 18 18 8 2 1
40 20 18 8 2 1
14 8 18 8 2 1
17 28 18 8 2 1
25 7 18 8 2 1
4 14 18 4 2 1
4 20 18 4 2 1
12 10 18 4 2 1
12 12 18 4 2 1
12 22 18 4 2 1
16 6 18 4 2 1
32 12 18 4 2 1
40 22 18 4 2 1
25 5 18 4 2 1
25 28 18 4 2 1
14 24 18 2 4 1
2 14 18 2 2 1
2 20 18 2 2 1
20 6 18 2 2 1
32 10 18 2 2 1
32 24 18 2 2 1
40 14 18 2 2 1
29 28 18 2 2 1
20 30 18 4 1 1
24 9 18 4 1 1
24 30 18 4 1 1
28 9 18 4 1 1
2 13 18 4 1 1
18 5 18 4 1 1
42 15 18 4 1 1
32 9 18 3 1 1
44 22 18 3 1 1
13 24 18 1 3 1
0 15 18 2 1 1
0 20 18 2 1 1
22 9 18 2 1 1
32 26 18 2 1 1
34 11 18 2 1 1
34 24 18 2 1 1
15 28 18 2 1 1
29 6 18 2 1 1
11 12 18 1 2 1
11 22 18 1 2 1
22 6 18 1 2 1
24 6 18 1 2 1
1 14 18 1 1 1
12 24 18 1 1 1
13 9 18 1 1 1
15 7 18 1 1 1
19 30 18 1 1 1
21 4 18 1 1 1
25 4 18 1 1 1
29 5 18 1 1 1
31 28 18 1 1 1
32 27 18 1 1 1
33 8 18 1 1 1
34 10 18 1 1 1
34 25 18 1 1 1
36 13 18 1 1 1
43 14 18 1 1 1
44 23 18 1 1 1
46 15 18 1 1 1
12 16 19 2 8 1
14 8 19 2 8 1
14 16 19 2 8 1
16 8 19 2 8 1
16 16 19 2 8 1
18 8 19 2 8 1
18 16 19 2 8 1
20 8 19 2 8 1
20 16 19 2 8 1
22 16 19 2 8 1
24 8 19 2 8 1
24 16 19 2 8 1
26 8 19 2 8 1
26 16 19 2 8 1
28 8 19 2 8 1
28 16 19 2 8 1
30 8 19 2 8 1
30 16 19 2 8 1
32 8 19 2 8 1
32 16 19 2 8 1
34 16 19 2 8 1
36 16 19 2 8 1
38 16 19 2 8 1
40 16 19 2 8 1
42 16 19 2 8 1
2 13 19 2 8 1
4 13 19 2 8 1
6 13 19 2 8 1
8 13 19 2 8 1
10 13 19 2 8 1
44 15 19 2 8 1
16 24 19 8 2 1
16 26 19 8 2 1
24 24 19 8 2 1
24 26 19 8 2 1
17 28 19 8 2 1
34 14 19 8 2 1
0 16 19 2 4 1
12 12 19 2 4 1
14 24 19 2 4 1
22 12 19 2 4 1
24 4 19 2 4 1
32 24 19 2 4 1
46 16 19 2 4 1
21 4 19 2 4 1
16 6 19 4 2 1
25 28 19 4 2 1
26 5 19 4 2 1
12 10 19 2 2 1
22 10 19 2 2 1
34 12 19 2 2 1
42 14 19 2 2 1
46 20 19 2 2 1
29 28 19 2 2 1
4 21 19 4 1 1
8 21 19 4 1 1
20 30 19 4 1 1
24 30 19 4 1 1
28 7 19 4 1 1
13 24 19 1 3 1
34 9 19 1 3 1
20 5 19 1 3 1
1 14 19 1 2 1
11 22 19 1 2 1
22 8 19 1 2 1
34 24 19 1 2 1
0 20 19 2 1 1
2 21 19 2 1 1
18 5 19 2 1 1
26 7 19 2 1 1
15 28 19 2 1 1
0 15 19 1 1 1
11 12 19 1 1 1
12 24 19 1 1 1
13 9 19 1 1 1
15 7 19 1 1 1
19 30 19 1 1 1
23 9 19 1 1 1
26 4 19 1 1 1
28 30 19 1 1 1
30 6 19 1 1 1
31 28 19 1 1 1
32 7 19 1 1 1
35 11 19 1 1 1
35 24 19 1 1 1
36 13 19 1 1 1
44 23 19 1 1 1
46 15 19 1 1 1
46 22 19 1 1 1
0 16 20 8 2 1
0 18 20 8 2 1
8 14 20 8 2 1
8 16 20 8 2 1
8 18 20 8 2 1
8 20 20 8 2 1
16 6 20 8 2 1
16 8 20 8 2 1
16 10 20 8 2 1
16 12 20 8 2 1
16 14 20 8 2 1
16 16 20 8 2 1
16 18 20 8 2 1
16 20 20 8 2 1
16 22 20 8 2 1
16 24 20 8 2 1
16 26 20 8 2 1
24 6 20 8 2 1
24 8 20 8 2 1
24 10 20 8 2 1
24 12 20 8 2 1
24 14 20 8 2 1
24 16 20 8 2 1
24 18 20 8 2 1
24 20 20 8 2 1
24 22 20 8 2 1
24 24 20 8 2 1
24 26 20 8 2 1
32 16 20 8 2 1
32 18 20 8 2 1
32 20 20 8 2 1
32 22 20 8 2 1
40 16 20 8 2 1
40 18 20 8 2 1
40 20 20 8 2 1
17 28 20 8 2 1
32 8 20 2 8 1
4 14 20 4 2 1
4 20 20 4 2 1
12 10 20 4 2 1
12 12 20 4 2 1
12 22 20 4 2 1
12 24 20 4 2 1
20 4 20 4 2 1
40 22 20 4 2 1
25 28 20 4 2 1
32 24 20 2 4 1
34 12 20 2 4 1
2 14 20 2 2 1
2 20 20 2 2 1
14 8 20 2 2 1
14 26 20 2 2 1
24 4 20 2 2 1
29 28 20 2 2 1
4 13 20 4 1 1
8 13 20 4 1 1
20 30 20 4 1 1
24 30 20 4 1 1
36 15 20 4 1 1
40 15 20 4 1 1
26 5 20 4 1 1
44 15 20 3 1 1
44 22 20 3 1 1
34 9 20 1 3 1
0 15 20 2 1 1
0 20 20 2 1 1
2 13 20 2 1 1
18 5 20 2 1 1
34 24 20 2 1 1
15 28 20 2 1 1
11 22 20 1 2 1
36 13 20 1 2 1
1 14 20 1 1 1
1 21 20 1 1 1
11 12 20 1 1 1
13 9 20 1 1 1
13 26 20 1 1 1
15 7 20 1 1 1
19 30 20 1 1 1
26 4 20 1 1 1
28 30 20 1 1 1
31 28 20 1 1 1
32 7 20 1 1 1
34 25 20 1 1 1
35 11 20 1 1 1
43 14 20 1 1 1
44 23 20 1 1 1
12 16 21 2 8 1
14 8 21 2 8 1
14 16 21 2 8 1
16 8 21 2 8 1
16 16 21 2 8 1
18 8 21 2 8 1
18 16 21 2 8 1
20 8 21 2 8 1
20 16 21 2 8 1
22 8 21 2 8 1
22 16 21 2 8 1
24 8 21 2 8 1
24 16 21 2 8 1
26 8 21 2 8 1
26 16 21 2 8 1
28 8 21 2 8 1
28 16 21 2 8 1
30 8 21 2 8 1
30 16 21 2 8 1
32 8 21 2 8 1
32 16 21 2 8 1
34 16 21 2 8 1
42 16 21 2 8 1
1 14 21 2 8 1
3 13 21 2 8 1
5 13 21 2 8 1
7 13 21 2 8 1
9 13 21 2 8 1
36 15 21 2 8 1
38 15 21 2 8 1
40 15 21 2 8 1
44 15 21 2 8 1
16 6 21 8 2 1
16 24 21 8 2 1
16 26 21 8 2 1
16 28 21 8 2 1
24 6 21 8 2 1
24 24 21 8 2 1
24 26 21 8 2 1
12 12 21 2 4 1
14 24 21 2 4 1
32 24 21 2 4 1
34 12 21 2 4 1
46 16 21 2 4 1
20 4 21 4 2 1
24 28 21 4 2 1
12 10 21 2 2 1
12 24 21 2 2 1
24 4 21 2 2 1
28 28 21 2 2 1
34 10 21 2 2 1
46 20 21 2 2 1
0 16 21 1 4 1
11 12 21 1 4 1
11 16 21 1 4 1
11 20 21 1 4 1
4 21 21 4 1 1
20 30 21 4 1 1
24 30 21 4 1 1
26 5 21 4 1 1
8 21 21 3 1 1
30 28 21 1 2 1
34 24 21 1 2 1
43 14 21 1 2 1
36 13 21 1 2 1
18 5 21 2 1 1
18 30 21 2 1 1
0 15 21 1 1 1
2 13 21 1 1 1
3 21 21 1 1 1
13 9 21 1 1 1
13 26 21 1 1 1
15 7 21 1 1 1
15 28 21 1 1 1
23 31 21 1 1 1
26 4 21 1 1 1
28 30 21 1 1 1
31 28 21 1 1 1
32 7 21 1 1 1
34 9 21 1 1 1
35 24 21 1 1 1
42 15 21 1 1 1
44 23 21 1 1 1
46 15 21 1 1 1
46 22 21 1 1 1
0 16 22 8 2 1
0 18 22 8 2 1
8 14 22 8 2 1
8 16 22 8 2 1
8 18 22 8 2 1
8 20 22 8 2 1
16 6 22 8 2 1
16 8 22 8 2 1
16 10 22 8 2 1
16 12 22 8 2 1
16 14 22 8 2 1
16 16 22 8 2 1
16 18 22 8 2 1
16 20 22 8 2 1
16 22 22 8 2 1
16 24 22 8 2 1
16 26 22 8 2 1
16 28 22 8 2 1
24 6 22 8 2 1
24 8 22 8 2 1
24 10 22 8 2 1
24 12 22 8 2 1
24 14 22 8 2 1
24 16 22 8 2 1
24 18 22 8 2 1
24 20 22 8 2 1
24 22 22 8 2 1
24 24 22 8 2 1
24 26 22 8 2 1
32 16 22 8 2 1
32 18 22 8 2 1
32 20 22 8 2 1
40 16 22 8 2 1
40 18 22 8 2 1
40 20 22 8 2 1
20 4 22 8 2 1
32 8 22 2 8 1
4 14 22 4 2 1
4 20 22 4 2 1
12 10 22 4 2 1
12 12 22 4 2 1
12 22 22 4 2 1
12 24 22 4 2 1
24 28 22 4 2 1
32 22 22 4 2 1
32 24 22 2 4 1
34 12 22 2 4 1
2 14 22 2 2 1
2 20 22 2 2 1
14 8 22 2 2 1
14 26 22 2 2 1
28 28 22 2 2 1
34 10 22 2 2 1
42 22 22 2 2 1
23 30 22 2 2 1
4 13 22 4 1 1
8 13 22 4 1 1
19 30 22 4 1 1
25 30 22 4 1 1
41 15 22 4 1 1
44 22 22 3 1 1
36 13 22 1 3 1
0 15 22 2 1 1
18 5 22 2 1 1
28 5 22 2 1 1
30 28 22 2 1 1
34 24 22 2 1 1
40 22 22 2 1 1
45 15 22 2 1 1
11 22 22 1 2 1
13 8 22 1 2 1
11 11 22 1 2 1
1 14 22 1 1 1
1 20 22 1 1 1
3 13 22 1 1 1
13 26 22 1 1 1
15 7 22 1 1 1
15 28 22 1 1 1
30 29 22 1 1 1
32 7 22 1 1 1
34 9 22 1 1 1
34 25 22 1 1 1
36 22 22 1 1 1
43 14 22 1 1 1
44 23 22 1 1 1
12 16 23 2 8 1
14 8 23 2 8 1
14 16 23 2 8 1
16 16 23 2 8 1
18 16 23 2 8 1
20 8 23 2 8 1
20 16 23 2 8 1
22 8 23 2 8 1
22 16 23 2 8 1
22 24 23 2 8 1
24 8 23 2 8 1
24 16 23 2 8 1
26 16 23 2 8 1
28 16 23 2 8 1
30 8 23 2 8 1
30 16 23 2 8 1
32 8 23 2 8 1
32 16 23 2 8 1
34 16 23 2 8 1
42 16 23 2 8 1
3 14 23 2 8 1
5 14 23 2 8 1
7 14 23 2 8 1
9 14 23 2 8 1
44 15 23 2 8 1
24 24 23 8 2 1
24 26 23 8 2 1
12 24 23 8 2 1
14 26 23 8 2 1
12 12 23 2 4 1
16 12 23 2 4 1
18 12 23 2 4 1
20 4 23 2 4 1
22 4 23 2 4 1
24 4 23 2 4 1
26 12 23 2 4 1
28 12 23 2 4 1
32 24 23 2 4 1
34 12 23 2 4 1
40 16 23 2 4 1
46 16 23 2 4 1
1 15 23 2 4 1
16 10 23 4 2 1
16 28 23 4 2 1
24 28 23 4 2 1
36 18 23 4 2 1
26 10 23 4 2 1
12 10 23 2 2 1
20 24 23 2 2 1
20 28 23 2 2 1
28 28 23 2 2 1
30 6 23 2 2 1
34 10 23 2 2 1
40 20 23 2 2 1
46 20 23 2 2 1
1 19 23 2 2 1
11 12 23 1 4 1
11 16 23 1 4 1
11 20 23 1 4 1
26 4 23 1 4 1
36 12 23 1 4 1
24 30 23 4 1 1
18 30 23 4 1 1
34 24 23 1 3 1
0 16 23 1 3 1
36 20 23 1 3 1
30 28 23 3 1 1
17 9 23 3 1 1
26 9 23 3 1 1
41 15 23 3 1 1
13 8 23 1 2 1
36 16 23 1 2 1
14 7 23 2 1 1
2 14 23 1 1 1
10 13 23 1 1 1
11 11 23 1 1 1
13 26 23 1 1 1
15 28 23 1 1 1
24 31 23 1 1 1
26 8 23 1 1 1
28 30 23 1 1 1
30 29 23 1 1 1
32 7 23 1 1 1
34 9 23 1 1 1
35 24 23 1 1 1
37 17 23 1 1 1
39 17 23 1 1 1
39 20 23 1 1 1
41 22 23 1 1 1
43 14 23 1 1 1
44 23 23 1 1 1
46 15 23 1 1 1
46 22 23 1 1 1
8 16 24 8 2 1
8 18 24 8 2 1
16 10 24 8 2 1
16 12 24 8 2 1
16 14 24 8 2 1
16 16 24 8 2 1
16 18 24 8 2 1
16 20 24 8 2 1
16 22 24 8 2 1
16 24 24 8 2 1
16 26 24 8 2 1
16 28 24 8 2 1
24 10 24 8 2 1
24 12 24 8 2 1
24 14 24 8 2 1
24 16 24 8 2 1
24 18 24 8 2 1
24 20 24 8 2 1
24 22 24 8 2 1
24 24 24 8 2 1
24 26 24 8 2 1
40 16 24 8 2 1
40 18 24 8 2 1
40 20 24 8 2 1
32 8 24 2 8 1
32 16 24 2 8 1
34 16 24 2 8 1
13 8 24 2 8 1
14 20 24 2 8 1
4 16 24 4 2 1
4 18 24 4 2 1
20 4 24 4 2 1
20 8 24 4 2 1
24 28 24 4 2 1
10 20 24 4 2 1
21 6 24 4 2 1
22 30 24 4 2 1
2 16 24 2 4 1
32 24 24 2 4 1
34 12 24 2 4 1
11 11 24 2 4 1
12 22 24 2 4 1
24 4 24 2 2 1
24 8 24 2 2 1
28 28 24 2 2 1
34 10 24 2 2 1
36 16 24 2 2 1
42 22 24 2 2 1
4 15 24 4 1 1
4 20 24 4 1 1
8 15 24 4 1 1
18 30 24 4 1 1
41 15 24 4 1 1
15 12 24 1 4 1
36 12 24 1 4 1
36 18 24 1 4 1
39 17 24 1 4 1
30 28 24 3 1 1
17 9 24 3 1 1
26 9 24 3 1 1
26 30 24 3 1 1
44 22 24 3 1 1
15 9 24 1 3 1
34 24 24 1 3 1
1 16 24 1 3 1
11 22 24 1 3 1
31 7 24 1 3 1
2 15 24 2 1 1
8 20 24 2 1 1
45 15 24 2 1 1
25 6 24 1 2 1
10 13 24 1 2 1
12 9 24 1 2 1
3 20 24 1 1 1
12 15 24 1 1 1
13 26 24 1 1 1
14 7 24 1 1 1
15 28 24 1 1 1
20 6 24 1 1 1
26 8 24 1 1 1
30 29 24 1 1 1
32 7 24 1 1 1
34 9 24 1 1 1
35 24 24 1 1 1
36 22 24 1 1 1
37 18 24 1 1 1
41 22 24 1 1 1
43 14 24 1 1 1
44 23 24 1 1 1
12 16 25 2 8 1
14 16 25 2 8 1
16 16 25 2 8 1
18 16 25 2 8 1
20 8 25 2 8 1
20 16 25 2 8 1
22 8 25 2 8 1
22 16 25 2 8 1
22 24 25 2 8 1
24 8 25 2 8 1
24 16 25 2 8 1
24 24 25 2 8 1
26 16 25 2 8 1
28 16 25 2 8 1
30 16 25 2 8 1
32 8 25 2 8 1
32 16 25 2 8 1
34 16 25 2 8 1
42 16 25 2 8 1
10 13 25 2 8 1
13 8 25 2 8 1
44 15 25 2 8 1
12 24 25 8 2 1
14 26 25 8 2 1
26 24 25 8 2 1
26 26 25 8 2 1
16 12 25 2 4 1
18 12 25 2 4 1
22 4 25 2 4 1
24 4 25 2 4 1
26 12 25 2 4 1
28 12 25 2 4 1
30 12 25 2 4 1
34 12 25 2 4 1
36 16 25 2 4 1
40 16 25 2 4 1
46 16 25 2 4 1
16 10 25 4 2 1
16 28 25 4 2 1
28 28 25 4 2 1
26 10 25 4 2 1
20 24 25 2 2 1
20 28 25 2 2 1
26 28 25 2 2 1
34 10 25 2 2 1
34 24 25 2 2 1
40 20 25 2 2 1
46 20 25 2 2 1
11 11 25 2 2 1
15 12 25 1 4 1
21 4 25 1 4 1
36 12 25 1 4 1
11 21 25 1 4 1
39 17 25 1 4 1
18 30 25 4 1 1
26 30 25 4 1 1
12 13 25 1 3 1
36 20 25 1 3 1
17 9 25 3 1 1
26 9 25 3 1 1
41 15 25 3 1 1
15 10 25 1 2 1
30 10 25 1 2 1
12 9 25 1 2 1
40 22 25 2 1 1
43 14 25 2 1 1
10 21 25 1 1 1
13 26 25 1 1 1
15 28 25 1 1 1
21 31 25 1 1 1
26 8 25 1 1 1
31 11 25 1 1 1
32 7 25 1 1 1
32 28 25 1 1 1
34 9 25 1 1 1
34 26 25 1 1 1
44 23 25 1 1 1
46 15 25 1 1 1
46 22 25 1 1 1
16 10 26 8 2 1
16 12 26 8 2 1
16 14 26 8 2 1
16 16 26 8 2 1
16 18 26 8 2 1
16 20 26 8 2 1
16 22 26 8 2 1
16 24 26 8 2 1
16 26 26 8 2 1
16 28 26 8 2 1
24 12 26 8 2 1
24 14 26 8 2 1
24 16 26 8 2 1
24 18 26 8 2 1
24 20 26 8 2 1
24 22 26 8 2 1
24 24 26 8 2 1
24 26 26 8 2 1
24 28 26 8 2 1
40 16 26 8 2 1
40 18 26 8 2 1
40 20 26 8 2 1
12 16 26 2 8 1
14 16 26 2 8 1
32 8 26 2 8 1
32 16 26 2 8 1
34 16 26 2 8 1
10 13 26 2 8 1
13 8 26 2 8 1
24 4 26 2 8 1
12 24 26 4 2 1
20 8 26 4 2 1
32 24 26 4 2 1
21 30 26 4 2 1
26 10 26 4 2 1
22 4 26 2 4 1
34 12 26 2 4 1
36 16 26 2 4 1
14 26 26 2 2 1
32 26 26 2 2 1
34 10 26 2 2 1
42 22 26 2 2 1
11 11 26 2 2 1
25 30 26 2 2 1
41 15 26 4 1 1
15 12 26 1 4 1
21 4 26 1 4 1
36 12 26 1 4 1
36 20 26 1 4 1
11 21 26 1 4 1
39 17 26 1 4 1
18 30 26 3 1 1
27 30 26 3 1 1
17 9 26 3 1 1
26 9 26 3 1 1
44 22 26 3 1 1
12 13 26 1 3 1
30 11 26 2 1 1
32 7 26 2 1 1
40 22 26 2 1 1
45 15 26 2 1 1
13 26 26 1 2 1
12 9 26 1 2 1
10 21 26 1 1 1
15 11 26 1 1 1
15 28 26 1 1 1
26 8 26 1 1 1
30 10 26 1 1 1
32 28 26 1 1 1
34 9 26 1 1 1
34 26 26 1 1 1
37 15 26 1 1 1
43 14 26 1 1 1
44 23 26 1 1 1
12 16 27 2 8 1
14 16 27 2 8 1
16 16 27 2 8 1
18 16 27 2 8 1
20 8 27 2 8 1
20 16 27 2 8 1
20 24 27 2 8 1
22 8 27 2 8 1
22 16 27 2 8 1
22 24 27 2 8 1
24 8 27 2 8 1
24 16 27 2 8 1
24 24 27 2 8 1
26 16 27 2 8 1
28 16 27 2 8 1
30 16 27 2 8 1
32 8 27 2 8 1
32 16 27 2 8 1
34 16 27 2 8 1
42 16 27 2 8 1
10 13 27 2 8 1
13 8 27 2 8 1
44 15 27 2 8 1
12 24 27 8 2 1
26 24 27 8 2 1
26 26 27 8 2 1
16 12 27 2 4 1
18 12 27 2 4 1
22 4 27 2 4 1
24 4 27 2 4 1
26 12 27 2 4 1
28 12 27 2 4 1
30 12 27 2 4 1
34 12 27 2 4 1
36 16 27 2 4 1
40 16 27 2 4 1
46 16 27 2 4 1
16 26 27 2 4 1
18 26 27 2 4 1
16 10 27 4 2 1
28 28 27 4 2 1
26 10 27 4 2 1
14 26 27 2 2 1
26 28 27 2 2 1
34 10 27 2 2 1
34 24 27 2 2 1
40 20 27 2 2 1
46 20 27 2 2 1
10 21 27 2 2 1
11 10 27 2 2 1
12 12 27 1 4 1
15 12 27 1 4 1
21 4 27 1 4 1
36 12 27 1 4 1
36 20 27 1 4 1
39 17 27 1 4 1
26 30 27 4 1 1
26 9 27 3 1 1
41 15 27 3 1 1
13 26 27 1 2 1
15 10 27 1 2 1
30 10 27 1 2 1
11 23 27 1 2 1
18 9 27 2 1 1
18 30 27 2 1 1
32 7 27 2 1 1
40 22 27 2 1 1
11 12 27 1 1 1
12 9 27 1 1 1
15 28 27 1 1 1
26 8 27 1 1 1
26 31 27 1 1 1
31 11 27 1 1 1
32 28 27 1 1 1
34 9 27 1 1 1
34 26 27 1 1 1
37 15 27 1 1 1
37 20 27 1 1 1
43 14 27 1 1 1
44 23 27 1 1 1
46 15 27 1 1 1
46 22 27 1 1 1
16 10 28 8 2 1
16 12 28 8 2 1
16 14 28 8 2 1
16 16 28 8 2 1
16 18 28 8 2 1
16 20 28 8 2 1
16 22 28 8 2 1
16 24 28 8 2 1
16 26 28 8 2 1
16 28 28 8 2 1
24 12 28 8 2 1
24 14 28 8 2 1
24 16 28 8 2 1
24 18 28 8 2 1
24 20 28 8 2 1
24 22 28 8 2 1
24 24 28 8 2 1
24 26 28 8 2 1
24 28 28 8 2 1
40 16 28 8 2 1
40 18 28 8 2 1
40 20 28 8 2 1
20 30 28 8 2 1
12 16 28 2 8 1
14 16 28 2 8 1
32 8 28 2 8 1
32 16 28 2 8 1
34 16 28 2 8 1
10 13 28 2 8 1
13 8 28 2 8 1
24 4 28 2 8 1
12 24 28 4 2 1
20 8 28 4 2 1
32 24 28 4 2 1
26 10 28 4 2 1
34 14 28 4 2 1
22 4 28 2 4 1
36 16 28 2 4 1
34 10 28 2 4 1
14 26 28 2 2 1
32 26 28 2 2 1
42 22 28 2 2 1
10 21 28 2 2 1
11 10 28 2 2 1
43 14 28 2 2 1
12 12 28 1 4 1
15 12 28 1 4 1
21 4 28 1 4 1
36 20 28 1 4 1
39 17 28 1 4 1
17 30 28 3 1 1
26 9 28 3 1 1
44 22 28 3 1 1
12 26 28 2 1 1
14 28 28 2 1 1
18 9 28 2 1 1
28 30 28 2 1 1
30 11 28 2 1 1
32 7 28 2 1 1
40 22 28 2 1 1
41 15 28 2 1 1
45 15 28 2 1 1
15 10 28 1 2 1
36 12 28 1 2 1
11 23 28 1 2 1
11 12 28 1 1 1
12 9 28 1 1 1
13 27 28 1 1 1
26 8 28 1 1 1
30 10 28 1 1 1
32 28 28 1 1 1
34 9 28 1 1 1
34 26 28 1 1 1
37 20 28 1 1 1
44 23 28 1 1 1
12 16 29 2 8 1
14 16 29 2 8 1
16 16 29 2 8 1
18 16 29 2 8 1
20 8 29 2 8 1
20 16 29 2 8 1
20 24 29 2 8 1
22 8 29 2 8 1
22 16 29 2 8 1
22 24 29 2 8 1
24 8 29 2 8 1
24 16 29 2 8 1
24 24 29 2 8 1
26 16 29 2 8 1
26 24 29 2 8 1
28 16 29 2 8 1
30 16 29 2 8 1
32 8 29 2 8 1
32 16 29 2 8 1
34 16 29 2 8 1
42 16 29 2 8 1
10 13 29 2 8 1
13 8 29 2 8 1
44 15 29 2 8 1
12 24 29 8 2 1
28 24 29 8 2 1
16 12 29 2 4 1
18 12 29 2 4 1
22 4 29 2 4 1
24 4 29 2 4 1
26 12 29 2 4 1
28 12 29 2 4 1
30 12 29 2 4 1
34 12 29 2 4 1
36 16 29 2 4 1
40 16 29 2 4 1
46 16 29 2 4 1
16 26 29 2 4 1
18 26 29 2 4 1
28 26 29 2 4 1
30 26 29 2 4 1
16 10 29 4 2 1
26 10 29 4 2 1
14 26 29 2 2 1
32 26 29 2 2 1
34 10 29 2 2 1
36 14 29 2 2 1
40 20 29 2 2 1
46 20 29 2 2 1
10 21 29 2 2 1
11 10 29 2 2 1
12 12 29 1 4 1
15 12 29 1 4 1
21 4 29 1 4 1
36 20 29 1 4 1
39 17 29 1 4 1
36 11 29 1 3 1
17 30 29 3 1 1
26 9 29 3 1 1
41 15 29 3 1 1
13 26 29 1 2 1
30 10 29 1 2 1
34 8 29 1 2 1
11 23 29 1 2 1
14 28 29 2 1 1
18 9 29 2 1 1
28 30 29 2 1 1
32 7 29 2 1 1
40 22 29 2 1 1
43 14 29 2 1 1
11 12 29 1 1 1
12 9 29 1 1 1
12 26 29 1 1 1
14 7 29 1 1 1
15 11 29 1 1 1
26 8 29 1 1 1
31 11 29 1 1 1
32 28 29 1 1 1
34 26 29 1 1 1
37 20 29 1 1 1
44 23 29 1 1 1
46 15 29 1 1 1
46 22 29 1 1 1
16 10 30 8 2 1
16 12 30 8 2 1
16 14 30 8 2 1
16 16 30 8 2 1
16 18 30 8 2 1
16 20 30 8 2 1
16 22 30 8 2 1
16 24 30 8 2 1
16 26 30 8 2 1
16 28 30 8 2 1
24 10 30 8 2 1
24 12 30 8 2 1
24 14 30 8 2 1
24 16 30 8 2 1
24 18 30 8 2 1
24 20 30 8 2 1
24 22 30 8 2 1
24 24 30 8 2 1
24 26 30 8 2 1
24 28 30 8 2 1
40 16 30 8 2 1
40 18 30 8 2 1
40 20 30 8 2 1
19 30 30 8 2 1
12 16 30 2 8 1
14 16 30 2 8 1
32 8 30 2 8 1
32 16 30 2 8 1
34 16 30 2 8 1
10 12 30 2 8 1
13 8 30 2 8 1
36 14 30 2 8 1
12 24 30 4 2 1
20 4 30 4 2 1
20 6 30 4 2 1
20 8 30 4 2 1
32 24 30 4 2 1
24 4 30 2 4 1
34 12 30 2 4 1
10 20 30 2 2 1
14 26 30 2 2 1
24 8 30 2 2 1
32 26 30 2 2 1
34 10 30 2 2 1
11 10 30 2 2 1
31 6 30 2 2 1
43 22 30 2 2 1
41 15 30 4 1 1
12 12 30 1 4 1
15 12 30 1 4 1
39 17 30 1 4 1
27 30 30 3 1 1
26 9 30 3 1 1
11 22 30 1 3 1
36 11 30 1 3 1
12 26 30 2 1 1
14 28 30 2 1 1
18 9 30 2 1 1
17 30 30 2 1 1
41 22 30 2 1 1
45 15 30 2 1 1
45 22 30 2 1 1
34 8 30 1 2 1
36 22 30 1 2 1
9 17 30 1 2 1
10 22 30 1 1 1
12 9 30 1 1 1
13 27 30 1 1 1
14 7 30 1 1 1
15 11 30 1 1 1
23 3 30 1 1 1
26 8 30 1 1 1
27 31 30 1 1 1
31 8 30 1 1 1
32 28 30 1 1 1
33 7 30 1 1 1
34 26 30 1 1 1
12 16 31 2 8 1
14 8 31 2 8 1
14 16 31 2 8 1
16 16 31 2 8 1
18 16 31 2 8 1
20 8 31 2 8 1
20 16 31 2 8 1
20 24 31 2 8 1
22 8 31 2 8 1
22 16 31 2 8 1
22 24 31 2 8 1
24 8 31 2 8 1
24 16 31 2 8 1
24 24 31 2 8 1
26 16 31 2 8 1
26 24 31 2 8 1
28 16 31 2 8 1
30 8 31 2 8 1
30 16 31 2 8 1
32 8 31 2 8 1
32 16 31 2 8 1
34 16 31 2 8 1
10 12 31 2 8 1
36 13 31 2 8 1
41 15 31 2 8 1
43 15 31 2 8 1
12 24 31 8 2 1
19 4 31 8 2 1
28 24 31 8 2 1
12 12 31 2 4 1
16 12 31 2 4 1
18 12 31 2 4 1
26 12 31 2 4 1
28 12 31 2 4 1
34 12 31 2 4 1
16 26 31 2 4 1
18 26 31 2 4 1
28 26 31 2 4 1
30 26 31 2 4 1
45 16 31 2 4 1
16 10 31 4 2 1
20 6 31 4 2 1
26 10 31 4 2 1
10 20 31 2 2 1
12 10 31 2 2 1
14 26 31 2 2 1
24 6 31 2 2 1
30 6 31 2 2 1
32 26 31 2 2 1
34 10 31 2 2 1
45 20 31 2 2 1
40 16 31 1 4 1
26 6 31 1 4 1
36 21 31 1 4 1
47 17 31 1 4 1
11 22 31 1 3 1
13 7 31 1 3 1
17 30 31 3 1 1
11 10 31 1 2 1
13 26 31 1 2 1
15 6 31 1 2 1
19 8 31 1 2 1
32 6 31 1 2 1
34 8 31 1 2 1
40 20 31 1 2 1
9 17 31 1 2 1
36 11 31 1 2 1
14 28 31 2 1 1
28 30 31 2 1 1
23 3 31 2 1 1
27 9 31 2 1 1
10 22 31 1 1 1
12 9 31 1 1 1
12 26 31 1 1 1
14 7 31 1 1 1
18 9 31 1 1 1
19 6 31 1 1 1
19 31 31 1 1 1
32 28 31 1 1 1
33 7 31 1 1 1
34 26 31 1 1 1
37 21 31 1 1 1
39 19 31 1 1 1
45 15 31 1 1 1
45 22 31 1 1 1
16 6 32 8 2 1
16 8 32 8 2 1
16 10 32 8 2 1
16 12 32 8 2 1
16 14 32 8 2 1
16 16 32 8 2 1
16 18 32 8 2 1
16 20 32 8 2 1
16 22 32 8 2 1
16 24 32 8 2 1
16 26 32 8 2 1
16 28 32 8 2 1
24 6 32 8 2 1
24 8 32 8 2 1
24 10 32 8 2 1
24 12 32 8 2 1
24 14 32 8 2 1
24 16 32 8 2 1
24 18 32 8 2 1
24 20 32 8 2 1
24 22 32 8 2 1
24 24 32 8 2 1
24 26 32 8 2 1
24 28 32 8 2 1
18 4 32 8 2 1
19 30 32 8 2 1
12 16 32 2 8 1
14 8 32 2 8 1
14 16 32 2 8 1
32 8 32 2 8 1
32 16 32 2 8 1
34 16 32 2 8 1
10 12 32 2 8 1
36 13 32 2 8 1
43 15 32 2 8 1
12 24 32 4 2 1
32 24 32 4 2 1
12 12 32 2 4 1
34 12 32 2 4 1
40 17 32 2 4 1
45 17 32 2 4 1
10 20 32 2 2 1
12 10 32 2 2 1
14 26 32 2 2 1
26 4 32 2 2 1
32 26 32 2 2 1
34 10 32 2 2 1
27 30 32 4 1 1
42 16 32 1 4 1
36 21 32 1 4 1
13 7 32 3 1 1
22 3 32 3 1 1
28 5 32 3 1 1
9 16 32 1 3 1
11 22 32 1 3 1
42 20 32 1 3 1
12 9 32 2 1 1
12 26 32 2 1 1
14 28 32 2 1 1
16 5 32 2 1 1
32 7 32 2 1 1
17 30 32 2 1 1
45 21 32 2 1 1
11 10 32 1 2 1
34 8 32 1 2 1
34 26 32 1 2 1
36 11 32 1 2 1
10 22 32 1 1 1
13 8 32 1 1 1
13 27 32 1 1 1
15 6 32 1 1 1
15 29 32 1 1 1
27 31 32 1 1 1
28 4 32 1 1 1
32 6 32 1 1 1
32 28 32 1 1 1
37 21 32 1 1 1
41 16 32 1 1 1
41 21 32 1 1 1
45 16 32 1 1 1
8 16 33 2 8 1
10 16 33 2 8 1
12 8 33 2 8 1
12 16 33 2 8 1
14 8 33 2 8 1
14 16 33 2 8 1
14 24 33 2 8 1
16 8 33 2 8 1
16 16 33 2 8 1
16 24 33 2 8 1
18 8 33 2 8 1
18 16 33 2 8 1
18 24 33 2 8 1
20 8 33 2 8 1
20 16 33 2 8 1
20 24 33 2 8 1
22 8 33 2 8 1
22 16 33 2 8 1
22 24 33 2 8 1
24 8 33 2 8 1
24 16 33 2 8 1
24 24 33 2 8 1
26 8 33 2 8 1
26 16 33 2 8 1
26 24 33 2 8 1
28 8 33 2 8 1
28 16 33 2 8 1
28 24 33 2 8 1
30 8 33 2 8 1
30 16 33 2 8 1
30 24 33 2 8 1
32 8 33 2 8 1
32 16 33 2 8 1
32 24 33 2 8 1
34 8 33 2 8 1
34 16 33 2 8 1
36 8 33 2 8 1
36 16 33 2 8 1
38 16 33 2 8 1
16 4 33 8 2 1
16 6 33 8 2 1
24 4 33 8 2 1
24 6 33 8 2 1
24 32 33 8 2 1
19 2 33 8 2 1
8 12 33 2 4 1
10 12 33 2 4 1
10 24 33 2 4 1
12 24 33 2 4 1
34 24 33 2 4 1
36 24 33 2 4 1
38 12 33 2 4 1
42 17 33 2 4 1
44 17 33 2 4 1
12 6 33 4 2 1
20 32 33 4 2 1
32 6 33 4 2 1
10 10 33 2 2 1
12 28 33 2 2 1
18 32 33 2 2 1
34 28 33 2 2 1
27 2 33 2 2 1
40 16 33 1 4 1
20 34 33 4 1 1
24 34 33 4 1 1
9 24 33 1 3 1
38 24 33 1 3 1
7 17 33 1 3 1
11 7 33 1 3 1
15 32 33 3 1 1
13 5 33 3 1 1
29 3 33 3 1 1
32 5 33 3 1 1
9 10 33 1 2 1
11 28 33 1 2 1
13 30 33 1 2 1
34 30 33 1 2 1
36 28 33 1 2 1
38 10 33 1 2 1
40 20 33 1 2 1
17 3 33 2 1 1
8 24 33 1 1 1
10 9 33 1 1 1
12 30 33 1 1 1
15 4 33 1 1 1
17 33 33 1 1 1
19 34 33 1 1 1
28 34 33 1 1 1
32 4 33 1 1 1
32 32 33 1 1 1
35 30 33 1 1 1
36 7 33 1 1 1
37 28 33 1 1 1
39 24 33 1 1 1
40 15 33 1 1 1
41 19 33 1 1 1
8 8 34 8 2 1
8 10 34 8 2 1
8 12 34 8 2 1
8 14 34 8 2 1
8 16 34 8 2 1
8 18 34 8 2 1
8 20 34 8 2 1
8 22 34 8 2 1
8 24 34 8 2 1
8 26 34 8 2 1
16 2 34 8 2 1
16 4 34 8 2 1
16 6 34 8 2 1
16 8 34 8 2 1
16 10 34 8 2 1
16 12 34 8 2 1
16 14 34 8 2 1
16 16 34 8 2 1
16 18 34 8 2 1
16 20 34 8 2 1
16 22 34 8 2 1
16 24 34 8 2 1
16 26 34 8 2 1
16 28 34 8 2 1
16 30 34 8 2 1
16 32 34 8 2 1
16 34 34 8 2 1
24 2 34 8 2 1
24 4 34 8 2 1
24 6 34 8 2 1
24 8 34 8 2 1
24 10 34 8 2 1
24 12 34 8 2 1
24 14 34 8 2 1
24 16 34 8 2 1
24 18 34 8 2 1
24 20 34 8 2 1
24 22 34 8 2 1
24 24 34 8 2 1
24 26 34 8 2 1
24 28 34 8 2 1
24 30 34 8 2 1
24 32 34 8 2 1
24 34 34 8 2 1
32 8 34 8 2 1
32 10 34 8 2 1
32 12 34 8 2 1
32 14 34 8 2 1
32 16 34 8 2 1
32 18 34 8 2 1
32 20 34 8 2 1
32 22 34 8 2 1
32 24 34 8 2 1
32 26 34 8 2 1
18 0 34 8 2 1
6 16 34 2 8 1
40 16 34 2 8 1
12 4 34 4 2 1
12 6 34 4 2 1
12 28 34 4 2 1
12 30 34 4 2 1
32 4 34 4 2 1
32 6 34 4 2 1
32 28 34 4 2 1
32 30 34 4 2 1
6 12 34 2 4 1
10 28 34 2 4 1
36 28 34 2 4 1
40 12 34 2 4 1
10 6 34 2 2 1
14 2 34 2 2 1
14 32 34 2 2 1
26 0 34 2 2 1
32 2 34 2 2 1
32 32 34 2 2 1
36 6 34 2 2 1
20 36 34 4 1 1
24 36 34 4 1 1
28 1 34 4 1 1
40 24 34 1 4 1
42 16 34 1 4 1
34 32 34 3 1 1
7 24 34 1 3 1
40 9 34 1 3 1
5 17 34 1 3 1
8 28 34 2 1 1
10 5 34 2 1 1
12 32 34 2 1 1
14 34 34 2 1 1
16 1 34 2 1 1
28 36 34 2 1 1
32 34 34 2 1 1
36 5 34 2 1 1
38 28 34 2 1 1
7 10 34 1 2 1
6 24 34 1 1 1
9 7 34 1 1 1
9 29 34 1 1 1
13 3 34 1 1 1
13 33 34 1 1 1
19 36 34 1 1 1
28 0 34 1 1 1
34 3 34 1 1 1
34 33 34 1 1 1
36 4 34 1 1 1
38 7 34 1 1 1
38 29 34 1 1 1
41 24 34 1 1 1
42 15 34 1 1 1
42 20 34 1 1 1
6 16 35 2 8 1
8 8 35 2 8 1
8 16 35 2 8 1
10 8 35 2 8 1
10 16 35 2 8 1
10 24 35 2 8 1
12 8 35 2 8 1
12 16 35 2 8 1
12 24 35 2 8 1
14 8 35 2 8 1
14 16 35 2 8 1
14 24 35 2 8 1
16 8 35 2 8 1
16 16 35 2 8 1
16 24 35 2 8 1
18 0 35 2 8 1
18 8 35 2 8 1
18 16 35 2 8 1
18 24 35 2 8 1
20 0 35 2 8 1
20 8 35 2 8 1
20 16 35 2 8 1
20 24 35 2 8 1
22 0 35 2 8 1
22 8 35 2 8 1
22 16 35 2 8 1
22 24 35 2 8 1
24 0 35 2 8 1
24 8 35 2 8 1
24 16 35 2 8 1
24 24 35 2 8 1
26 0 35 2 8 1
26 8 35 2 8 1
26 16 35 2 8 1
26 24 35 2 8 1
28 0 35 2 8 1
28 8 35 2 8 1
28 16 35 2 8 1
28 24 35 2 8 1
30 8 35 2 8 1
30 16 35 2 8 1
30 24 35 2 8 1
32 8 35 2 8 1
32 16 35 2 8 1
32 24 35 2 8 1
34 8 35 2 8 1
34 16 35 2 8 1
34 24 35 2 8 1
36 8 35 2 8 1
36 16 35 2 8 1
36 24 35 2 8 1
38 8 35 2 8 1
38 16 35 2 8 1
40 16 35 2 8 1
16 32 35 8 2 1
16 34 35 8 2 1
24 32 35 8 2 1
24 34 35 8 2 1
9 6 35 8 2 1
30 5 35 8 2 1
6 12 35 2 4 1
8 24 35 2 4 1
38 24 35 2 4 1
40 12 35 2 4 1
14 2 35 2 4 1
16 1 35 2 4 1
30 1 35 2 4 1
12 32 35 4 2 1
32 32 35 4 2 1
32 3 35 4 2 1
12 4 35 2 2 1
40 24 35 2 2 1
5 16 35 1 4 1
7 24 35 1 4 1
42 16 35 1 4 1
20 36 35 4 1 1
24 36 35 4 1 1
32 7 35 4 1 1
36 7 35 4 1 1
7 9 35 1 3 1
40 9 35 1 3 1
9 28 35 1 3 1
17 5 35 1 3 1
38 28 35 1 3 1
42 20 35 1 3 1
5 20 35 1 2 1
11 4 35 1 2 1
40 26 35 1 2 1
42 14 35 1 2 1
14 34 35 2 1 1
18 36 35 2 1 1
28 36 35 2 1 1
30 7 35 2 1 1
32 2 35 2 1 1
32 34 35 2 1 1
5 15 35 1 1 1
6 24 35 1 1 1
8 28 35 1 1 1
10 5 35 1 1 1
11 32 35 1 1 1
13 3 35 1 1 1
16 5 35 1 1 1
36 4 35 1 1 1
36 32 35 1 1 1
38 6 35 1 1 1
39 28 35 1 1 1
41 11 35 1 1 1
8 8 36 8 2 1
8 10 36 8 2 1
8 12 36 8 2 1
8 14 36 8 2 1
8 16 36 8 2 1
8 18 36 8 2 1
8 20 36 8 2 1
8 22 36 8 2 1
8 24 36 8 2 1
8 26 36 8 2 1
16 2 36 8 2 1
16 4 36 8 2 1
16 6 36 8 2 1
16 8 36 8 2 1
16 10 36 8 2 1
16 12 36 8 2 1
16 14 36 8 2 1
16 16 36 8 2 1
16 18 36 8 2 1
16 20 36 8 2 1
16 22 36 8 2 1
16 24 36 8 2 1
16 26 36 8 2 1
16 28 36 8 2 1
16 30 36 8 2 1
16 32 36 8 2 1
16 34 36 8 2 1
24 2 36 8 2 1
24 4 36 8 2 1
24 6 36 8 2 1
24 8 36 8 2 1
24 10 36 8 2 1
24 12 36 8 2 1
24 14 36 8 2 1
24 16 36 8 2 1
24 18 36 8 2 1
24 20 36 8 2 1
24 22 36 8 2 1
24 24 36 8 2 1
24 26 36 8 2 1
24 28 36 8 2 1
24 30 36 8 2 1
24 32 36 8 2 1
24 34 36 8 2 1
32 8 36 8 2 1
32 10 36 8 2 1
32 12 36 8 2 1
32 14 36 8 2 1
32 16 36 8 2 1
32 18 36 8 2 1
32 20 36 8 2 1
32 22 36 8 2 1
32 24 36 8 2 1
32 26 36 8 2 1
32 28 36 8 2 1
18 0 36 8 2 1
6 16 36 2 8 1
40 16 36 2 8 1
12 4 36 4 2 1
12 6 36 4 2 1
12 28 36 4 2 1
12 30 36 4 2 1
32 4 36 4 2 1
32 6 36 4 2 1
32 30 36 4 2 1
32 32 36 4 2 1
26 0 36 4 2 1
6 12 36 2 4 1
10 28 36 2 4 1
40 12 36 2 4 1
10 6 36 2 2 1
14 2 36 2 2 1
14 32 36 2 2 1
32 2 36 2 2 1
36 6 36 2 2 1
36 30 36 2 2 1
40 24 36 2 2 1
20 36 36 4 1 1
24 36 36 4 1 1
5 16 36 1 4 1
7 24 36 1 4 1
42 16 36 1 4 1
11 32 36 3 1 1
7 9 36 1 3 1
40 9 36 1 3 1
9 28 36 1 3 1
42 20 36 1 3 1
10 5 36 2 1 1
14 34 36 2 1 1
16 1 36 2 1 1
18 36 36 2 1 1
28 36 36 2 1 1
30 1 36 2 1 1
32 34 36 2 1 1
34 3 36 2 1 1
36 5 36 2 1 1
5 20 36 1 2 1
9 6 36 1 2 1
38 6 36 1 2 1
40 26 36 1 2 1
42 14 36 1 2 1
5 15 36 1 1 1
6 24 36 1 1 1
8 28 36 1 1 1
11 4 36 1 1 1
13 3 36 1 1 1
13 33 36 1 1 1
36 4 36 1 1 1
36 32 36 1 1 1
38 30 36 1 1 1
41 11 36 1 1 1
6 16 37 2 8 1
8 8 37 2 8 1
8 16 37 2 8 1
10 8 37 2 8 1
10 16 37 2 8 1
10 24 37 2 8 1
12 8 37 2 8 1
12 16 37 2 8 1
12 24 37 2 8 1
14 8 37 2 8 1
14 16 37 2 8 1
14 24 37 2 8 1
16 8 37 2 8 1
16 16 37 2 8 1
16 24 37 2 8 1
18 0 37 2 8 1
18 8 37 2 8 1
18 16 37 2 8 1
18 24 37 2 8 1
20 0 37 2 8 1
20 8 37 2 8 1
20 16 37 2 8 1
20 24 37 2 8 1
22 0 37 2 8 1
22 8 37 2 8 1
22 16 37 2 8 1
22 24 37 2 8 1
24 0 37 2 8 1
24 8 37 2 8 1
24 16 37 2 8 1
24 24 37 2 8 1
26 0 37 2 8 1
26 8 37 2 8 1
26 16 37 2 8 1
26 24 37 2 8 1
28 0 37 2 8 1
28 8 37 2 8 1
28 16 37 2 8 1
28 24 37 2 8 1
30 8 37 2 8 1
30 16 37 2 8 1
30 24 37 2 8 1
32 8 37 2 8 1
32 16 37 2 8 1
32 24 37 2 8 1
34 8 37 2 8 1
34 16 37 2 8 1
34 24 37 2 8 1
36 8 37 2 8 1
36 16 37 2 8 1
36 24 37 2 8 1
38 8 37 2 8 1
38 16 37 2 8 1
40 16 37 2 8 1
16 32 37 8 2 1
16 34 37 8 2 1
24 32 37 8 2 1
24 34 37 8 2 1
9 6 37 8 2 1
30 5 37 8 2 1
6 12 37 2 4 1
8 24 37 2 4 1
38 24 37 2 4 1
40 12 37 2 4 1
14 2 37 2 4 1
16 1 37 2 4 1
30 1 37 2 4 1
32 32 37 4 2 1
32 3 37 4 2 1
12 4 37 2 2 1
14 32 37 2 2 1
40 24 37 2 2 1
5 16 37 1 4 1
7 24 37 1 4 1
42 16 37 1 4 1
20 36 37 4 1 1
24 36 37 4 1 1
32 7 37 4 1 1
7 9 37 1 3 1
40 9 37 1 3 1
9 28 37 1 3 1
17 5 37 1 3 1
38 28 37 1 3 1
42 20 37 1 3 1
36 7 37 3 1 1
11 32 37 3 1 1
5 20 37 1 2 1
11 4 37 1 2 1
40 26 37 1 2 1
42 14 37 1 2 1
12 3 37 2 1 1
14 34 37 2 1 1
18 36 37 2 1 1
28 36 37 2 1 1
30 7 37 2 1 1
32 2 37 2 1 1
32 34 37 2 1 1
5 15 37 1 1 1
6 24 37 1 1 1
8 28 37 1 1 1
10 5 37 1 1 1
13 33 37 1 1 1
16 5 37 1 1 1
36 4 37 1 1 1
36 32 37 1 1 1
38 6 37 1 1 1
39 28 37 1 1 1
41 11 37 1 1 1
8 8 38 8 2 1
8 10 38 8 2 1
8 12 38 8 2 1
8 14 38 8 2 1
8 16 38 8 2 1
8 18 38 8 2 1
8 20 38 8 2 1
8 22 38 8 2 1
8 24 38 8 2 1
8 26 38 8 2 1
16 2 38 8 2 1
16 4 38 8 2 1
16 6 38 8 2 1
16 8 38 8 2 1
16 10 38 8 2 1
16 12 38 8 2 1
16 14 38 8 2 1
16 16 38 8 2 1
16 18 38 8 2 1
16 20 38 8 2 1
16 22 38 8 2 1
16 24 38 8 2 1
16 26 38 8 2 1
16 28 38 8 2 1
16 30 38 8 2 1
16 32 38 8 2 1
16 34 38 8 2 1
24 2 38 8 2 1
24 4 38 8 2 1
24 6 38 8 2 1
24 8 38 8 2 1
24 10 38 8 2 1
24 12 38 8 2 1
24 14 38 8 2 1
24 16 38 8 2 1
24 18 38 8 2 1
24 20 38 8 2 1
24 22 38 8 2 1
24 24 38 8 2 1
24 26 38 8 2 1
24 28 38 8 2 1
24 30 38 8 2 1
24 32 38 8 2 1
24 34 38 8 2 1
32 8 38 8 2 1
32 10 38 8 2 1
32 12 38 8 2 1
32 14 38 8 2 1
32 16 38 8 2 1
32 18 38 8 2 1
32 20 38 8 2 1
32 22 38 8 2 1
32 24 38 8 2 1
32 26 38 8 2 1
19 0 38 8 2 1
6 16 38 2 8 1
40 16 38 2 8 1
12 4 38 4 2 1
12 6 38 4 2 1
12 28 38 4 2 1
12 30 38 4 2 1
32 4 38 4 2 1
32 6 38 4 2 1
32 28 38 4 2 1
32 30 38 4 2 1
6 12 38 2 4 1
10 28 38 2 4 1
36 28 38 2 4 1
40 12 38 2 4 1
10 6 38 2 2 1
14 2 38 2 2 1
14 32 38 2 2 1
32 2 38 2 2 1
32 32 38 2 2 1
36 6 38 2 2 1
27 0 38 2 2 1
20 36 38 4 1 1
24 36 38 4 1 1
40 24 38 1 4 1
42 16 38 1 4 1
16 1 38 3 1 1
29 1 38 3 1 1
34 32 38 3 1 1
7 24 38 1 3 1
8 28 38 2 1 1
10 5 38 2 1 1
12 32 38 2 1 1
14 34 38 2 1 1
32 34 38 2 1 1
36 5 38 2 1 1
38 28 38 2 1 1
5 18 38 1 2 1
7 10 38 1 2 1
40 10 38 1 2 1
6 24 38 1 1 1
9 7 38 1 1 1
9 29 38 1 1 1
13 3 38 1 1 1
13 33 38 1 1 1
19 36 38 1 1 1
28 36 38 1 1 1
34 3 38 1 1 1
34 33 38 1 1 1
36 4 38 1 1 1
38 7 38 1 1 1
38 29 38 1 1 1
41 24 38 1 1 1
42 20 38 1 1 1
8 16 39 2 8 1
10 8 39 2 8 1
10 16 39 2 8 1
12 8 39 2 8 1
12 16 39 2 8 1
14 8 39 2 8 1
14 16 39 2 8 1
14 24 39 2 8 1
16 8 39 2 8 1
16 16 39 2 8 1
16 24 39 2 8 1
18 8 39 2 8 1
18 16 39 2 8 1
18 24 39 2 8 1
20 8 39 2 8 1
20 16 39 2 8 1
20 24 39 2 8 1
22 8 39 2 8 1
22 16 39 2 8 1
22 24 39 2 8 1
24 8 39 2 8 1
24 16 39 2 8 1
24 24 39 2 8 1
26 8 39 2 8 1
26 16 39 2 8 1
26 24 39 2 8 1
28 8 39 2 8 1
28 16 39 2 8 1
28 24 39 2 8 1
30 8 39 2 8 1
30 16 39 2 8 1
30 24 39 2 8 1
32 8 39 2 8 1
32 16 39 2 8 1
32 24 39 2 8 1
34 8 39 2 8 1
34 16 39 2 8 1
36 8 39 2 8 1
36 16 39 2 8 1
38 16 39 2 8 1
16 4 39 8 2 1
16 6 39 8 2 1
24 4 39 8 2 1
24 6 39 8 2 1
17 32 39 8 2 1
19 2 39 8 2 1
8 12 39 2 4 1
10 24 39 2 4 1
12 24 39 2 4 1
14 4 39 2 4 1
34 24 39 2 4 1
36 24 39 2 4 1
38 12 39 2 4 1
32 6 39 4 2 1
25 32 39 4 2 1
12 6 39 2 2 1
12 28 39 2 2 1
34 28 39 2 2 1
27 2 39 2 2 1
29 32 39 2 2 1
7 16 39 1 4 1
20 34 39 4 1 1
24 34 39 4 1 1
9 24 39 1 3 1
16 3 39 3 1 1
32 5 39 3 1 1
9 10 39 1 2 1
38 10 39 1 2 1
38 24 39 1 2 1
40 17 39 1 2 1
15 32 39 2 1 1
29 3 39 2 1 1
31 32 39 2 1 1
11 7 39 1 1 1
11 28 39 1 1 1
13 5 39 1 1 1
13 30 39 1 1 1
32 4 39 1 1 1
34 30 39 1 1 1
36 7 39 1 1 1
36 28 39 1 1 1
16 6 40 8 2 1
16 8 40 8 2 1
16 10 40 8 2 1
16 12 40 8 2 1
16 14 40 8 2 1
16 16 40 8 2 1
16 18 40 8 2 1
16 20 40 8 2 1
16 22 40 8 2 1
16 24 40 8 2 1
16 26 40 8 2 1
16 28 40 8 2 1
24 6 40 8 2 1
24 8 40 8 2 1
24 10 40 8 2 1
24 12 40 8 2 1
24 14 40 8 2 1
24 16 40 8 2 1
24 18 40 8 2 1
24 20 40 8 2 1
24 22 40 8 2 1
24 24 40 8 2 1
24 26 40 8 2 1
24 28 40 8 2 1
17 30 40 8 2 1
20 4 40 8 2 1
10 16 40 2 8 1
12 16 40 2 8 1
14 8 40 2 8 1
14 16 40 2 8 1
32 8 40 2 8 1
32 16 40 2 8 1
34 16 40 2 8 1
36 16 40 2 8 1
12 24 40 4 2 1
12 26 40 4 2 1
32 24 40 4 2 1
10 12 40 4 2 1
10 14 40 4 2 1
25 30 40 4 2 1
34 13 40 4 2 1
12 10 40 2 2 1
14 28 40 2 2 1
32 26 40 2 2 1
34 10 40 2 2 1
20 32 40 4 1 1
24 32 40 4 1 1
34 15 40 4 1 1
9 16 40 1 4 1
17 5 40 3 1 1
29 30 40 3 1 1
34 12 40 3 1 1
10 24 40 2 1 1
12 9 40 2 1 1
14 7 40 2 1 1
28 5 40 2 1 1
32 28 40 2 1 1
34 26 40 2 1 1
15 30 40 2 1 1
9 20 40 1 2 1
36 24 40 1 2 1
9 15 40 1 1 1
11 11 40 1 1 1
11 25 40 1 1 1
13 8 40 1 1 1
13 28 40 1 1 1
15 6 40 1 1 1
29 31 40 1 1 1
32 7 40 1 1 1
32 29 40 1 1 1
34 9 40 1 1 1
34 27 40 1 1 1
36 11 40 1 1 1
10 16 41 2 8 1
12 16 41 2 8 1
14 8 41 2 8 1
14 16 41 2 8 1
16 8 41 2 8 1
16 16 41 2 8 1
18 8 41 2 8 1
18 16 41 2 8 1
18 24 41 2 8 1
20 8 41 2 8 1
20 16 41 2 8 1
20 24 41 2 8 1
22 8 41 2 8 1
22 16 41 2 8 1
22 24 41 2 8 1
24 8 41 2 8 1
24 16 41 2 8 1
24 24 41 2 8 1
26 8 41 2 8 1
26 16 41 2 8 1
26 24 41 2 8 1
28 8 41 2 8 1
28 16 41 2 8 1
28 24 41 2 8 1
30 8 41 2 8 1
30 16 41 2 8 1
32 8 41 2 8 1
32 16 41 2 8 1
34 16 41 2 8 1
16 6 41 8 2 1
12 12 41 2 4 1
14 24 41 2 4 1
16 24 41 2 4 1
24 4 41 2 4 1
30 24 41 2 4 1
32 24 41 2 4 1
34 12 41 2 4 1
36 16 41 2 4 1
26 5 41 4 2 1
10 14 41 2 2 1
12 10 41 2 2 1
12 24 41 2 2 1
16 28 41 2 2 1
22 4 41 2 2 1
30 28 41 2 2 1
34 10 41 2 2 1
34 24 41 2 2 1
36 20 41 2 2 1
36 12 41 1 4 1
28 7 41 4 1 1
18 5 41 4 1 1
21 32 41 4 1 1
11 11 41 1 3 1
36 22 41 1 3 1
11 24 41 1 2 1
13 26 41 1 2 1
15 28 41 1 2 1
32 28 41 1 2 1
34 26 41 1 2 1
16 30 41 2 1 1
26 7 41 2 1 1
10 13 41 1 1 1
12 26 41 1 1 1
13 9 41 1 1 1
14 28 41 1 1 1
15 7 41 1 1 1
21 4 41 1 1 1
25 32 41 1 1 1
30 6 41 1 1 1
30 30 41 1 1 1
32 7 41 1 1 1
33 28 41 1 1 1
34 9 41 1 1 1
35 26 41 1 1 1
37 15 41 1 1 1
16 8 42 8 2 1
16 10 42 8 2 1
16 12 42 8 2 1
16 14 42 8 2 1
16 16 42 8 2 1
16 18 42 8 2 1
16 20 42 8 2 1
16 22 42 8 2 1
16 24 42 8 2 1
16 26 42 8 2 1
16 28 42 8 2 1
24 8 42 8 2 1
24 10 42 8 2 1
24 12 42 8 2 1
24 14 42 8 2 1
24 16 42 8 2 1
24 18 42 8 2 1
24 20 42 8 2 1
24 22 42 8 2 1
24 24 42 8 2 1
24 26 42 8 2 1
24 28 42 8 2 1
17 6 42 8 2 1
19 30 42 8 2 1
12 16 42 2 8 1
14 8 42 2 8 1
14 16 42 2 8 1
32 16 42 2 8 1
34 16 42 2 8 1
12 24 42 4 2 1
32 12 42 4 2 1
32 14 42 4 2 1
32 24 42 4 2 1
25 5 42 4 2 1
10 16 42 2 4 1
12 12 42 2 4 1
10 20 42 2 2 1
12 10 42 2 2 1
14 26 42 2 2 1
32 10 42 2 2 1
32 26 42 2 2 1
27 30 42 2 2 1
29 6 42 2 2 1
20 5 42 4 1 1
25 7 42 4 1 1
11 12 42 1 4 1
36 16 42 1 4 1
36 20 42 1 4 1
11 22 42 1 3 1
36 13 42 1 3 1
12 26 42 2 1 1
14 28 42 2 1 1
32 9 42 2 1 1
34 11 42 2 1 1
15 7 42 2 1 1
17 30 42 2 1 1
29 30 42 2 1 1
10 15 42 1 1 1
13 9 42 1 1 1
13 27 42 1 1 1
15 29 42 1 1 1
19 5 42 1 1 1
24 5 42 1 1 1
31 7 42 1 1 1
32 8 42 1 1 1
32 28 42 1 1 1
34 10 42 1 1 1
34 26 42 1 1 1
37 18 42 1 1 1
12 16 43 2 8 1
14 16 43 2 8 1
16 8 43 2 8 1
16 16 43 2 8 1
18 8 43 2 8 1
18 16 43 2 8 1
20 8 43 2 8 1
20 16 43 2 8 1
22 8 43 2 8 1
22 16 43 2 8 1
24 8 43 2 8 1
24 16 43 2 8 1
26 8 43 2 8 1
26 16 43 2 8 1
28 8 43 2 8 1
28 16 43 2 8 1
30 8 43 2 8 1
30 16 43 2 8 1
32 16 43 2 8 1
34 16 43 2 8 1
16 24 43 8 2 1
16 26 43 8 2 1
24 24 43 8 2 1
24 26 43 8 2 1
17 28 43 8 2 1
19 6 43 8 2 1
12 12 43 2 4 1
14 12 43 2 4 1
14 24 43 2 4 1
32 12 43 2 4 1
25 28 43 4 2 1
14 10 43 2 2 1
32 10 43 2 2 1
32 24 43 2 2 1
34 14 43 2 2 1
27 6 43 2 2 1
29 28 43 2 2 1
11 16 43 1 4 1
11 20 43 1 4 1
36 16 43 1 4 1
20 30 43 4 1 1
24 30 43 4 1 1
34 11 43 1 3 1
11 14 43 1 2 1
13 10 43 1 2 1
13 24 43 1 2 1
15 8 43 1 2 1
32 26 43 1 2 1
15 28 43 2 1 1
17 7 43 2 1 1
29 7 43 2 1 1
12 24 43 1 1 1
14 9 43 1 1 1
19 30 43 1 1 1
23 5 43 1 1 1
23 31 43 1 1 1
28 30 43 1 1 1
31 28 43 1 1 1
32 9 43 1 1 1
33 26 43 1 1 1
34 24 43 1 1 1
35 13 43 1 1 1
36 20 43 1 1 1
16 10 44 8 2 1
16 12 44 8 2 1
16 14 44 8 2 1
16 16 44 8 2 1
16 18 44 8 2 1
16 20 44 8 2 1
16 22 44 8 2 1
16 24 44 8 2 1
16 26 44 8 2 1
24 10 44 8 2 1
24 12 44 8 2 1
24 14 44 8 2 1
24 16 44 8 2 1
24 18 44 8 2 1
24 20 44 8 2 1
24 22 44 8 2 1
24 24 44 8 2 1
24 26 44 8 2 1
18 8 44 8 2 1
14 16 44 2 8 1
32 16 44 2 8 1
24 28 44 4 2 1
26 8 44 4 2 1
12 16 44 2 4 1
14 12 44 2 4 1
32 12 44 2 4 1
34 16 44 2 4 1
12 20 44 2 2 1
14 24 44 2 2 1
22 28 44 2 2 1
20 7 44 4 1 1
24 7 44 4 1 1
18 28 44 4 1 1
34 20 44 1 4 1
32 24 44 1 3 1
13 13 44 1 3 1
34 13 44 1 3 1
14 11 44 2 1 1
16 9 44 2 1 1
28 28 44 2 1 1
30 9 44 2 1 1
32 11 44 2 1 1
13 22 44 1 2 1
12 15 44 1 1 1
15 10 44 1 1 1
15 26 44 1 1 1
19 7 44 1 1 1
19 29 44 1 1 1
21 29 44 1 1 1
23 6 44 1 1 1
28 7 44 1 1 1
30 8 44 1 1 1
32 10 44 1 1 1
33 24 44 1 1 1
35 20 44 1 1 1
16 16 45 2 8 1
18 16 45 2 8 1
20 16 45 2 8 1
22 16 45 2 8 1
24 16 45 2 8 1
26 16 45 2 8 1
28 16 45 2 8 1
30 16 45 2 8 1
16 12 45 8 2 1
16 14 45 8 2 1
24 12 45 8 2 1
24 14 45 8 2 1
17 24 45 8 2 1
18 10 45 8 2 1
14 16 45 2 4 1
25 24 45 2 4 1
21 26 45 4 2 1
26 10 45 4 2 1
27 24 45 4 2 1
32 16 45 2 2 1
32 18 45 1 4 1
20 9 45 4 1 1
24 9 45 4 1 1
15 13 45 1 3 1
15 20 45 1 3 1
18 26 45 3 1 1
27 26 45 3 1 1
32 14 45 1 2 1
14 15 45 1 1 1
14 20 45 1 1 1
16 24 45 1 1 1
17 11 45 1 1 1
30 11 45 1 1 1
31 24 45 1 1 1
32 22 45 1 1 1
33 19 45 1 1 1
18 16 46 8 2 1
18 18 46 8 2 1
19 14 46 8 2 1
19 20 46 8 2 1
21 12 46 4 2 1
21 22 46 4 2 1
26 16 46 4 2 1
26 18 46 4 2 1
25 12 46 2 2 1
25 22 46 2 2 1
27 20 46 2 2 1
22 24 46 4 1 1
22 11 46 3 1 1
19 22 46 2 1 1
27 15 46 2 1 1
18 20 46 1 1 1
23 25 46 1 1 1
27 14 46 1 1 1
27 22 46 1 1 1
22 14 47 2 8 1
24 13 47 2 8 1
24 21 47 2 2 1
22 22 47 2 1 1
23 13 47 1 1 1
22 14 48 2 8 1
24 14 48 2 8 1
22 16 49 2 4 1
24 16 49 2 4 1
22 15 49 4 1 1
22 20 49 4 1 1
