14 18 0 2 8 1 0
10 18 0 2 8 1 0
16 21 0 1 4 1 0
9 21 0 1 4 1 0
17 20 0 1 4 1 0
18 19 0 1 4 1 0
6 19 0 2 4 1 0
8 9 0 2 4 1 0
12 9 0 2 4 1 0
5 18 0 1 4 1 0
6 10 0 2 3 1 0
14 10 0 1 4 1 0
7 13 0 3 1 1 0
12 13 0 2 1 1 0
16 13 0 2 4 1 0
13 16 0 3 2 1 0
5 16 0 4 2 1 0
18 15 0 1 4 1 0
12 18 0 2 8 1 0
8 19 0 1 4 1 0
10 10 0 2 3 1 0
6 18 0 4 1 1 0
15 13 0 1 3 1 0
16 17 0 1 4 1 0
9 19 0 1 2 1 0
17 17 0 1 3 1 0
14 18 1 2 8 1 0
9 18 1 2 8 1 0
16 17 1 2 8 1 0
8 21 1 1 4 1 0
7 20 1 1 4 1 0
18 19 1 1 4 1 0
6 19 1 1 4 1 0
5 18 1 1 4 1 0
7 10 1 8 2 1 0
7 12 1 3 2 1 0
12 12 1 3 2 1 0
16 13 1 2 4 1 0
13 16 1 3 2 1 0
5 16 1 4 2 1 0
18 15 1 1 4 1 0
12 18 1 2 8 1 0
11 22 1 1 4 1 0
10 12 1 2 1 1 0
9 17 1 4 1 1 0
15 13 1 1 3 1 0
11 18 1 1 4 1 0
8 18 1 1 3 1 0
7 18 1 1 2 1 0
6 18 1 1 1 1 0
6 12 2 4 1 1 0
11 12 2 4 1 1 0
14 18 2 2 8 1 0
9 18 2 2 8 1 0
16 21 2 1 4 1 0
8 21 2 1 4 1 0
17 20 2 1 4 1 0
6 16 2 2 8 1 0
18 18 2 1 4 1 0
5 18 2 1 4 1 0
7 11 2 3 1 1 0
12 11 2 3 1 1 0
15 17 2 4 1 1 0
5 17 2 1 1 1 0
7 13 2 3 1 1 0
12 13 2 3 1 1 0
16 14 2 2 3 1 0
12 18 2 2 8 1 0
11 22 2 1 4 1 0
12 16 2 4 1 1 0
8 16 2 4 2 1 0
16 18 2 2 2 1 0
16 20 2 1 1 1 0
12 17 2 3 1 1 0
11 18 2 1 4 1 0
8 18 2 1 3 1 0
11 14 3 1 4 1 0
10 24 3 4 2 1 0
8 23 3 2 3 1 0
14 21 3 1 4 1 0
7 21 3 1 4 1 0
6 20 3 1 4 1 0
15 19 3 1 4 1 0
5 19 3 1 4 1 0
16 18 3 1 4 1 0
7 11 3 2 4 1 0
9 11 3 1 3 1 0
12 11 3 3 2 1 0
6 12 3 1 2 1 0
13 17 3 4 1 1 0
5 17 3 3 2 1 0
12 13 3 3 1 1 0
13 14 3 2 1 1 0
12 16 3 4 1 1 0
6 16 3 4 1 1 0
13 22 3 1 2 1 0
8 15 3 3 1 1 0
12 15 3 2 1 1 0
10 23 3 3 1 1 0
14 18 3 1 3 1 0
7 19 3 1 2 1 0
12 17 3 1 1 1 0
8 17 3 3 1 1 0
6 19 3 1 1 1 0
15 18 3 1 1 1 0
10 16 3 1 1 1 0
9 24 4 4 2 1 0
8 23 4 1 3 1 0
13 22 4 1 3 1 0
7 21 4 1 4 1 0
14 20 4 1 4 1 0
6 20 4 1 4 1 0
15 19 4 1 4 1 0
5 19 4 1 4 1 0
16 18 4 1 4 1 0
7 11 4 2 4 1 0
9 11 4 1 4 1 0
11 11 4 2 4 1 0
13 11 4 2 4 1 0
6 12 4 1 3 1 0
15 12 4 1 3 1 0
14 16 4 3 2 1 0
5 16 4 2 3 1 0
10 13 4 1 4 1 0
7 15 4 3 2 1 0
11 15 4 4 1 1 0
9 23 4 4 1 1 0
7 17 4 1 4 1 0
14 18 4 1 2 1 0
11 16 4 3 1 1 0
6 19 4 1 1 1 0
15 18 4 1 1 1 0
9 24 5 3 2 1 0
12 22 5 2 3 1 0
7 22 5 2 3 1 0
14 20 5 1 4 1 0
6 20 5 1 4 1 0
15 19 5 1 4 1 0
5 19 5 1 4 1 0
16 18 5 1 4 1 0
9 10 5 4 2 1 0
6 11 5 2 4 1 0
13 11 5 2 4 1 0
15 12 5 1 3 1 0
14 17 5 3 1 1 0
13 16 5 3 1 1 0
5 16 5 3 2 1 0
8 13 5 1 4 1 0
8 11 5 1 2 1 0
5 18 5 3 1 1 0
7 15 5 1 1 1 0
11 15 5 4 1 1 0
9 23 5 3 1 1 0
7 19 5 1 3 1 0
14 18 5 1 2 1 0
9 12 5 2 4 1 0
6 19 5 1 1 1 0
15 18 5 1 1 1 0
11 12 5 2 3 1 0
10 23 6 1 3 1 0
12 14 6 4 1 1 0
12 22 6 2 3 1 0
8 22 6 2 3 1 0
14 20 6 1 4 1 0
7 20 6 1 4 1 0
15 19 6 1 4 1 0
6 19 6 1 4 1 0
16 18 6 1 4 1 0
5 18 6 1 4 1 0
9 9 6 2 4 1 0
11 9 6 2 3 1 0
8 10 6 1 4 1 0
13 10 6 1 4 1 0
6 11 6 2 8 1 0
14 11 6 2 3 1 0
14 17 6 3 1 1 0
5 17 6 1 1 1 0
11 22 6 1 3 1 0
11 12 6 1 2 1 0
8 14 6 3 1 1 0
13 15 6 3 2 1 0
8 15 6 1 2 1 0
14 18 6 1 2 1 0
7 19 6 1 1 1 0
10 13 6 1 1 1 0
15 18 6 1 1 1 0
10 9 7 1 4 1 0
9 23 7 4 2 1 0
8 21 7 1 4 1 0
13 21 7 2 3 1 0
7 20 7 1 4 1 0
15 19 7 1 4 1 0
6 19 7 1 4 1 0
8 9 7 2 3 1 0
11 9 7 2 3 1 0
16 18 7 1 3 1 0
5 18 7 1 3 1 0
7 10 7 1 4 1 0
13 10 7 2 8 1 0
6 11 7 1 4 1 0
15 11 7 1 4 1 0
7 14 7 2 4 1 0
15 15 7 1 4 1 0
6 15 7 1 4 1 0
9 22 7 4 1 1 0
14 18 7 1 3 1 0
7 18 7 1 2 1 0
8 12 7 1 2 1 0
9 23 8 4 2 1 0
13 20 8 1 4 1 0
7 16 8 2 8 1 0
14 19 8 1 4 1 0
11 8 8 2 3 1 0
15 18 8 1 4 1 0
6 18 8 1 4 1 0
8 9 8 2 3 1 0
13 9 8 2 8 1 0
7 10 8 1 4 1 0
6 11 8 1 4 1 0
15 11 8 1 4 1 0
10 9 8 1 3 1 0
15 15 8 1 3 1 0
6 15 8 1 3 1 0
9 22 8 4 1 1 0
13 17 8 1 3 1 0
8 12 8 1 4 1 0
14 17 8 1 2 1 0
7 14 8 1 2 1 0
10 22 9 2 3 1 0
12 21 9 2 3 1 0
8 21 9 2 3 1 0
14 19 9 1 4 1 0
7 19 9 1 4 1 0
9 8 9 4 2 1 0
15 18 9 1 4 1 0
6 18 9 1 4 1 0
7 9 9 2 8 1 0
13 9 9 2 8 1 0
6 11 9 1 4 1 0
15 11 9 1 4 1 0
13 17 9 3 1 1 0
6 17 9 3 1 1 0
15 15 9 1 2 1 0
6 15 9 1 2 1 0
9 10 9 4 1 1 0
13 18 9 1 3 1 0
8 18 9 1 3 1 0
14 18 9 1 1 1 0
7 18 9 1 1 1 0
9 22 10 4 2 1 0
13 19 10 1 4 1 0
7 15 10 2 8 1 0
9 8 10 4 2 1 0
14 18 10 1 4 1 0
7 9 10 2 4 1 0
13 9 10 2 8 1 0
15 16 10 1 4 1 0
6 16 10 1 4 1 0
6 11 10 1 4 1 0
15 12 10 1 4 1 0
12 20 10 1 2 1 0
9 20 10 1 2 1 0
12 10 10 1 2 1 0
6 15 10 1 1 1 0
10 21 10 2 1 1 0
9 10 10 3 1 1 0
13 17 10 1 2 1 0
7 13 10 2 2 1 0
14 17 10 1 1 1 0
10 20 11 2 4 1 0
12 19 11 2 4 1 0
8 19 11 2 4 1 0
8 8 11 4 2 1 0
12 8 11 2 4 1 0
7 18 11 1 4 1 0
7 9 11 1 4 1 0
14 17 11 1 4 1 0
14 10 11 1 4 1 0
6 15 11 1 4 1 0
6 12 11 1 3 1 0
15 14 11 1 4 1 0
15 13 11 1 1 1 0
10 19 11 1 1 1 0
8 10 11 2 2 1 0
12 18 11 2 1 1 0
12 12 11 2 1 1 0
10 10 11 2 1 1 0
8 15 11 1 4 1 0
8 12 11 1 3 1 0
13 14 11 1 4 1 0
13 13 11 1 1 1 0
7 14 11 1 4 1 0
7 13 11 1 1 1 0
14 14 11 1 3 1 0
10 6 12 2 4 1 0
9 7 12 1 4 1 0
12 7 12 1 4 1 0
11 19 12 2 4 1 0
9 19 12 2 4 1 0
8 8 12 1 4 1 0
13 8 12 1 4 1 0
13 18 12 1 4 1 0
8 18 12 1 4 1 0
7 9 12 1 4 1 0
14 9 12 1 4 1 0
14 16 12 1 4 1 0
7 16 12 1 4 1 0
9 18 12 2 1 1 0
7 13 12 2 3 1 0
13 13 12 2 3 1 0
12 15 12 1 4 1 0
9 11 12 1 4 1 0
12 11 12 1 4 1 0
8 16 12 2 2 1 0
9 15 12 1 1 1 0
8 12 12 1 1 1 0
13 12 12 1 1 1 0
13 16 12 1 2 1 0
15 7 13 1 2 1 0
7 15 13 4 1 1 0
10 4 13 2 4 1 0
9 5 13 1 4 1 0
12 5 13 1 4 1 0
8 6 13 1 4 1 0
13 6 13 1 4 1 0
6 7 13 2 2 1 0
10 18 13 2 4 1 0
12 17 13 1 4 1 0
9 17 13 1 4 1 0
13 16 13 1 4 1 0
8 16 13 1 4 1 0
6 10 13 3 2 1 0
14 14 13 1 4 1 0
7 16 13 1 2 1 0
9 9 13 1 1 1 0
10 17 13 1 1 1 0
7 12 13 3 2 1 0
14 8 13 1 4 1 0
7 9 13 1 1 1 0
12 12 13 3 2 1 0
7 14 13 3 1 1 0
10 8 13 2 1 1 0
12 9 13 1 3 1 0
9 16 13 1 1 1 0
12 14 13 1 3 1 0
13 10 13 1 2 1 0
13 14 13 1 2 1 0
11 17 14 1 3 1 0
17 14 14 1 2 1 0
9 3 14 2 4 1 0
11 3 14 1 4 1 0
12 4 14 1 4 1 0
8 5 14 1 4 1 0
13 5 14 1 4 1 0
7 6 14 1 4 1 0
14 6 14 2 4 1 0
6 7 14 1 4 1 0
16 7 14 1 2 1 0
5 8 14 1 2 1 0
13 10 14 3 1 1 0
12 15 14 1 4 1 0
6 11 14 3 1 1 0
9 15 14 2 4 1 0
7 12 14 3 1 1 0
12 11 14 3 2 1 0
13 16 14 3 2 1 0
8 14 14 1 4 1 0
16 15 14 1 2 1 0
15 15 14 1 1 1 0
8 13 14 4 1 1 0
12 13 14 2 2 1 0
13 15 14 1 1 1 0
9 7 14 3 1 1 0
8 9 14 1 2 1 0
13 9 14 1 1 1 0
11 14 14 1 2 1 0
7 10 14 1 1 1 0
9 14 14 2 1 1 0
9 3 15 3 2 1 0
8 4 15 1 4 1 0
12 4 15 1 3 1 0
7 5 15 1 4 1 0
13 5 15 2 3 1 0
6 6 15 1 4 1 0
15 6 15 1 4 1 0
16 7 15 1 3 1 0
5 8 15 1 2 1 0
13 10 15 3 1 1 0
12 11 15 2 8 1 0
8 17 15 4 2 1 0
6 10 15 3 2 1 0
18 11 15 2 3 1 0
7 12 15 3 1 1 0
14 11 15 1 2 1 0
17 12 15 1 4 1 0
14 14 15 2 4 1 0
8 13 15 4 1 1 0
16 13 15 1 4 1 0
17 16 15 1 1 1 0
9 16 15 3 1 1 0
9 14 15 3 1 1 0
18 14 15 1 2 1 0
9 5 15 1 2 1 0
10 15 15 2 1 1 0
10 5 15 2 1 1 0
14 8 15 1 2 1 0
7 9 15 1 1 1 0
10 3 16 2 3 1 0
9 4 16 1 3 1 0
12 4 16 1 3 1 0
7 5 16 2 3 1 0
13 5 16 2 3 1 0
6 6 16 1 4 1 0
15 6 16 1 4 1 0
16 7 16 1 3 1 0
5 8 16 1 4 1 0
19 9 16 2 3 1 0
17 10 16 2 4 1 0
6 17 16 8 2 1 0
7 11 16 3 2 1 0
14 10 16 2 8 1 0
8 13 16 4 1 1 0
19 12 16 1 2 1 0
16 13 16 1 4 1 0
6 16 16 4 1 1 0
7 15 16 4 1 1 0
17 14 16 2 2 1 0
13 10 16 1 4 1 0
10 12 16 1 1 1 0
6 10 16 1 2 1 0
16 11 16 1 2 1 0
10 14 16 4 1 1 0
7 8 16 1 3 1 0
14 8 16 1 2 1 0
12 13 16 1 1 1 0
11 15 16 3 2 1 0
10 16 16 1 1 1 0
19 6 17 1 4 1 0
9 4 17 4 2 1 0
7 5 17 2 4 1 0
13 5 17 2 4 1 0
6 6 17 1 4 1 0
15 6 17 1 4 1 0
18 7 17 1 4 1 0
20 7 17 1 4 1 0
17 8 17 1 4 1 0
5 9 17 1 3 1 0
6 17 17 4 2 1 0
18 11 17 3 1 1 0
10 14 17 1 4 1 0
5 15 17 1 3 1 0
7 9 17 1 4 1 0
16 12 17 4 1 1 0
15 13 17 4 1 1 0
11 15 17 3 2 1 0
4 15 17 1 2 1 0
7 14 17 3 2 1 0
14 14 17 4 1 1 0
14 15 17 2 1 1 0
8 11 17 1 3 1 0
9 12 17 1 2 1 0
13 13 17 2 1 1 0
10 13 17 1 1 1 0
16 9 17 1 3 1 0
6 10 17 1 2 1 0
6 15 17 1 2 1 0
9 6 17 4 1 1 0
14 9 17 1 4 1 0
11 14 17 3 1 1 0
15 10 17 1 3 1 0
19 10 17 1 1 1 0
7 16 17 3 1 1 0
5 9 18 3 1 1 0
2 14 18 4 1 1 0
7 11 18 3 1 1 0
13 0 18 2 3 1 0
15 1 18 2 8 1 0
17 2 18 1 4 1 0
14 3 18 1 1 1 0
18 3 18 1 4 1 0
9 4 18 4 2 1 0
19 4 18 1 4 1 0
7 5 18 2 4 1 0
13 5 18 1 3 1 0
20 5 18 1 4 1 0
6 7 18 1 2 1 0
6 10 18 3 1 1 0
17 9 18 4 2 1 0
15 11 18 4 1 1 0
6 14 18 2 4 1 0
4 15 18 2 3 1 0
6 12 18 3 2 1 0
13 12 18 4 1 1 0
8 14 18 2 3 1 0
4 13 18 2 1 1 0
3 15 18 1 2 1 0
12 13 18 4 1 1 0
10 14 18 4 1 1 0
10 15 18 3 1 1 0
14 6 18 1 3 1 0
14 11 18 1 1 1 0
9 6 18 4 1 1 0
15 9 18 2 2 1 0
9 13 18 3 1 1 0
17 6 18 1 3 1 0
18 7 18 1 2 1 0
19 8 18 1 1 1 0
5 11 19 4 1 1 0
9 0 19 4 2 1 0
14 0 19 2 8 1 0
16 1 19 1 4 1 0
17 2 19 2 8 1 0
19 4 19 1 4 1 0
8 5 19 2 3 1 0
20 5 19 1 4 1 0
7 6 19 1 4 1 0
6 8 19 1 3 1 0
5 9 19 1 2 1 0
4 10 19 1 4 1 0
15 8 19 2 3 1 0
1 11 19 2 4 1 0
13 11 19 3 2 1 0
3 15 19 4 2 1 0
11 13 19 4 1 1 0
9 14 19 4 1 1 0
7 13 19 2 3 1 0
2 15 19 1 1 1 0
13 3 19 1 4 1 0
8 8 19 1 1 1 0
14 10 19 1 1 1 0
9 12 19 4 1 1 0
13 0 19 1 3 1 0
9 2 19 4 2 1 0
9 4 19 4 1 1 0
19 8 19 1 1 1 0
3 11 19 1 4 1 0
10 5 19 3 1 1 0
7 10 19 1 1 1 0
5 12 19 3 1 1 0
16 5 19 1 3 1 0
5 13 19 2 2 1 0
4 14 19 1 1 1 0
9 13 19 2 1 1 0
7 0 20 2 8 1 0
13 0 20 2 4 1 0
15 1 20 2 8 1 0
17 2 20 1 4 1 0
18 3 20 1 3 1 0
6 4 20 1 4 1 0
5 5 20 1 4 1 0
4 6 20 1 4 1 0
17 6 20 1 1 1 0
2 7 20 2 8 1 0
0 8 20 2 4 1 0
14 9 20 3 1 1 0
0 12 20 2 1 1 0
14 10 20 2 3 1 0
11 13 20 4 1 1 0
1 13 20 1 2 1 0
5 11 20 2 4 1 0
8 12 20 2 3 1 0
10 14 20 3 1 1 0
4 12 20 1 4 1 0
3 15 20 1 1 1 0
13 4 20 2 3 1 0
6 8 20 2 1 1 0
13 10 20 1 3 1 0
7 11 20 1 3 1 0
9 0 20 2 4 1 0
11 0 20 2 4 1 0
9 4 20 4 2 1 0
14 7 20 1 2 1 0
5 9 20 2 2 1 0
10 12 20 3 1 1 0
4 10 20 1 2 1 0
10 13 20 1 1 1 0
9 12 21 1 3 1 0
6 0 21 2 8 1 0
9 0 21 2 4 1 0
5 1 21 1 4 1 0
11 1 21 1 4 1 0
4 2 21 1 4 1 0
3 3 21 1 4 1 0
2 4 21 1 4 1 0
12 4 21 1 3 1 0
1 5 21 1 4 1 0
13 5 21 1 4 1 0
14 6 21 1 4 1 0
0 7 21 1 4 1 0
15 7 21 1 4 1 0
0 11 21 4 1 1 0
12 11 21 4 1 1 0
1 12 21 3 1 1 0
6 9 21 2 4 1 0
11 12 21 4 1 1 0
1 13 21 2 1 1 0
7 13 21 2 1 1 0
10 13 21 4 1 1 0
8 4 21 1 4 1 0
8 11 21 1 2 1 0
10 11 21 2 1 1 0
8 0 21 1 4 1 0
4 8 21 2 4 1 0
9 5 21 3 2 1 0
6 8 21 2 1 1 0
13 9 21 1 2 1 0
9 4 21 2 1 1 0
1 9 21 3 2 1 0
5 5 21 1 3 1 0
4 6 21 1 2 1 0
3 7 21 1 2 1 0
2 8 21 1 1 1 0
14 10 21 1 1 1 0
10 12 21 1 1 1 0
5 1 22 2 4 1 0
7 1 22 2 8 1 0
4 2 22 1 4 1 0
3 3 22 1 4 1 0
2 4 22 1 4 1 0
1 5 22 1 4 1 0
9 5 22 4 2 1 0
13 6 22 2 4 1 0
4 6 22 2 2 1 0
3 7 22 1 2 1 0
6 8 22 1 4 1 0
1 9 22 2 1 1 0
15 9 22 1 3 1 0
7 11 22 8 2 1 0
8 13 22 4 1 1 0
12 13 22 2 1 1 0
12 7 22 1 2 1 0
6 5 22 1 2 1 0
9 7 22 3 1 1 0
7 9 22 2 2 1 0
13 10 22 2 1 1 0
5 5 22 1 1 1 0
2 8 22 1 1 1 0
10 5 23 2 4 1 0
8 6 23 2 8 1 0
12 6 23 1 4 1 0
7 7 23 1 4 1 0
13 7 23 1 4 1 0
14 8 23 1 4 1 0
7 11 23 1 2 1 0
11 12 23 4 1 1 0
10 13 23 4 1 1 0
12 10 23 1 2 1 0
10 11 23 2 1 1 0
13 11 23 1 1 1 0
10 12 23 1 1 1 0
16 17 24 1 2 1 0
15 16 24 1 2 1 0
9 7 24 4 2 1 0
13 7 24 1 4 1 0
8 8 24 1 4 1 0
7 9 24 1 4 1 0
14 9 24 1 4 1 0
9 12 24 4 2 1 0
13 11 24 1 3 1 0
10 14 24 3 1 1 0
8 12 24 1 1 1 0
9 9 24 4 1 1 0
9 10 24 1 2 1 0
12 10 24 1 2 1 0
16 16 25 1 3 1 0
10 7 25 2 3 1 0
8 8 25 2 4 1 0
12 8 25 2 4 1 0
14 10 25 1 4 1 0
14 15 25 2 3 1 0
13 15 25 1 2 1 0
8 12 25 4 2 1 0
10 14 25 3 1 1 0
12 12 25 2 2 1 0
10 10 25 1 2 1 0
10 8 26 2 3 1 0
12 8 26 1 4 1 0
9 9 26 1 4 1 0
13 9 26 1 4 1 0
8 10 26 1 4 1 0
14 10 26 1 4 1 0
13 16 26 4 2 1 0
9 13 26 4 2 1 0
13 14 26 3 2 1 0
10 15 26 3 1 1 0
10 11 26 1 2 1 0
12 12 26 1 1 1 0
13 13 26 1 1 1 0
10 9 27 2 4 1 0
12 9 27 1 4 1 0
9 10 27 1 4 1 0
13 10 27 1 4 1 0
8 11 27 1 3 1 0
14 14 27 2 4 1 0
13 14 27 1 4 1 0
14 12 27 1 2 1 0
12 13 27 1 4 1 0
15 13 27 1 1 1 0
9 14 27 3 1 1 0
10 15 27 2 1 1 0
10 13 27 2 1 1 0
11 9 28 2 4 1 0
9 10 28 2 4 1 0
13 10 28 1 4 1 0
8 12 28 1 2 1 0
14 12 28 1 4 1 0
15 13 28 1 4 1 0
12 14 28 2 3 1 0
9 14 28 3 1 1 0
10 15 28 2 1 1 0
14 16 28 1 1 1 0
11 13 28 2 1 1 0
10 11 29 4 2 1 0
9 12 29 1 2 1 0
14 12 29 1 4 1 0
13 16 29 2 1 1 0
15 14 29 1 2 1 0
10 13 29 4 2 1 0
11 15 29 3 1 1 0
