21 5 0 4 2 1 0
22 4 0 1 1 1 0
22 7 0 1 1 1 0
23 3 0 2 2 1 0
23 7 0 2 2 1 0
25 4 0 1 1 1 0
25 5 0 2 2 1 0
25 7 0 1 1 1 0
21 4 1 1 4 1 0
22 3 1 4 1 1 0
22 4 1 2 4 1 0
22 8 1 4 1 1 0
24 4 1 2 4 1 0
26 4 1 1 4 1 0
21 4 2 4 2 1 0
21 6 2 4 2 1 0
22 3 2 4 1 1 0
22 8 2 4 1 1 0
25 4 2 2 4 1 0
19 5 3 2 2 1 0
20 3 3 1 2 1 0
20 7 3 1 2 1 0
21 2 3 2 8 1 0
23 1 3 2 8 1 0
23 9 3 2 2 1 0
25 2 3 2 8 1 0
27 3 3 1 2 1 0
27 5 3 2 2 1 0
27 7 3 1 2 1 0
18 4 4 8 2 1 0
18 6 4 8 2 1 0
19 2 4 8 2 1 0
19 8 4 8 2 1 0
20 1 4 2 1 1 0
20 10 4 2 1 1 0
22 0 4 4 2 1 0
22 10 4 4 2 1 0
26 1 4 2 1 1 0
26 4 4 1 4 1 0
26 10 4 2 1 1 0
27 2 4 2 8 1 0
29 4 4 1 4 1 0
18 4 5 1 4 1 0
19 2 5 2 8 1 0
20 1 5 1 1 1 0
20 10 5 1 1 1 0
21 1 5 1 3 1 0
21 4 5 1 4 1 0
21 8 5 1 3 1 0
22 0 5 2 8 1 0
22 8 5 2 4 1 0
24 0 5 2 8 1 0
24 8 5 2 4 1 0
26 1 5 2 8 1 0
26 9 5 2 2 1 0
28 2 5 1 2 1 0
28 4 5 2 4 1 0
28 8 5 1 2 1 0
19 3 6 8 2 1 0
19 5 6 8 2 1 0
19 7 6 8 2 1 0
20 2 6 1 1 1 0
20 9 6 1 1 1 0
21 1 6 4 2 1 0
21 9 6 4 2 1 0
25 1 6 2 2 1 0
25 9 6 2 2 1 0
27 2 6 1 1 1 0
27 3 6 2 4 1 0
27 7 6 2 2 1 0
27 9 6 1 1 1 0
19 4 7 2 4 1 0
20 3 7 1 1 1 0
20 8 7 1 1 1 0
21 2 7 2 8 1 0
23 1 7 2 8 1 0
23 9 7 2 2 1 0
25 1 7 1 1 1 0
25 2 7 2 8 1 0
25 10 7 1 1 1 0
27 3 7 1 1 1 0
27 4 7 2 4 1 0
27 8 7 1 1 1 0
20 4 8 8 2 1 0
20 6 8 8 2 1 0
21 3 8 1 1 1 0
21 8 8 1 1 1 0
22 2 8 4 2 1 0
22 8 8 4 2 1 0
26 3 8 1 1 1 0
26 8 8 1 1 1 0
21 3 9 4 1 1 0
21 4 9 1 4 1 0
21 8 9 4 1 1 0
22 4 9 2 4 1 0
24 4 9 2 4 1 0
25 3 9 2 1 1 0
25 8 9 2 1 1 0
26 4 9 1 4 1 0
21 3 10 4 2 1 0
21 5 10 4 2 1 0
21 7 10 4 2 1 0
25 3 10 2 4 1 0
25 7 10 2 2 1 0
21 4 11 1 4 1 0
22 3 11 4 1 1 0
22 4 11 2 4 1 0
22 8 11 4 1 1 0
24 4 11 2 4 1 0
26 4 11 1 4 1 0
21 4 12 4 2 1 0
21 6 12 4 2 1 0
22 3 12 4 1 1 0
22 8 12 4 1 1 0
25 4 12 2 4 1 0
21 4 13 1 4 1 0
22 3 13 4 1 1 0
22 4 13 2 4 1 0
22 8 13 4 1 1 0
24 4 13 2 4 1 0
26 4 13 1 4 1 0
21 4 14 4 2 1 0
21 6 14 4 2 1 0
22 3 14 4 1 1 0
22 8 14 4 1 1 0
25 4 14 2 4 1 0
21 4 15 1 4 1 0
22 3 15 4 1 1 0
22 4 15 2 4 1 0
22 8 15 4 1 1 0
24 4 15 2 4 1 0
26 4 15 1 4 1 0
21 4 16 4 2 1 0
21 6 16 4 2 1 0
22 3 16 4 1 1 0
22 8 16 4 1 1 0
25 4 16 2 4 1 0
21 4 17 1 4 1 0
22 3 17 4 1 1 0
22 4 17 2 4 1 0
22 8 17 4 1 1 0
24 4 17 2 4 1 0
26 4 17 1 4 1 0
21 4 18 4 2 1 0
21 6 18 4 2 1 0
22 3 18 4 1 1 0
22 8 18 4 1 1 0
25 4 18 2 4 1 0
21 4 19 1 4 1 0
22 3 19 4 1 1 0
22 4 19 2 4 1 0
22 8 19 4 1 1 0
24 4 19 2 4 1 0
26 4 19 1 4 1 0
21 4 20 4 2 1 0
21 6 20 4 2 1 0
22 3 20 4 1 1 0
22 8 20 4 1 1 0
25 4 20 2 4 1 0
21 4 21 1 4 1 0
22 3 21 4 1 1 0
22 4 21 2 4 1 0
22 8 21 4 1 1 0
24 4 21 2 4 1 0
26 4 21 1 4 1 0
21 4 22 4 2 1 0
21 6 22 4 2 1 0
22 3 22 4 1 1 0
22 8 22 4 1 1 0
25 4 22 2 4 1 0
21 4 23 1 4 1 0
22 3 23 4 1 1 0
22 4 23 2 4 1 0
22 8 23 4 1 1 0
24 4 23 2 4 1 0
26 4 23 1 4 1 0
21 4 24 4 2 1 0
21 6 24 4 2 1 0
22 3 24 4 1 1 0
22 8 24 4 1 1 0
25 4 24 2 4 1 0
21 4 25 1 4 1 0
22 3 25 4 1 1 0
22 4 25 2 4 1 0
22 8 25 4 1 1 0
24 4 25 2 4 1 0
26 4 25 1 4 1 0
21 4 26 4 2 1 0
21 6 26 4 2 1 0
22 3 26 4 1 1 0
22 8 26 4 1 1 0
25 4 26 2 4 1 0
21 4 27 1 4 1 0
22 3 27 4 1 1 0
22 4 27 2 4 1 0
22 8 27 4 1 1 0
24 4 27 2 4 1 0
26 4 27 1 4 1 0
21 4 28 4 2 1 0
21 6 28 4 2 1 0
22 3 28 4 1 1 0
22 8 28 4 1 1 0
25 4 28 2 4 1 0
21 4 29 1 4 1 0
22 3 29 4 1 1 0
22 4 29 2 4 1 0
22 8 29 4 1 1 0
24 4 29 2 4 1 0
26 4 29 1 4 1 0
21 4 30 4 2 1 0
21 6 30 4 2 1 0
22 3 30 4 1 1 0
22 8 30 4 1 1 0
25 4 30 2 4 1 0
21 4 31 1 4 1 0
22 3 31 4 1 1 0
22 4 31 2 4 1 0
22 8 31 4 1 1 0
24 4 31 2 4 1 0
26 4 31 1 4 1 0
21 4 32 4 2 1 0
21 6 32 4 2 1 0
22 3 32 4 1 1 0
22 8 32 4 1 1 0
25 4 32 2 4 1 0
21 4 33 1 4 1 0
22 3 33 4 1 1 0
22 4 33 2 4 1 0
22 8 33 4 1 1 0
24 4 33 2 4 1 0
26 4 33 1 4 1 0
19 4 34 8 2 1 0
19 6 34 8 2 1 0
20 3 34 1 1 1 0
20 8 34 1 1 1 0
21 2 34 4 2 1 0
21 8 34 4 2 1 0
22 10 34 4 1 1 0
23 1 34 3 1 1 0
25 2 34 2 2 1 0
25 8 34 2 2 1 0
27 3 34 1 1 1 0
27 4 34 2 4 1 0
27 8 34 1 1 1 0
19 4 35 2 4 1 0
20 3 35 1 1 1 0
20 8 35 1 1 1 0
21 2 35 2 8 1 0
22 1 35 1 1 1 0
23 1 35 2 8 1 0
23 9 35 2 2 1 0
25 1 35 1 1 1 0
25 2 35 2 8 1 0
25 10 35 1 1 1 0
27 3 35 1 1 1 0
27 4 35 2 4 1 0
27 8 35 1 1 1 0
11 4 36 1 4 1 0
18 3 36 8 2 1 0
18 5 36 8 2 1 0
18 7 36 8 2 1 0
19 1 36 8 2 1 0
19 9 36 8 2 1 0
21 0 36 4 1 1 0
21 11 36 4 1 1 0
25 0 36 2 1 1 0
25 11 36 2 1 1 0
26 3 36 1 1 1 0
26 4 36 1 4 1 0
26 8 36 1 1 1 0
27 1 36 1 1 1 0
27 2 36 2 8 1 0
27 10 36 2 1 1 0
29 3 36 1 1 1 0
29 4 36 1 4 1 0
29 8 36 1 1 1 0
36 4 36 1 4 1 0
11 4 37 1 1 1 0
11 5 37 2 2 1 0
11 7 37 1 1 1 0
18 3 37 1 1 1 0
18 4 37 1 4 1 0
18 8 37 1 1 1 0
19 1 37 2 8 1 0
19 9 37 8 2 1 0
21 0 37 1 4 1 0
21 4 37 1 4 1 0
21 8 37 4 1 1 0
21 11 37 4 1 1 0
22 0 37 2 8 1 0
24 0 37 2 8 1 0
25 8 37 1 1 1 0
25 11 37 2 1 1 0
26 0 37 1 1 1 0
26 1 37 2 8 1 0
27 9 37 1 2 1 0
28 1 37 1 3 1 0
28 4 37 2 4 1 0
28 8 37 1 2 1 0
29 3 37 1 1 1 0
29 8 37 1 1 1 0
35 5 37 2 2 1 0
36 4 37 1 1 1 0
36 7 37 1 1 1 0
11 4 38 1 4 1 0
12 4 38 2 4 1 0
18 3 38 8 2 1 0
18 5 38 8 2 1 0
18 7 38 8 2 1 0
19 1 38 8 2 1 0
19 9 38 8 2 1 0
21 0 38 4 1 1 0
21 11 38 4 1 1 0
25 0 38 2 1 1 0
25 11 38 2 1 1 0
26 3 38 1 1 1 0
26 4 38 1 4 1 0
26 8 38 1 1 1 0
27 1 38 2 8 1 0
27 9 38 2 1 1 0
27 10 38 1 1 1 0
29 3 38 1 1 1 0
29 4 38 1 4 1 0
29 8 38 1 1 1 0
34 4 38 2 4 1 0
36 4 38 1 4 1 0
10 4 39 2 4 1 0
12 4 39 2 4 1 0
14 4 39 1 4 1 0
18 5 39 2 2 1 0
19 2 39 1 3 1 0
19 7 39 1 2 1 0
20 2 39 2 8 1 0
21 1 39 1 1 1 0
21 10 39 1 1 1 0
22 1 39 2 8 1 0
22 9 39 4 2 1 0
23 0 39 2 1 1 0
23 11 39 2 1 1 0
24 1 39 2 8 1 0
26 1 39 1 1 1 0
26 2 39 2 8 1 0
26 10 39 1 1 1 0
28 2 39 1 3 1 0
28 5 39 2 2 1 0
28 7 39 1 2 1 0
33 4 39 1 4 1 0
34 4 39 2 4 1 0
36 4 39 2 4 1 0
9 4 40 2 1 1 0
9 5 40 8 2 1 0
9 7 40 2 1 1 0
11 3 40 2 2 1 0
11 7 40 2 2 1 0
13 4 40 3 1 1 0
13 7 40 3 1 1 0
19 4 40 8 2 1 0
19 6 40 8 2 1 0
20 2 40 8 2 1 0
20 8 40 1 1 1 0
21 8 40 4 2 1 0
22 1 40 4 1 1 0
22 10 40 4 1 1 0
25 8 40 2 2 1 0
27 4 40 2 4 1 0
27 8 40 1 1 1 0
31 5 40 8 2 1 0
32 4 40 3 1 1 0
32 7 40 3 1 1 0
35 3 40 2 2 1 0
35 7 40 2 2 1 0
37 4 40 2 1 1 0
37 7 40 2 1 1 0
7 5 41 1 2 1 0
8 4 41 8 2 1 0
8 6 41 8 2 1 0
10 3 41 2 1 1 0
10 8 41 2 1 1 0
14 3 41 1 1 1 0
14 8 41 1 1 1 0
16 4 41 2 4 1 0
18 5 41 1 2 1 0
20 3 41 1 1 1 0
20 4 41 1 4 1 0
20 8 41 1 1 1 0
21 2 41 2 8 1 0
23 2 41 2 8 1 0
25 2 41 2 8 1 0
27 3 41 1 1 1 0
27 4 41 1 4 1 0
27 8 41 1 1 1 0
29 5 41 1 2 1 0
30 4 41 2 4 1 0
32 4 41 8 2 1 0
32 6 41 8 2 1 0
33 3 41 1 1 1 0
33 8 41 1 1 1 0
36 3 41 2 1 1 0
36 8 41 2 1 1 0
40 5 41 1 2 1 0
6 5 42 2 2 1 0
7 4 42 1 1 1 0
7 7 42 1 1 1 0
8 3 42 3 1 1 0
8 4 42 8 2 1 0
8 6 42 8 2 1 0
8 8 42 3 1 1 0
13 3 42 3 1 1 0
13 8 42 3 1 1 0
16 4 42 8 2 1 0
16 6 42 8 2 1 0
21 3 42 1 1 1 0
21 8 42 1 1 1 0
22 2 42 4 2 1 0
22 8 42 4 2 1 0
24 4 42 8 2 1 0
24 6 42 8 2 1 0
26 3 42 1 1 1 0
26 8 42 1 1 1 0
32 3 42 3 1 1 0
32 4 42 8 2 1 0
32 6 42 8 2 1 0
32 8 42 3 1 1 0
37 3 42 3 1 1 0
37 8 42 3 1 1 0
40 4 42 1 1 1 0
40 5 42 2 2 1 0
40 7 42 1 1 1 0
5 5 43 1 2 1 0
6 4 43 2 4 1 0
7 3 43 3 1 1 0
7 8 43 3 1 1 0
8 4 43 8 2 1 0
8 6 43 8 2 1 0
12 3 43 2 1 1 0
12 8 43 2 1 1 0
16 4 43 2 4 1 0
18 4 43 2 4 1 0
20 4 43 2 4 1 0
21 3 43 2 1 1 0
21 8 43 2 1 1 0
22 4 43 1 4 1 0
23 2 43 2 8 1 0
25 3 43 2 1 1 0
25 4 43 1 4 1 0
25 8 43 2 1 1 0
26 4 43 2 4 1 0
28 4 43 2 4 1 0
30 4 43 2 4 1 0
32 4 43 8 2 1 0
32 6 43 8 2 1 0
34 3 43 2 1 1 0
34 8 43 2 1 1 0
38 3 43 3 1 1 0
38 8 43 3 1 1 0
40 4 43 2 4 1 0
42 5 43 1 2 1 0
5 4 44 1 4 1 0
6 3 44 3 1 1 0
6 4 44 2 4 1 0
6 8 44 3 1 1 0
8 4 44 8 2 1 0
8 6 44 8 2 1 0
10 3 44 3 1 1 0
11 8 44 2 1 1 0
16 4 44 8 2 1 0
16 6 44 8 2 1 0
22 3 44 1 1 1 0
22 8 44 1 1 1 0
23 2 44 2 2 1 0
23 8 44 2 2 1 0
24 4 44 8 2 1 0
24 6 44 8 2 1 0
25 3 44 1 1 1 0
25 8 44 1 1 1 0
32 4 44 8 2 1 0
32 6 44 8 2 1 0
35 3 44 2 1 1 0
35 8 44 3 1 1 0
39 3 44 3 1 1 0
39 8 44 3 1 1 0
40 4 44 2 4 1 0
42 4 44 1 4 1 0
4 4 45 2 4 1 0
5 3 45 3 1 1 0
5 8 45 3 1 1 0
6 4 45 2 4 1 0
8 4 45 8 2 1 0
8 6 45 8 2 1 0
9 3 45 3 1 1 0
9 8 45 3 1 1 0
13 3 45 1 1 1 0
13 8 45 1 1 1 0
16 4 45 2 4 1 0
18 4 45 2 4 1 0
20 4 45 2 4 1 0
22 2 45 2 8 1 0
23 1 45 1 1 1 0
23 10 45 1 1 1 0
24 2 45 2 8 1 0
26 4 45 2 4 1 0
28 4 45 2 4 1 0
30 4 45 2 4 1 0
32 4 45 8 2 1 0
32 6 45 8 2 1 0
34 3 45 1 1 1 0
34 8 45 1 1 1 0
36 3 45 3 1 1 0
36 8 45 3 1 1 0
40 3 45 3 1 1 0
40 4 45 2 4 1 0
40 8 45 3 1 1 0
42 4 45 2 4 1 0
3 4 46 8 2 1 0
3 6 46 8 2 1 0
5 3 46 2 1 1 0
5 8 46 2 1 1 0
8 3 46 2 1 1 0
9 8 46 1 1 1 0
11 4 46 1 1 1 0
11 5 46 4 2 1 0
11 7 46 1 1 1 0
12 3 46 2 2 1 0
12 7 46 2 2 1 0
15 4 46 1 4 1 0
16 4 46 8 2 1 0
16 6 46 8 2 1 0
22 2 46 4 2 1 0
22 8 46 4 2 1 0
23 1 46 2 1 1 0
23 10 46 2 1 1 0
24 4 46 8 2 1 0
24 6 46 8 2 1 0
32 4 46 1 1 1 0
32 5 46 8 2 1 0
32 7 46 1 1 1 0
34 3 46 2 2 1 0
34 7 46 2 2 1 0
36 4 46 4 1 1 0
36 7 46 2 1 1 0
38 3 46 1 1 1 0
38 7 46 2 2 1 0
40 4 46 4 2 1 0
40 6 46 4 2 1 0
41 3 46 2 1 1 0
41 8 46 2 1 1 0
44 4 46 1 4 1 0
2 5 47 8 2 1 0
3 4 47 1 1 1 0
3 7 47 1 1 1 0
4 3 47 2 2 1 0
4 7 47 2 2 1 0
6 4 47 2 1 1 0
6 7 47 2 1 1 0
8 3 47 2 2 1 0
8 7 47 2 2 1 0
10 4 47 2 4 1 0
11 3 47 2 1 1 0
11 8 47 2 1 1 0
12 4 47 1 4 1 0
14 5 47 8 2 1 0
17 4 47 4 1 1 0
17 7 47 4 1 1 0
21 4 47 1 1 1 0
21 7 47 1 1 1 0
22 2 47 2 8 1 0
23 1 47 1 1 1 0
23 10 47 1 1 1 0
24 2 47 2 8 1 0
26 4 47 4 1 1 0
26 5 47 8 2 1 0
26 7 47 4 1 1 0
30 4 47 1 1 1 0
30 7 47 1 1 1 0
35 3 47 2 1 1 0
35 4 47 8 2 1 0
35 6 47 8 2 1 0
35 8 47 2 1 1 0
38 3 47 2 1 1 0
38 8 47 2 1 1 0
42 3 47 2 1 1 0
42 8 47 2 1 1 0
43 4 47 2 4 1 0
45 5 47 1 2 1 0
2 4 48 8 2 1 0
2 6 48 8 2 1 0
3 3 48 2 1 1 0
3 8 48 2 1 1 0
7 3 48 2 1 1 0
7 8 48 2 1 1 0
10 3 48 2 1 1 0
10 4 48 2 4 1 0
10 8 48 2 1 1 0
12 4 48 1 4 1 0
15 5 48 8 2 1 0
18 4 48 2 1 1 0
18 7 48 4 1 1 0
20 4 48 4 1 1 0
22 7 48 1 1 1 0
23 2 48 2 2 1 0
23 5 48 8 2 1 0
23 7 48 2 2 1 0
23 9 48 2 1 1 0
24 4 48 4 1 1 0
25 7 48 4 1 1 0
28 4 48 2 1 1 0
29 7 48 1 1 1 0
31 5 48 2 2 1 0
35 4 48 8 2 1 0
35 6 48 8 2 1 0
36 3 48 2 1 1 0
36 8 48 2 1 1 0
39 3 48 2 1 1 0
39 8 48 2 1 1 0
43 3 48 2 1 1 0
43 4 48 1 4 1 0
43 8 48 2 1 1 0
44 4 48 2 4 1 0
1 5 49 8 2 1 0
1 7 49 2 1 1 0
2 4 49 1 1 1 0
3 3 49 2 2 1 0
3 7 49 2 2 1 0
5 4 49 1 1 1 0
5 7 49 1 1 1 0
6 3 49 2 2 1 0
6 7 49 2 2 1 0
8 4 49 1 1 1 0
8 7 49 1 1 1 0
9 3 49 2 1 1 0
9 4 49 1 4 1 0
9 8 49 2 1 1 0
10 4 49 2 4 1 0
17 5 49 2 2 1 0
19 5 49 1 2 1 0
20 4 49 2 4 1 0
22 4 49 1 4 1 0
23 2 49 2 8 1 0
25 4 49 1 4 1 0
26 4 49 2 4 1 0
28 5 49 2 2 1 0
30 5 49 1 2 1 0
36 4 49 8 2 1 0
36 6 49 8 2 1 0
37 3 49 2 1 1 0
37 8 49 2 1 1 0
40 3 49 2 1 1 0
40 8 49 2 1 1 0
43 3 49 2 1 1 0
43 8 49 2 1 1 0
44 4 49 2 4 1 0
46 5 49 1 3 1 0
1 4 50 8 2 1 0
1 6 50 8 2 1 0
2 3 50 2 1 1 0
2 8 50 2 1 1 0
5 3 50 2 1 1 0
5 8 50 2 1 1 0
9 3 50 1 1 1 0
9 4 50 1 4 1 0
9 8 50 1 1 1 0
18 5 50 8 2 1 0
19 4 50 4 1 1 0
19 7 50 4 1 1 0
23 3 50 2 2 1 0
23 7 50 2 2 1 0
25 4 50 4 1 1 0
25 7 50 4 1 1 0
26 5 50 4 2 1 0
38 3 50 1 1 1 0
38 4 50 8 2 1 0
38 6 50 8 2 1 0
38 8 50 1 1 1 0
41 3 50 2 1 1 0
41 8 50 2 1 1 0
44 3 50 2 1 1 0
44 8 50 2 1 1 0
46 4 50 1 4 1 0
0 4 51 2 4 1 0
1 3 51 2 1 1 0
1 8 51 2 1 1 0
2 4 51 2 4 1 0
4 4 51 2 4 1 0
5 3 51 1 1 1 0
5 8 51 1 1 1 0
18 5 51 8 2 1 0
19 4 51 4 1 1 0
19 7 51 4 1 1 0
23 3 51 2 2 1 0
23 7 51 2 2 1 0
25 4 51 1 1 1 0
25 7 51 1 1 1 0
26 4 51 2 4 1 0
28 4 51 1 1 1 0
28 5 51 2 2 1 0
28 7 51 1 1 1 0
42 3 51 1 1 1 0
42 4 51 2 4 1 0
42 8 51 1 1 1 0
44 4 51 2 4 1 0
45 3 51 2 1 1 0
45 8 51 2 1 1 0
46 4 51 2 4 1 0
0 4 52 2 4 1 0
18 5 52 8 2 1 0
19 4 52 1 1 1 0
19 7 52 1 1 1 0
20 4 52 4 1 1 0
20 7 52 4 1 1 0
24 4 52 4 1 1 0
24 7 52 4 1 1 0
26 5 52 4 2 1 0
28 4 52 1 1 1 0
28 7 52 1 1 1 0
46 4 52 2 4 1 0
18 5 53 8 2 1 0
19 4 53 1 1 1 0
19 7 53 1 1 1 0
20 4 53 4 1 1 0
20 7 53 4 1 1 0
24 4 53 2 1 1 0
24 7 53 2 1 1 0
26 4 53 2 4 1 0
28 4 53 1 1 1 0
28 5 53 2 2 1 0
28 7 53 1 1 1 0
18 5 54 8 2 1 0
20 4 54 2 1 1 0
20 7 54 2 1 1 0
26 4 54 2 1 1 0
26 5 54 4 2 1 0
26 7 54 2 1 1 0
18 5 55 8 2 1 0
20 4 55 2 1 1 0
20 7 55 2 1 1 0
26 4 55 2 4 1 0
28 5 55 2 2 1 0
18 5 56 8 2 1 0
19 4 56 3 1 1 0
19 7 56 3 1 1 0
26 4 56 3 1 1 0
26 5 56 4 2 1 0
26 7 56 3 1 1 0
18 5 57 8 2 1 0
19 4 57 3 1 1 0
19 7 57 3 1 1 0
26 4 57 2 4 1 0
28 4 57 1 1 1 0
28 5 57 2 2 1 0
28 7 57 1 1 1 0
19 5 58 8 2 1 0
20 4 58 1 1 1 0
20 7 58 1 1 1 0
27 4 58 1 1 1 0
27 5 58 2 2 1 0
27 7 58 1 1 1 0
19 5 59 8 2 1 0
20 4 59 1 1 1 0
20 7 59 1 1 1 0
27 4 59 1 1 1 0
27 5 59 2 2 1 0
27 7 59 1 1 1 0
19 5 60 8 2 1 0
20 4 60 1 1 1 0
20 7 60 1 1 1 0
27 4 60 1 1 1 0
27 5 60 2 2 1 0
27 7 60 1 1 1 0
19 5 61 8 2 1 0
20 4 61 1 1 1 0
20 7 61 1 1 1 0
27 4 61 1 1 1 0
27 5 61 2 2 1 0
27 7 61 1 1 1 0
19 5 62 8 2 1 0
20 4 62 1 1 1 0
20 7 62 1 1 1 0
27 4 62 1 1 1 0
27 5 62 2 2 1 0
27 7 62 1 1 1 0
19 5 63 8 2 1 0
20 4 63 1 1 1 0
20 7 63 1 1 1 0
27 4 63 1 1 1 0
27 5 63 2 2 1 0
27 7 63 1 1 1 0
19 5 64 8 2 1 0
20 4 64 1 1 1 0
20 7 64 1 1 1 0
27 4 64 1 1 1 0
27 5 64 2 2 1 0
27 7 64 1 1 1 0
19 5 65 8 2 1 0
20 4 65 1 1 1 0
20 7 65 1 1 1 0
27 4 65 1 1 1 0
27 5 65 2 2 1 0
27 7 65 1 1 1 0
18 5 66 8 2 1 0
20 4 66 1 1 1 0
20 7 66 1 1 1 0
26 5 66 4 2 1 0
27 4 66 1 1 1 0
27 7 66 1 1 1 0
18 5 67 8 2 1 0
20 4 67 1 1 1 0
20 7 67 1 1 1 0
26 5 67 4 2 1 0
27 4 67 1 1 1 0
27 7 67 1 1 1 0
17 5 68 8 2 1 0
19 4 68 2 1 1 0
19 7 68 2 1 1 0
25 5 68 4 2 1 0
27 4 68 2 1 1 0
27 7 68 2 1 1 0
29 5 68 2 2 1 0
16 5 69 8 2 1 0
18 4 69 2 1 1 0
18 7 69 2 1 1 0
24 5 69 8 2 1 0
28 4 69 2 1 1 0
28 7 69 2 1 1 0
16 5 70 8 2 1 0
17 4 70 2 1 1 0
17 7 70 2 1 1 0
24 5 70 8 2 1 0
29 4 70 2 1 1 0
29 7 70 2 1 1 0
16 4 71 2 1 1 0
16 5 71 8 2 1 0
16 7 71 2 1 1 0
24 5 71 8 2 1 0
30 4 71 2 1 1 0
30 7 71 2 1 1 0
15 5 72 8 2 1 0
16 4 72 1 1 1 0
16 7 72 1 1 1 0
23 5 72 8 2 1 0
31 4 72 1 1 1 0
31 5 72 2 2 1 0
31 7 72 1 1 1 0
16 5 73 8 2 1 0
24 5 73 8 2 1 0
16 5 74 8 2 1 0
24 5 74 8 2 1 0
16 5 75 8 2 1 0
24 5 75 8 2 1 0
17 5 76 8 2 1 0
25 5 76 4 2 1 0
29 5 76 2 2 1 0
18 5 77 8 2 1 0
26 5 77 4 2 1 0
18 5 78 8 2 1 0
26 5 78 4 2 1 0
18 5 79 8 2 1 0
26 5 79 4 2 1 0
18 5 80 8 2 1 0
26 5 80 4 2 1 0
18 5 81 8 2 1 0
26 5 81 4 2 1 0
18 5 82 8 2 1 0
26 5 82 4 2 1 0
18 5 83 8 2 1 0
26 5 83 4 2 1 0
18 5 84 8 2 1 0
26 5 84 4 2 1 0
18 5 85 8 2 1 0
26 5 85 4 2 1 0
18 5 86 8 2 1 0
26 5 86 4 2 1 0
18 5 87 8 2 1 0
26 5 87 4 2 1 0
18 5 88 8 2 1 0
26 5 88 4 2 1 0
18 5 89 8 2 1 0
26 5 89 4 2 1 0
18 5 90 8 2 1 0
26 5 90 4 2 1 0
18 5 91 8 2 1 0
26 5 91 4 2 1 0
18 5 92 8 2 1 0
26 5 92 4 2 1 0
18 5 93 8 2 1 0
26 5 93 4 2 1 0
18 5 94 8 2 1 0
26 5 94 4 2 1 0
18 5 95 8 2 1 0
26 5 95 4 2 1 0
18 5 96 8 2 1 0
26 5 96 4 2 1 0
18 5 97 8 2 1 0
26 5 97 4 2 1 0
18 5 98 8 2 1 0
26 5 98 4 2 1 0
18 5 99 8 2 1 0
26 5 99 4 2 1 0
18 5 100 8 2 1 0
26 5 100 4 2 1 0
18 5 101 8 2 1 0
26 5 101 4 2 1 0
18 5 102 8 2 1 0
26 5 102 4 2 1 0
18 5 103 8 2 1 0
26 5 103 4 2 1 0
18 5 104 8 2 1 0
26 5 104 4 2 1 0
18 5 105 8 2 1 0
26 5 105 4 2 1 0
18 5 106 8 2 1 0
26 5 106 4 2 1 0
18 5 107 8 2 1 0
26 5 107 4 2 1 0
18 5 108 8 2 1 0
26 5 108 4 2 1 0
18 5 109 8 2 1 0
26 5 109 4 2 1 0
18 5 110 8 2 1 0
26 5 110 4 2 1 0
18 5 111 8 2 1 0
26 5 111 4 2 1 0
18 5 112 8 2 1 0
26 5 112 4 2 1 0
18 5 113 8 2 1 0
26 5 113 4 2 1 0
18 5 114 8 2 1 0
26 5 114 4 2 1 0
18 5 115 8 2 1 0
26 5 115 4 2 1 0
18 5 116 8 2 1 0
26 5 116 4 2 1 0
18 5 117 8 2 1 0
26 5 117 4 2 1 0
18 5 118 8 2 1 0
26 5 118 4 2 1 0
18 5 119 8 2 1 0
26 5 119 4 2 1 0
18 5 120 8 2 1 0
26 5 120 4 2 1 0
18 5 121 8 2 1 0
26 5 121 4 2 1 0
18 5 122 8 2 1 0
26 5 122 4 2 1 0
18 5 123 8 2 1 0
26 5 123 4 2 1 0
18 5 124 8 2 1 0
26 5 124 4 2 1 0
18 5 125 8 2 1 0
26 5 125 4 2 1 0
18 5 126 8 2 1 0
26 5 126 4 2 1 0
18 5 127 8 2 1 0
26 5 127 4 2 1 0
18 5 128 8 2 1 0
26 5 128 4 2 1 0
18 5 129 8 2 1 0
26 5 129 4 2 1 0
18 5 130 8 2 1 0
26 5 130 4 2 1 0
18 5 131 8 2 1 0
26 5 131 4 2 1 0
18 5 132 8 2 1 0
26 5 132 4 2 1 0
18 5 133 8 2 1 0
26 5 133 4 2 1 0
18 5 134 8 2 1 0
26 5 134 4 2 1 0
18 5 135 8 2 1 0
26 5 135 4 2 1 0
18 5 136 8 2 1 0
26 5 136 4 2 1 0
18 5 137 8 2 1 0
26 5 137 4 2 1 0
18 5 138 8 2 1 0
26 5 138 4 2 1 0
18 5 139 8 2 1 0
26 5 139 4 2 1 0
18 5 140 8 2 1 0
26 5 140 4 2 1 0
18 5 141 8 2 1 0
26 5 141 4 2 1 0
18 5 142 8 2 1 0
26 5 142 4 2 1 0
18 5 143 8 2 1 0
26 5 143 4 2 1 0
18 5 144 8 2 1 0
26 5 144 4 2 1 0
18 5 145 8 2 1 0
26 5 145 4 2 1 0
18 5 146 8 2 1 0
26 5 146 4 2 1 0
18 5 147 8 2 1 0
26 5 147 4 2 1 0
18 5 148 8 2 1 0
26 5 148 4 2 1 0
18 5 149 8 2 1 0
26 5 149 4 2 1 0
18 5 150 8 2 1 0
26 5 150 4 2 1 0
18 5 151 8 2 1 0
26 5 151 4 2 1 0
18 5 152 8 2 1 0
26 5 152 4 2 1 0
18 5 153 8 2 1 0
26 5 153 4 2 1 0
18 5 154 8 2 1 0
26 5 154 4 2 1 0
18 5 155 8 2 1 0
26 5 155 4 2 1 0
18 5 156 8 2 1 0
26 5 156 4 2 1 0
18 5 157 8 2 1 0
26 5 157 4 2 1 0
18 5 158 8 2 1 0
26 5 158 4 2 1 0
18 5 159 8 2 1 0
26 5 159 4 2 1 0
18 5 160 8 2 1 0
26 5 160 4 2 1 0
18 5 161 8 2 1 0
26 5 161 4 2 1 0
18 5 162 8 2 1 0
26 5 162 4 2 1 0
18 5 163 8 2 1 0
26 5 163 4 2 1 0
18 5 164 8 2 1 0
26 5 164 4 2 1 0
18 5 165 8 2 1 0
26 5 165 4 2 1 0
18 5 166 8 2 1 0
26 5 166 4 2 1 0
18 5 167 8 2 1 0
26 5 167 4 2 1 0
18 5 168 8 2 1 0
26 5 168 4 2 1 0
18 5 169 8 2 1 0
26 5 169 4 2 1 0
18 5 170 8 2 1 0
26 5 170 4 2 1 0
18 5 171 8 2 1 0
26 5 171 4 2 1 0
18 5 172 8 2 1 0
26 5 172 4 2 1 0
18 5 173 8 2 1 0
26 5 173 4 2 1 0
18 5 174 8 2 1 0
26 5 174 4 2 1 0
18 5 175 8 2 1 0
26 5 175 4 2 1 0
18 5 176 8 2 1 0
26 5 176 4 2 1 0
18 5 177 8 2 1 0
26 5 177 4 2 1 0
18 5 178 8 2 1 0
26 5 178 4 2 1 0
18 5 179 8 2 1 0
26 5 179 4 2 1 0
18 5 180 8 2 1 0
26 5 180 4 2 1 0
18 5 181 8 2 1 0
26 5 181 4 2 1 0
18 5 182 8 2 1 0
26 5 182 4 2 1 0
18 5 183 8 2 1 0
26 5 183 4 2 1 0
18 5 184 8 2 1 0
26 5 184 4 2 1 0
18 5 185 8 2 1 0
26 5 185 4 2 1 0
18 5 186 8 2 1 0
26 5 186 4 2 1 0
18 5 187 8 2 1 0
26 5 187 4 2 1 0
18 5 188 8 2 1 0
26 5 188 4 2 1 0
18 5 189 8 2 1 0
26 5 189 4 2 1 0
18 5 190 8 2 1 0
26 5 190 4 2 1 0
18 5 191 8 2 1 0
26 5 191 4 2 1 0
18 5 192 8 2 1 0
26 5 192 4 2 1 0
18 5 193 8 2 1 0
26 5 193 4 2 1 0
18 5 194 8 2 1 0
26 5 194 4 2 1 0
18 5 195 8 2 1 0
26 5 195 4 2 1 0
18 5 196 8 2 1 0
26 5 196 4 2 1 0
18 5 197 8 2 1 0
26 5 197 4 2 1 0
18 5 198 8 2 1 0
26 5 198 4 2 1 0
18 5 199 8 2 1 0
26 5 199 4 2 1 0
18 5 200 8 2 1 0
26 5 200 4 2 1 0
18 5 201 8 2 1 0
26 5 201 4 2 1 0
19 5 202 8 2 1 0
27 5 202 2 2 1 0
19 5 203 8 2 1 0
27 5 203 2 2 1 0
19 5 204 8 2 1 0
27 5 204 2 2 1 0
19 5 205 8 2 1 0
27 5 205 2 2 1 0
19 5 206 8 2 1 0
27 5 206 2 2 1 0
20 5 207 8 2 1 0
20 5 208 8 2 1 0
20 5 209 8 2 1 0
21 5 210 4 2 1 0
25 5 210 2 2 1 0
21 5 211 4 2 1 0
25 5 211 2 2 1 0
22 5 212 4 2 1 0
22 5 213 4 2 1 0
23 5 214 2 2 1 0
23 5 215 2 2 1 0
