4 0 0 2 2 1 5
4 2 0 3 1 1 5
6 0 0 1 2 1 5
4 0 1 2 2 1 5
4 2 1 2 1 1 5
6 0 1 1 3 1 5
4 1 2 3 1 1 5
5 0 2 1 1 1 5
5 2 2 1 1 1 2
4 1 3 1 1 1 2
5 0 3 1 3 1 5
6 1 3 1 1 1 2
4 1 4 3 1 1 5
5 0 4 1 1 1 2
5 2 4 1 1 1 2
4 1 5 1 1 1 2
5 0 5 1 3 1 5
6 1 5 1 1 1 2
4 1 6 3 1 1 2
5 0 6 1 1 1 2
5 2 6 1 1 1 2
4 0 7 2 2 1 5
4 2 7 2 1 1 5
6 0 7 1 3 1 5
2 1 8 2 1 1 5
4 0 8 2 2 1 5
4 2 8 3 1 1 5
6 0 8 1 1 1 5
6 1 8 3 1 1 5
1 0 9 8 2 1 5
1 2 9 3 1 1 5
4 2 9 4 1 1 5
8 2 9 1 1 1 5
9 0 9 1 3 1 5
0 1 10 2 1 1 5
1 0 10 1 1 1 5
1 2 10 3 1 1 5
2 0 10 2 2 1 5
4 1 10 4 1 1 5
5 0 10 1 1 1 3
5 2 10 1 1 1 3
7 0 10 1 1 1 5
7 2 10 3 1 1 5
8 0 10 2 2 1 5
10 1 10 1 1 1 5
0 0 11 2 2 1 5
0 2 11 2 1 1 5
2 0 11 1 3 1 5
3 1 11 1 1 1 5
4 1 11 4 1 1 5
5 0 11 1 1 1 3
5 2 11 1 1 1 3
8 0 11 2 2 1 5
8 2 11 2 1 1 5
10 0 11 1 3 1 5
4 1 12 3 1 1 5
4 1 13 3 1 1 6
4 1 14 3 1 1 6
3 1 15 1 1 1 6
4 1 15 4 1 1 6
3 1 16 1 1 1 6
4 1 16 4 1 1 6
3 1 17 1 1 1 6
4 1 17 4 1 1 6
4 1 18 3 1 1 6
4 1 19 3 1 1 6
4 1 20 3 1 1 6
4 1 21 3 1 1 6
4 1 22 3 1 1 6
4 1 23 3 1 1 6
4 1 24 3 1 1 6
4 1 25 3 1 1 6
4 1 26 3 1 1 6
4 1 27 3 1 1 6
4 1 28 3 1 1 6
4 1 29 3 1 1 6
4 1 30 3 1 1 6
4 1 31 3 1 1 6
4 1 32 3 1 1 6
4 1 33 3 1 1 6
4 1 34 3 1 1 6
4 1 35 3 1 1 6
4 1 36 3 1 1 6
4 1 37 3 1 1 6
4 1 38 3 1 1 6
4 1 39 3 1 1 6
4 1 40 3 1 1 6
4 1 41 3 1 1 6
4 1 42 3 1 1 6
4 1 43 3 1 1 6
4 1 44 3 1 1 6
4 1 45 3 1 1 6
4 1 46 3 1 1 6
4 1 47 3 1 1 6
5 1 48 1 1 1 6
