4 3 0 4 2 1 1
8 2 0 8 2 1 1
8 4 0 2 1 1 1
9 5 0 1 1 1 1
10 4 0 2 2 1 1
12 4 0 4 2 1 1
16 2 0 8 2 1 1
16 4 0 8 2 1 1
24 2 0 8 2 1 1
24 4 0 8 2 1 1
32 2 0 2 2 1 1
32 4 0 2 1 1 1
32 5 0 1 1 1 1
38 1 0 2 4 1 6
38 5 0 2 2 1 6
39 0 0 1 1 1 6
39 7 0 1 1 1 6
2 3 1 8 2 1 1
4 2 1 3 1 1 1
4 5 1 4 1 1 1
7 1 1 2 2 1 1
8 5 1 4 2 1 1
9 1 1 1 2 1 1
10 1 1 2 4 1 1
12 1 1 2 4 1 1
12 5 1 2 2 1 1
14 0 1 2 8 1 1
16 0 1 2 8 1 1
18 0 1 2 8 1 1
20 0 1 2 8 1 1
22 0 1 2 8 1 1
24 0 1 2 8 1 1
26 0 1 2 8 1 1
28 0 1 2 8 1 1
30 0 1 2 4 1 1
30 4 1 2 2 1 0
30 6 1 1 2 1 1
31 6 1 1 1 1 1
32 0 1 2 2 1 1
32 2 1 8 2 1 6
32 4 1 8 2 1 6
32 6 1 4 1 1 1
34 0 1 1 2 1 1
35 1 1 1 1 1 1
36 1 1 4 1 1 6
36 6 1 2 1 1 1
38 6 1 2 2 1 6
39 0 1 1 1 1 6
1 3 2 2 2 1 1
3 2 2 1 4 1 1
4 2 2 4 2 1 1
4 4 2 4 2 1 1
6 1 2 2 1 1 1
6 6 2 2 1 1 1
8 1 2 4 1 1 1
8 2 2 8 2 1 0
8 4 2 8 2 1 0
8 6 2 4 1 1 1
12 0 2 4 2 1 1
12 6 2 4 2 1 1
16 0 2 8 2 1 1
16 2 2 8 2 1 0
16 4 2 8 2 1 0
16 6 2 8 2 1 1
24 0 2 8 2 1 1
24 2 2 8 2 1 0
24 4 2 8 2 1 0
24 6 2 8 2 1 1
32 0 2 4 2 1 1
32 2 2 8 2 1 6
32 4 2 8 2 1 6
32 6 2 2 2 1 1
34 6 2 4 1 1 1
36 0 2 1 1 1 1
36 1 2 2 1 1 0
38 0 2 2 2 1 6
38 6 2 2 2 1 6
0 3 3 8 2 1 1
2 2 3 3 1 1 1
2 5 3 3 1 1 1
5 1 3 2 2 1 1
5 5 3 4 2 1 1
7 1 3 1 2 1 1
8 1 3 2 4 1 1
9 5 3 1 2 1 1
10 0 3 2 8 1 1
12 0 3 2 8 1 1
14 0 3 2 8 1 1
16 0 3 2 8 1 1
18 0 3 2 8 1 1
20 0 3 2 8 1 1
22 0 3 2 8 1 1
24 0 3 2 8 1 1
26 0 3 2 8 1 1
28 0 3 2 8 1 1
30 0 3 2 8 1 1
32 0 3 2 8 1 1
34 0 3 2 4 1 1
34 4 3 4 2 1 1
34 6 3 4 1 1 1
34 7 3 1 1 1 1
36 0 3 2 4 1 1
37 7 3 1 1 1 1
38 0 3 2 8 1 6
0 3 4 2 1 1 1
0 4 4 1 1 1 1
1 4 4 8 2 1 1
2 2 4 2 2 1 1
4 1 4 4 2 1 1
4 6 4 4 1 1 1
8 1 4 2 1 1 1
8 2 4 1 1 1 1
8 6 4 2 1 1 1
10 0 4 2 2 1 1
10 6 4 2 2 1 1
11 2 4 8 2 1 1
11 4 4 8 2 1 1
12 0 4 4 2 1 1
12 6 4 4 2 1 1
16 0 4 8 2 1 1
16 6 4 8 2 1 1
19 2 4 2 4 1 0
21 2 4 1 4 1 1
23 2 4 1 4 1 1
24 0 4 8 2 1 1
24 2 4 4 2 1 1
24 4 4 4 2 1 1
24 6 4 8 2 1 1
28 2 4 1 4 1 1
31 2 4 1 4 1 1
32 0 4 2 8 1 1
34 0 4 2 8 1 1
37 0 4 1 4 1 1
37 4 4 1 4 1 1
38 0 4 2 8 1 1
0 3 5 2 2 1 1
2 2 5 2 4 1 1
4 2 5 1 1 1 1
4 5 5 1 1 1 1
5 1 5 2 2 1 1
5 5 5 2 2 1 1
7 1 5 1 2 1 1
7 5 5 1 2 1 1
8 1 5 4 1 1 1
8 6 5 4 1 1 1
12 1 5 2 4 1 1
12 5 5 2 2 1 1
13 0 5 1 1 1 1
13 7 5 1 1 1 1
14 0 5 2 8 1 1
16 0 5 2 8 1 1
18 0 5 2 8 1 1
20 0 5 2 8 1 1
22 0 5 2 2 1 6
22 6 5 4 2 1 6
24 0 5 1 2 1 6
25 0 5 2 4 1 1
25 4 5 2 1 1 1
26 6 5 1 2 1 6
33 2 5 1 4 1 1
16 2 6 4 2 1 1
16 4 6 4 2 1 1
20 2 6 1 1 1 1
20 3 6 2 1 1 1
20 4 6 2 2 1 1
23 0 6 4 2 1 6
23 6 6 4 2 1 6
20 2 7 2 4 1 1
24 0 7 2 2 1 6
24 6 7 2 2 1 6
26 0 7 1 2 1 6
26 6 7 1 2 1 6
28 2 7 3 1 1 1
28 5 7 3 1 1 1
19 1 8 8 2 1 1
19 3 8 8 2 1 1
19 5 8 8 2 1 1
24 0 8 4 1 1 6
24 7 8 4 1 1 6
27 1 8 1 4 1 1
28 0 8 2 8 1 1
30 0 8 1 4 1 1
30 4 8 1 4 1 1
20 2 9 1 1 1 6
20 5 9 2 1 1 6
21 2 9 1 2 1 6
24 2 9 1 1 1 6
24 5 9 1 1 1 6
25 4 9 1 2 1 6
26 3 9 1 2 1 6
27 3 9 1 1 1 6
28 2 9 2 4 1 6
28 6 9 1 1 1 6
28 2 10 2 1 1 6
28 6 10 2 1 1 6
29 1 10 2 1 1 6
29 5 10 2 1 1 6
30 1 11 2 1 1 6
30 5 11 1 1 1 6
