4 3 0 4 2 1 0
8 2 0 8 2 1 0
8 4 0 1 1 1 0
9 4 0 8 2 1 0
16 2 0 8 2 1 0
17 4 0 4 2 1 0
21 4 0 3 2 1 0
24 2 0 2 4 1 0
26 2 0 8 2 1 0
26 4 0 3 2 1 0
29 4 0 1 1 1 0
29 5 0 4 1 1 0
30 4 0 4 1 1 0
38 1 0 1 4 1 0
38 5 0 1 2 1 0
39 0 0 1 4 1 0
39 4 0 1 4 1 0
2 3 1 2 2 1 0
4 2 1 2 4 1 0
6 2 1 1 4 1 0
7 1 1 4 2 1 0
7 3 1 1 3 1 0
8 3 1 3 2 1 0
8 5 1 4 2 1 0
11 1 1 2 4 1 0
12 5 1 2 2 1 0
13 1 1 1 4 1 0
14 0 1 8 2 1 0
14 2 1 8 2 1 0
14 4 1 8 2 1 0
14 6 1 8 2 1 0
22 0 1 4 2 1 0
22 2 1 4 2 1 0
22 4 1 1 4 1 0
23 4 1 8 2 1 0
23 6 1 8 2 1 0
26 0 1 1 4 1 0
27 0 1 8 2 1 0
27 2 1 4 2 1 0
31 2 1 4 1 1 0
31 3 1 1 4 1 0
32 3 1 2 4 1 0
34 3 1 4 2 1 0
34 5 1 4 2 1 0
35 1 1 4 2 1 0
38 3 1 1 1 1 0
38 4 1 2 4 1 0
39 0 1 1 4 1 0
1 3 2 2 2 1 0
3 2 2 2 4 1 0
5 2 2 1 4 1 0
6 1 2 2 4 1 0
6 5 2 4 2 1 0
8 1 2 2 4 1 0
10 1 2 2 4 1 0
10 5 2 2 2 1 0
12 0 2 2 8 1 0
14 0 2 2 8 1 0
16 0 2 2 8 1 0
18 0 2 2 8 1 0
20 0 2 2 8 1 0
22 0 2 2 8 1 0
24 0 2 2 8 1 0
26 0 2 2 4 1 0
26 4 2 3 2 1 0
26 6 2 8 2 1 0
28 0 2 1 4 1 0
29 0 2 8 2 1 0
29 2 2 8 2 1 0
29 4 2 4 2 1 0
33 4 2 4 1 1 0
33 5 2 1 1 1 0
34 5 2 4 2 1 0
37 1 2 1 4 1 0
38 0 2 2 8 1 0
0 3 3 2 2 1 0
2 2 3 2 4 1 0
4 2 3 1 4 1 0
5 1 3 4 2 1 0
5 3 3 4 2 1 0
5 5 3 4 2 1 0
9 1 3 1 4 1 0
9 5 3 1 2 1 0
10 0 3 8 2 1 0
10 2 3 8 2 1 0
10 4 3 8 2 1 0
10 6 3 8 2 1 0
18 0 3 8 2 1 0
18 2 3 4 2 1 0
18 4 3 1 4 1 0
19 4 3 3 2 1 0
19 6 3 8 2 1 0
22 2 3 8 2 1 0
22 4 3 8 2 1 0
26 0 3 4 2 1 0
27 6 3 8 2 1 0
30 0 3 2 4 1 0
30 4 3 4 2 1 0
32 0 3 8 2 1 0
32 2 3 8 2 1 0
34 4 3 1 2 1 0
35 4 3 2 3 1 0
37 4 3 1 4 1 0
38 4 3 2 4 1 0
0 3 4 1 2 1 0
1 2 4 2 4 1 0
3 2 4 1 4 1 0
4 1 4 4 2 1 0
4 4 4 1 2 1 0
4 6 4 4 1 1 0
5 4 4 4 2 1 0
8 1 4 2 1 1 0
8 2 4 1 1 1 0
8 6 4 1 1 1 0
9 6 4 8 2 1 0
10 0 4 8 2 1 0
11 2 4 2 4 1 0
13 2 4 2 4 1 0
15 2 4 2 4 1 0
17 2 4 1 2 1 0
17 4 4 1 4 1 0
18 0 4 2 8 1 0
20 0 4 2 8 1 0
22 0 4 8 2 1 0
22 6 4 1 2 1 0
23 2 4 4 2 1 0
23 4 4 1 4 1 0
24 4 4 2 4 1 0
26 4 4 1 2 1 0
26 6 4 8 2 1 0
27 2 4 2 4 1 0
30 0 4 4 2 1 0
31 2 4 2 4 1 0
33 2 4 1 4 1 0
34 0 4 2 8 1 0
37 0 4 2 8 1 0
39 0 4 1 4 1 0
39 4 4 1 4 1 0
0 3 5 2 2 1 0
2 2 5 2 4 1 0
4 2 5 1 1 1 0
4 5 5 4 1 1 0
5 1 5 3 2 1 0
5 6 5 4 1 1 0
8 1 5 4 1 1 0
9 6 5 4 1 1 0
12 1 5 1 4 1 0
12 5 5 4 1 1 0
13 0 5 8 2 1 0
13 2 5 8 2 1 0
13 4 5 4 1 1 0
13 6 5 4 2 1 0
16 5 5 1 1 1 0
17 4 5 2 4 1 0
19 4 5 3 2 1 0
19 6 5 8 2 1 0
21 0 5 1 4 1 0
22 0 5 1 2 1 0
23 0 5 4 2 1 0
25 2 5 2 3 1 0
33 2 5 1 4 1 0
16 2 6 2 4 1 0
18 2 6 1 4 1 0
19 2 6 2 4 1 0
21 3 6 1 3 1 0
23 0 6 4 2 1 0
23 6 6 4 2 1 0
20 2 7 2 4 1 0
24 0 7 3 2 1 0
24 6 7 3 2 1 0
28 2 7 3 1 1 0
28 5 7 3 1 1 0
19 1 8 1 4 1 0
19 5 8 1 2 1 0
20 0 8 2 8 1 0
22 0 8 2 8 1 0
24 0 8 2 8 1 0
26 0 8 2 8 1 0
28 0 8 1 4 1 0
28 4 8 1 4 1 0
29 0 8 2 8 1 0
20 2 9 2 1 1 0
20 5 9 2 1 1 0
21 3 9 1 1 1 0
24 2 9 1 1 1 0
24 5 9 2 1 1 0
25 4 9 2 1 1 0
26 3 9 2 1 1 0
28 2 9 2 1 1 0
28 3 9 1 4 1 0
29 3 9 1 3 1 0
28 2 10 2 1 1 0
28 6 10 2 1 1 0
29 1 10 2 1 1 0
29 5 10 2 1 1 0
30 1 11 2 1 1 0
30 5 11 1 1 1 0
31 4 11 1 2 1 0
