8 8 0 8 2 1 0
8 10 0 8 2 1 0
8 12 0 8 2 1 0
8 14 0 8 2 1 0
8 16 0 8 2 1 0
8 18 0 8 2 1 0
8 20 0 8 2 1 0
8 22 0 8 2 1 0
8 24 0 2 1 1 0
9 25 0 1 1 1 0
10 24 0 2 2 1 0
11 6 0 8 2 1 0
12 24 0 4 2 1 0
16 8 0 8 2 1 0
16 10 0 8 2 1 0
16 12 0 8 2 1 0
16 14 0 8 2 1 0
16 16 0 8 2 1 0
16 18 0 8 2 1 0
16 20 0 8 2 1 0
16 22 0 8 2 1 0
16 24 0 8 2 1 0
19 6 0 4 2 1 0
24 8 0 2 8 1 0
24 16 0 2 8 1 0
24 24 0 2 2 1 0
8 8 1 2 8 1 0
8 16 1 2 8 1 0
8 24 1 1 1 1 0
9 24 1 1 2 1 0
10 8 1 2 8 1 0
10 16 1 2 8 1 0
10 24 1 2 2 1 0
11 6 1 8 2 1 0
12 8 1 2 8 1 0
12 16 1 2 8 1 0
12 24 1 4 2 1 0
14 8 1 2 8 1 0
14 16 1 2 8 1 0
16 8 1 2 8 1 0
16 16 1 2 8 1 0
16 24 1 8 2 1 0
18 8 1 2 8 1 0
18 16 1 2 8 1 0
19 6 1 4 2 1 0
20 8 1 2 8 1 0
20 16 1 2 8 1 0
22 8 1 2 8 1 0
22 16 1 2 8 1 0
24 8 1 2 8 1 0
24 16 1 2 8 1 0
24 24 1 2 2 1 0
8 10 2 8 2 1 0
8 12 2 8 2 1 0
8 14 2 8 2 1 0
8 16 2 8 2 1 0
8 18 2 8 2 1 0
8 20 2 8 2 1 0
11 6 2 8 2 1 0
11 8 2 8 2 1 0
11 22 2 2 1 1 0
13 22 2 8 2 1 0
15 24 2 1 1 1 0
16 10 2 4 2 1 0
16 12 2 8 2 1 0
16 14 2 8 2 1 0
16 16 2 8 2 1 0
16 18 2 8 2 1 0
16 20 2 8 2 1 0
16 24 2 4 1 1 0
19 6 2 4 2 1 0
19 8 2 4 2 1 0
20 10 2 2 2 1 0
21 22 2 2 1 1 0
21 23 2 1 1 1 0
22 10 2 1 1 1 0
22 11 2 2 1 1 0
24 12 2 1 4 1 0
24 16 2 2 2 1 0
24 18 2 1 3 1 0
25 15 2 1 1 1 0
8 10 3 2 8 1 0
8 18 3 2 4 1 0
10 10 3 2 8 1 0
10 18 3 2 4 1 0
11 6 3 8 2 1 0
11 8 3 1 2 1 0
11 22 3 3 1 1 0
12 8 3 2 8 1 0
12 16 3 2 4 1 0
12 20 3 2 2 1 0
13 23 3 1 1 1 0
14 8 3 2 8 1 0
14 16 3 2 8 1 0
15 24 3 1 1 1 0
16 8 3 2 8 1 0
16 16 3 2 8 1 0
16 24 3 4 1 1 0
18 8 3 2 8 1 0
18 16 3 2 8 1 0
19 6 3 4 2 1 0
20 8 3 2 8 1 0
20 16 3 2 8 1 0
22 8 3 1 3 1 0
22 11 3 2 8 1 0
22 19 3 2 1 1 0
22 20 3 2 2 1 0
22 22 3 1 1 1 0
24 12 3 1 4 1 0
24 16 3 2 2 1 0
24 18 3 1 3 1 0
25 15 3 1 1 1 0
8 10 4 8 2 1 0
8 12 4 8 2 1 0
8 14 4 8 2 1 0
8 16 4 8 2 1 0
8 18 4 8 2 1 0
8 20 4 8 2 1 0
11 6 4 8 2 1 0
11 8 4 8 2 1 0
11 22 4 1 1 1 0
12 22 4 8 2 1 0
15 24 4 1 1 1 0
16 10 4 4 2 1 0
16 12 4 8 2 1 0
16 14 4 8 2 1 0
16 16 4 8 2 1 0
16 18 4 8 2 1 0
16 20 4 8 2 1 0
16 24 4 4 1 1 0
19 6 4 4 2 1 0
19 8 4 4 2 1 0
20 10 4 2 2 1 0
20 22 4 2 2 1 0
22 10 4 1 1 1 0
22 11 4 2 1 1 0
22 22 4 1 1 1 0
24 12 4 1 4 1 0
24 16 4 2 2 1 0
24 18 4 1 3 1 0
25 15 4 1 1 1 0
8 10 5 2 8 1 0
8 18 5 2 4 1 0
10 10 5 2 8 1 0
10 18 5 2 4 1 0
11 6 5 8 2 1 0
11 8 5 1 2 1 0
11 22 5 1 1 1 0
12 8 5 2 8 1 0
12 16 5 2 8 1 0
14 8 5 2 8 1 0
14 16 5 2 8 1 0
15 24 5 1 1 1 0
16 8 5 2 8 1 0
16 16 5 2 8 1 0
16 24 5 4 1 1 0
18 8 5 2 8 1 0
18 16 5 2 8 1 0
19 6 5 4 2 1 0
20 8 5 2 8 1 0
20 16 5 2 8 1 0
22 8 5 1 3 1 0
22 11 5 2 8 1 0
22 19 5 2 1 1 0
22 20 5 2 2 1 0
22 22 5 1 1 1 0
24 12 5 1 4 1 0
24 16 5 2 2 1 0
24 18 5 1 3 1 0
25 15 5 1 1 1 0
8 10 6 8 2 1 0
8 12 6 8 2 1 0
8 14 6 8 2 1 0
8 16 6 8 2 1 0
8 18 6 8 2 1 0
8 20 6 8 2 1 0
11 6 6 8 2 1 0
11 8 6 8 2 1 0
11 22 6 1 1 1 0
12 22 6 8 2 1 0
15 24 6 1 1 1 0
16 10 6 4 2 1 0
16 12 6 8 2 1 0
16 14 6 8 2 1 0
16 16 6 8 2 1 0
16 18 6 8 2 1 0
16 20 6 8 2 1 0
16 24 6 4 1 1 0
19 6 6 4 2 1 0
19 8 6 4 2 1 0
20 10 6 2 2 1 0
20 22 6 2 2 1 0
22 10 6 1 1 1 0
22 11 6 2 1 1 0
22 22 6 1 1 1 0
24 12 6 1 4 1 0
24 16 6 2 2 1 0
24 18 6 1 3 1 0
25 15 6 1 1 1 0
9 14 7 1 2 1 0
9 16 7 1 4 1 0
10 12 7 2 8 1 0
10 20 7 2 2 1 0
11 11 7 1 1 1 0
11 22 7 1 1 1 0
12 10 7 4 2 1 0
12 12 7 2 4 1 0
12 16 7 2 8 1 0
13 9 7 3 1 1 0
14 12 7 2 4 1 0
14 16 7 2 8 1 0
15 8 7 1 1 1 0
15 24 7 1 1 1 0
16 8 7 2 8 1 0
16 16 7 2 8 1 0
16 24 7 4 1 1 0
18 8 7 1 1 1 0
18 9 7 4 2 1 0
18 11 7 4 1 1 0
18 12 7 2 4 1 0
18 16 7 2 8 1 0
20 12 7 2 4 1 0
20 16 7 2 8 1 0
22 10 7 1 1 1 0
22 11 7 2 8 1 0
22 19 7 2 1 1 0
22 20 7 2 2 1 0
22 22 7 1 1 1 0
24 12 7 1 4 1 0
24 16 7 2 2 1 0
24 18 7 1 3 1 0
25 15 7 1 1 1 0
4 32 8 2 2 1 0
4 34 8 1 1 1 0
5 34 8 2 2 1 0
6 33 8 1 1 1 0
9 13 8 1 3 1 0
9 16 8 1 4 1 0
10 11 8 2 8 1 0
10 19 8 2 1 1 0
10 20 8 2 2 1 0
11 10 8 1 1 1 0
11 22 8 1 1 1 0
12 9 8 2 8 1 0
12 17 8 2 1 1 0
12 18 8 4 2 1 0
12 20 8 4 2 1 0
12 22 8 8 2 1 0
14 8 8 2 8 1 0
14 16 8 2 2 1 0
14 24 8 2 1 1 0
16 8 8 4 2 1 0
16 10 8 8 2 1 0
16 12 8 8 2 1 0
16 14 8 8 2 1 0
16 16 8 8 2 1 0
16 18 8 8 2 1 0
16 20 8 8 2 1 0
16 24 8 4 1 1 0
20 9 8 2 1 1 0
20 22 8 2 2 1 0
20 24 8 1 1 1 0
22 22 8 2 1 1 0
22 23 8 1 1 1 0
24 12 8 1 2 1 0
24 14 8 2 2 1 0
24 16 8 2 4 1 0
24 20 8 1 2 1 0
3 32 9 1 2 1 0
4 32 9 2 2 1 0
4 34 9 1 1 1 0
5 34 9 1 2 1 0
6 33 9 1 1 1 0
6 34 9 2 2 1 0
8 14 9 1 4 1 0
8 18 9 1 1 1 0
9 12 9 2 8 1 0
9 20 9 1 2 1 0
10 10 9 4 2 1 0
10 20 9 2 2 1 0
10 22 9 1 1 1 0
11 9 9 3 1 1 0
11 12 9 1 4 1 0
11 16 9 1 4 1 0
11 22 9 1 2 1 0
12 12 9 2 4 1 0
12 16 9 2 8 1 0
13 8 9 1 1 1 0
13 24 9 3 1 1 0
14 8 9 2 8 1 0
14 16 9 2 8 1 0
15 25 9 1 1 1 0
16 8 9 2 8 1 0
16 16 9 2 8 1 0
16 24 9 4 2 1 0
18 8 9 2 8 1 0
18 16 9 2 8 1 0
20 8 9 2 8 1 0
20 16 9 2 8 1 0
20 24 9 2 1 1 0
22 9 9 1 1 1 0
22 10 9 2 2 1 0
22 12 9 2 4 1 0
22 16 9 2 8 1 0
24 11 9 1 1 1 0
24 12 9 2 8 1 0
24 20 9 1 3 1 0
25 20 9 1 1 1 0
2 32 10 1 1 1 0
3 31 10 1 3 1 0
4 32 10 2 2 1 0
4 34 10 2 1 1 0
5 35 10 1 1 1 0
6 33 10 1 1 1 0
6 34 10 2 2 1 0
7 36 10 1 1 1 0
8 14 10 8 2 1 0
8 16 10 8 2 1 0
8 18 10 1 1 1 0
8 35 10 1 1 1 0
9 12 10 1 2 1 0
9 18 10 2 4 1 0
10 10 10 2 4 1 0
10 22 10 1 1 1 0
11 9 10 2 1 1 0
11 18 10 1 2 1 0
11 20 10 1 4 1 0
12 10 10 4 2 1 0
12 12 10 4 2 1 0
12 18 10 4 2 1 0
12 20 10 4 2 1 0
12 22 10 4 2 1 0
13 8 10 8 2 1 0
13 24 10 3 1 1 0
15 25 10 1 1 1 0
16 10 10 8 2 1 0
16 12 10 8 2 1 0
16 14 10 8 2 1 0
16 16 10 8 2 1 0
16 18 10 8 2 1 0
16 20 10 8 2 1 0
16 22 10 8 2 1 0
16 24 10 4 2 1 0
20 24 10 2 1 1 0
21 8 10 1 1 1 0
21 9 10 2 1 1 0
24 11 10 1 1 1 0
24 12 10 2 8 1 0
24 20 10 1 3 1 0
25 20 10 1 1 1 0
2 31 11 2 2 1 0
3 33 11 1 1 1 0
7 34 11 1 3 1 0
8 14 11 1 4 1 0
8 18 11 1 1 1 0
8 35 11 1 1 1 0
9 12 11 2 8 1 0
9 20 11 1 2 1 0
10 10 11 4 2 1 0
10 20 11 2 2 1 0
10 22 11 1 1 1 0
11 9 11 3 1 1 0
11 12 11 1 4 1 0
11 16 11 1 4 1 0
11 22 11 1 2 1 0
12 12 11 2 4 1 0
12 16 11 2 8 1 0
13 8 11 1 1 1 0
13 24 11 3 1 1 0
14 8 11 2 8 1 0
14 16 11 2 8 1 0
15 25 11 1 1 1 0
16 8 11 2 8 1 0
16 16 11 2 8 1 0
16 24 11 4 2 1 0
18 8 11 2 8 1 0
18 16 11 2 8 1 0
20 8 11 2 8 1 0
20 16 11 2 8 1 0
20 24 11 2 1 1 0
22 9 11 1 1 1 0
22 10 11 2 2 1 0
22 12 11 2 4 1 0
22 16 11 2 8 1 0
24 11 11 1 1 1 0
24 12 11 2 8 1 0
24 20 11 1 3 1 0
25 20 11 1 1 1 0
2 31 12 2 2 1 0
4 32 12 1 1 1 0
7 34 12 1 1 1 0
7 35 12 2 1 1 0
9 13 12 1 3 1 0
9 16 12 1 4 1 0
10 11 12 2 8 1 0
10 19 12 2 1 1 0
10 20 12 2 2 1 0
11 10 12 1 1 1 0
11 22 12 1 1 1 0
12 9 12 2 8 1 0
12 17 12 2 1 1 0
12 18 12 4 2 1 0
12 20 12 4 2 1 0
12 22 12 8 2 1 0
14 8 12 2 8 1 0
14 16 12 2 2 1 0
14 24 12 2 1 1 0
16 8 12 4 2 1 0
16 10 12 8 2 1 0
16 12 12 8 2 1 0
16 14 12 8 2 1 0
16 16 12 8 2 1 0
16 18 12 8 2 1 0
16 20 12 8 2 1 0
16 24 12 4 1 1 0
20 9 12 2 1 1 0
20 22 12 2 2 1 0
20 24 12 1 1 1 0
22 22 12 2 1 1 0
22 23 12 1 1 1 0
24 12 12 1 2 1 0
24 14 12 2 4 1 0
24 18 12 1 3 1 0
25 18 12 1 1 1 0
2 32 13 1 1 1 0
3 31 13 2 4 1 0
5 31 13 1 2 1 0
5 34 13 4 2 1 0
6 32 13 1 1 1 0
6 33 13 3 1 1 0
10 15 13 1 3 1 0
11 13 13 2 8 1 0
12 11 13 1 2 1 0
12 21 13 1 1 1 0
13 11 13 2 8 1 0
13 19 13 2 4 1 0
14 10 13 1 1 1 0
15 10 13 1 2 1 0
15 12 13 1 4 1 0
15 16 13 1 4 1 0
15 20 13 1 3 1 0
16 10 13 2 2 1 0
16 12 13 2 4 1 0
16 16 13 2 8 1 0
18 10 13 2 8 1 0
18 18 13 2 4 1 0
18 22 13 3 1 1 0
18 23 13 1 1 1 0
20 10 13 1 1 1 0
20 11 13 2 8 1 0
20 19 13 2 1 1 0
20 20 13 2 2 1 0
22 12 13 1 2 1 0
22 14 13 2 2 1 0
22 16 13 2 4 1 0
22 20 13 1 2 1 0
23 13 13 1 1 1 0
2 33 14 2 2 1 0
3 31 14 3 1 1 0
3 32 14 1 1 1 0
3 35 14 1 1 1 0
4 32 14 4 2 1 0
4 34 14 4 2 1 0
5 36 14 3 1 1 0
8 33 14 1 2 1 0
11 14 14 8 2 1 0
11 16 14 1 3 1 0
12 12 14 8 2 1 0
12 16 14 4 2 1 0
12 18 14 8 2 1 0
12 20 14 1 1 1 0
13 11 14 3 1 1 0
13 20 14 8 2 1 0
15 10 14 1 1 1 0
15 22 14 1 1 1 0
16 10 14 4 2 1 0
16 16 14 8 2 1 0
16 22 14 4 1 1 0
18 9 14 2 1 1 0
19 14 14 4 2 1 0
20 10 14 2 4 1 0
20 18 14 2 2 1 0
21 20 14 1 2 1 0
22 11 14 1 3 1 0
22 18 14 1 3 1 0
23 12 14 1 1 1 0
23 15 14 1 1 1 0
2 32 15 2 4 1 0
4 31 15 3 1 1 0
4 32 15 2 4 1 0
4 36 15 4 1 1 0
6 32 15 2 4 1 0
8 33 15 1 2 1 0
12 14 15 1 4 1 0
12 18 15 1 1 1 0
13 12 15 2 8 1 0
13 20 15 2 1 1 0
15 11 15 2 8 1 0
15 19 15 2 2 1 0
15 21 15 2 1 1 0
17 10 15 2 8 1 0
17 18 15 2 4 1 0
18 9 15 1 1 1 0
19 9 15 2 8 1 0
19 17 15 2 4 1 0
19 21 15 1 1 1 0
21 10 15 1 1 1 0
21 11 15 2 8 1 0
21 19 15 1 1 1 0
23 12 15 1 1 1 0
2 32 16 2 4 1 0
3 31 16 4 1 1 0
4 32 16 4 2 1 0
4 34 16 4 2 1 0
4 36 16 4 1 1 0
8 33 16 1 2 1 0
12 17 16 8 2 1 0
13 16 16 3 1 1 0
13 19 16 4 2 1 0
14 14 16 8 2 1 0
15 13 16 1 1 1 0
15 21 16 3 1 1 0
16 11 16 1 1 1 0
16 12 16 4 2 1 0
16 16 16 4 1 1 0
17 10 16 4 2 1 0
17 19 16 2 2 1 0
18 9 16 2 1 1 0
20 12 16 2 2 1 0
20 16 16 2 1 1 0
20 17 16 1 1 1 0
21 10 16 1 2 1 0
22 11 16 1 4 1 0
23 12 16 1 1 1 0
3 31 17 1 4 1 0
4 31 17 2 1 1 0
4 32 17 2 4 1 0
6 32 17 1 1 1 0
6 33 17 3 1 1 0
6 34 17 2 2 1 0
8 34 17 1 1 1 0
12 17 17 1 3 1 0
13 16 17 2 4 1 0
13 20 17 2 1 1 0
14 15 17 1 1 1 0
15 13 17 2 8 1 0
15 21 17 3 1 1 0
16 12 17 1 1 1 0
17 11 17 2 8 1 0
17 19 17 2 2 1 0
18 9 17 1 2 1 0
19 9 17 2 8 1 0
19 17 17 1 3 1 0
20 17 17 1 1 1 0
21 10 17 1 1 1 0
21 11 17 2 4 1 0
21 15 17 1 2 1 0
23 12 17 1 1 1 0
2 31 18 4 2 1 0
2 33 18 1 1 1 0
3 29 18 2 2 1 0
3 33 18 4 2 1 0
5 35 18 2 1 1 0
6 32 18 1 1 1 0
7 33 18 2 4 1 0
9 33 18 1 3 1 0
11 15 18 1 1 1 0
12 13 18 8 2 1 0
12 15 18 8 2 1 0
12 18 18 8 2 1 0
13 12 18 4 1 1 0
13 17 18 3 1 1 0
13 20 18 1 1 1 0
14 11 18 1 1 1 0
14 20 18 4 2 1 0
16 17 18 4 1 1 0
17 10 18 1 3 1 0
18 9 18 2 4 1 0
18 20 18 1 1 1 0
19 20 18 2 2 1 0
20 9 18 1 1 1 0
20 10 18 2 8 1 0
20 18 18 2 2 1 0
21 20 18 1 1 1 0
22 11 18 1 4 1 0
22 17 18 1 2 1 0
23 12 18 1 1 1 0
1 29 19 2 4 1 0
1 33 19 2 1 1 0
3 29 19 2 4 1 0
3 33 19 8 2 1 0
4 28 19 1 1 1 0
5 28 19 1 2 1 0
5 31 19 1 1 1 0
5 32 19 3 1 1 0
5 35 19 1 1 1 0
6 35 19 4 2 1 0
7 37 19 2 1 1 0
9 31 19 1 2 1 0
10 32 19 1 1 1 0
11 15 19 2 2 1 0
11 17 19 1 1 1 0
12 13 19 1 2 1 0
12 17 19 1 3 1 0
13 12 19 2 8 1 0
13 20 19 1 1 1 0
14 11 19 2 1 1 0
14 20 19 2 2 1 0
15 12 19 2 8 1 0
16 20 19 1 3 1 0
17 10 19 2 8 1 0
17 18 19 2 4 1 0
18 9 19 1 1 1 0
19 9 19 2 8 1 0
19 17 19 2 4 1 0
19 21 19 1 2 1 0
20 21 19 1 1 1 0
21 10 19 1 1 1 0
21 11 19 2 4 1 0
21 15 19 1 1 1 0
21 16 19 1 4 1 0
21 20 19 1 1 1 0
22 16 19 2 2 1 0
22 18 19 1 1 1 0
23 12 19 1 1 1 0
0 31 20 8 2 1 0
1 29 20 4 2 1 0
1 33 20 2 2 1 0
2 28 20 3 1 1 0
3 27 20 1 1 1 0
3 33 20 1 1 1 0
4 33 20 4 2 1 0
5 27 20 2 2 1 0
5 29 20 1 2 1 0
5 35 20 1 1 1 0
6 35 20 4 2 1 0
6 37 20 3 1 1 0
8 32 20 4 2 1 0
8 34 20 3 1 1 0
9 31 20 3 1 1 0
10 16 20 1 1 1 0
10 30 20 1 1 1 0
11 15 20 1 3 1 0
12 13 20 8 2 1 0
12 15 20 4 1 1 0
12 16 20 4 2 1 0
12 18 20 8 2 1 0
13 12 20 1 1 1 0
13 20 20 1 1 1 0
14 10 20 2 1 1 0
14 11 20 8 2 1 0
14 20 20 2 2 1 0
15 22 20 2 1 1 0
16 15 20 4 1 1 0
16 16 20 8 2 1 0
16 20 20 4 2 1 0
18 9 20 2 2 1 0
18 22 20 2 1 1 0
20 10 20 2 1 1 0
20 13 20 2 1 1 0
20 14 20 2 2 1 0
20 18 20 2 2 1 0
20 20 20 2 1 1 0
20 21 20 1 1 1 0
22 11 20 1 1 1 0
22 12 20 1 4 1 0
22 18 20 1 1 1 0
23 12 20 1 1 1 0
23 15 20 1 1 1 0
0 31 21 1 2 1 0
1 30 21 2 4 1 0
1 34 21 4 1 1 0
2 28 21 1 2 1 0
3 26 21 2 8 1 0
5 26 21 2 2 1 0
5 28 21 1 2 1 0
5 30 21 2 2 1 0
5 32 21 1 4 1 0
6 28 21 1 1 1 0
6 32 21 2 4 1 0
6 36 21 2 2 1 0
7 25 21 2 4 1 0
7 31 21 1 1 1 0
8 29 21 1 1 1 0
8 32 21 2 4 1 0
8 36 21 1 2 1 0
9 26 21 1 1 1 0
9 28 21 2 4 1 0
9 36 21 1 1 1 0
10 16 21 2 2 1 0
10 32 21 2 2 1 0
10 34 21 1 1 1 0
11 15 21 1 1 1 0
11 29 21 2 2 1 0
11 31 21 1 1 1 0
12 13 21 2 8 1 0
13 12 21 1 1 1 0
14 10 21 2 8 1 0
14 18 21 8 2 1 0
14 20 21 2 2 1 0
15 9 21 1 1 1 0
15 22 21 2 1 1 0
16 10 21 2 8 1 0
16 20 21 4 2 1 0
18 9 21 2 8 1 0
18 17 21 2 1 1 0
18 22 21 2 1 1 0
20 10 21 2 8 1 0
20 20 21 1 2 1 0
21 20 21 1 1 1 0
22 11 21 1 3 1 0
22 14 21 2 4 1 0
22 18 21 1 1 1 0
23 12 21 1 1 1 0
24 15 21 1 1 1 0
0 31 22 8 2 1 0
1 29 22 1 1 1 0
1 30 22 4 1 1 0
1 33 22 8 2 1 0
2 28 22 8 2 1 0
3 26 22 1 2 1 0
4 25 22 4 1 1 0
4 26 22 4 2 1 0
5 30 22 2 1 1 0
5 35 22 1 1 1 0
6 35 22 4 2 1 0
6 37 22 3 1 1 0
8 24 22 2 4 1 0
8 30 22 1 1 1 0
8 32 22 1 1 1 0
9 30 22 1 4 1 0
9 34 22 2 1 1 0
10 16 22 2 2 1 0
10 25 22 1 1 1 0
10 27 22 2 1 1 0
10 28 22 2 4 1 0
10 32 22 2 2 1 0
11 15 22 1 1 1 0
12 13 22 1 1 1 0
12 14 22 4 2 1 0
12 16 22 4 2 1 0
12 18 22 8 2 1 0
12 20 22 2 1 1 0
12 28 22 1 3 1 0
13 12 22 8 2 1 0
14 10 22 8 2 1 0
14 20 22 2 2 1 0
15 9 22 1 1 1 0
15 22 22 2 1 1 0
16 9 22 4 1 1 0
16 14 22 8 2 1 0
16 16 22 8 2 1 0
16 20 22 4 2 1 0
18 22 22 2 1 1 0
20 18 22 2 2 1 0
20 20 22 2 1 1 0
20 21 22 1 1 1 0
21 12 22 2 2 1 0
22 11 22 1 1 1 0
22 18 22 1 1 1 0
23 12 22 1 1 1 0
24 14 22 1 2 1 0
0 31 23 2 2 1 0
1 29 23 1 2 1 0
1 33 23 1 2 1 0
2 28 23 2 4 1 0
2 32 23 2 2 1 0
2 34 23 1 1 1 0
3 27 23 1 1 1 0
4 25 23 2 8 1 0
4 33 23 2 2 1 0
5 24 23 1 1 1 0
5 35 23 1 1 1 0
6 24 23 2 8 1 0
6 32 23 2 4 1 0
6 36 23 2 2 1 0
8 23 23 1 1 1 0
8 24 23 2 8 1 0
8 32 23 2 4 1 0
8 36 23 1 2 1 0
9 36 23 1 1 1 0
10 16 23 1 1 1 0
10 25 23 2 1 1 0
10 26 23 2 2 1 0
10 28 23 2 4 1 0
10 32 23 1 3 1 0
11 15 23 1 3 1 0
11 33 23 1 1 1 0
12 13 23 2 8 1 0
12 26 23 1 1 1 0
12 27 23 2 2 1 0
12 29 23 1 2 1 0
13 12 23 1 1 1 0
14 10 23 2 8 1 0
14 18 23 8 2 1 0
14 20 23 2 2 1 0
15 9 23 1 1 1 0
15 22 23 2 1 1 0
16 8 23 1 1 1 0
16 9 23 2 8 1 0
16 17 23 4 1 1 0
16 20 23 4 2 1 0
18 9 23 2 8 1 0
18 22 23 2 1 1 0
20 10 23 2 8 1 0
20 20 23 1 2 1 0
21 20 23 1 1 1 0
22 11 23 1 1 1 0
22 12 23 2 4 1 0
22 16 23 2 2 1 0
22 18 23 1 1 1 0
24 13 23 1 3 1 0
1 29 24 8 2 1 0
1 31 24 4 2 1 0
1 33 24 2 1 1 0
2 28 24 2 1 1 0
3 26 24 8 2 1 0
4 25 24 1 1 1 0
4 28 24 4 1 1 0
5 23 24 3 1 1 0
5 24 24 8 2 1 0
5 32 24 1 1 1 0
5 33 24 2 1 1 0
6 36 24 1 1 1 0
7 31 24 1 1 1 0
7 33 24 4 2 1 0
7 35 24 2 2 1 0
7 37 24 2 1 1 0
8 22 24 2 2 1 0
8 28 24 1 1 1 0
8 31 24 2 2 1 0
9 28 24 4 2 1 0
9 30 24 1 1 1 0
9 35 24 1 2 1 0
10 23 24 1 1 1 0
10 30 24 2 2 1 0
10 32 24 1 1 1 0
11 15 24 1 3 1 0
11 26 24 4 2 1 0
12 13 24 2 1 1 0
12 14 24 4 2 1 0
12 16 24 4 2 1 0
12 18 24 8 2 1 0
12 30 24 1 1 1 0
13 12 24 1 1 1 0
13 20 24 1 1 1 0
13 25 24 1 1 1 0
13 28 24 1 1 1 0
14 10 24 8 2 1 0
14 12 24 2 2 1 0
14 20 24 2 2 1 0
15 9 24 1 1 1 0
16 7 24 2 1 1 0
16 8 24 2 2 1 0
16 12 24 8 2 1 0
16 14 24 8 2 1 0
16 16 24 8 2 1 0
16 20 24 4 2 1 0
16 22 24 1 1 1 0
18 8 24 1 1 1 0
18 9 24 2 1 1 0
19 22 24 1 1 1 0
20 18 24 2 2 1 0
20 20 24 2 1 1 0
20 21 24 1 1 1 0
22 11 24 1 1 1 0
22 18 24 1 1 1 0
24 12 24 1 1 1 0
24 13 24 2 2 1 0
24 15 24 1 1 1 0
1 29 25 1 2 1 0
2 28 25 2 4 1 0
2 32 25 1 2 1 0
3 26 25 1 2 1 0
3 32 25 1 1 1 0
4 25 25 1 1 1 0
4 26 25 2 2 1 0
4 28 25 2 4 1 0
5 23 25 1 3 1 0
6 22 25 2 2 1 0
6 24 25 2 8 1 0
7 32 25 1 1 1 0
7 34 25 2 2 1 0
7 36 25 2 1 1 0
8 22 25 4 2 1 0
8 24 25 2 8 1 0
8 32 25 2 2 1 0
9 21 25 2 1 1 0
9 34 25 1 1 1 0
10 24 25 2 8 1 0
10 32 25 1 2 1 0
11 15 25 2 2 1 0
12 13 25 1 2 1 0
12 18 25 1 2 1 0
12 22 25 1 2 1 0
12 24 25 2 4 1 0
12 28 25 1 3 1 0
13 12 25 2 8 1 0
13 23 25 1 1 1 0
13 28 25 1 1 1 0
14 10 25 2 2 1 0
14 20 25 1 1 1 0
14 24 25 1 4 1 0
15 9 25 1 1 1 0
15 12 25 1 4 1 0
15 16 25 1 1 1 0
15 17 25 8 2 1 0
15 19 25 4 2 1 0
15 21 25 3 1 1 0
15 25 25 1 1 1 0
16 7 25 3 1 1 0
16 8 25 2 8 1 0
16 16 25 4 1 1 0
18 8 25 2 8 1 0
19 19 25 2 2 1 0
19 21 25 2 1 1 0
20 8 25 2 8 1 0
20 16 25 2 1 1 0
21 19 25 1 2 1 0
22 8 25 1 1 1 0
22 9 25 2 8 1 0
23 17 25 1 1 1 0
24 11 25 1 1 1 0
24 12 25 2 2 1 0
24 14 25 1 2 1 0
25 14 25 1 1 1 0
2 28 26 8 2 1 0
3 26 26 8 2 1 0
3 30 26 8 2 1 0
4 25 26 1 1 1 0
5 23 26 1 3 1 0
6 22 26 8 2 1 0
6 24 26 2 2 1 0
6 32 26 2 1 1 0
8 24 26 8 2 1 0
8 32 26 2 2 1 0
8 34 26 2 1 1 0
8 35 26 1 1 1 0
9 21 26 1 1 1 0
10 20 26 2 2 1 0
10 28 26 2 2 1 0
10 32 26 1 2 1 0
11 26 26 4 2 1 0
11 30 26 1 2 1 0
12 13 26 2 1 1 0
12 14 26 2 2 1 0
12 21 26 1 1 1 0
12 28 26 1 3 1 0
13 12 26 1 1 1 0
13 16 26 1 3 1 0
13 28 26 1 1 1 0
14 10 26 2 8 1 0
14 18 26 8 2 1 0
14 22 26 1 1 1 0
14 23 26 3 1 1 0
15 9 26 1 1 1 0
16 7 26 4 1 1 0
16 8 26 8 2 1 0
16 10 26 8 2 1 0
16 12 26 8 2 1 0
16 14 26 8 2 1 0
16 16 26 8 2 1 0
16 20 26 4 1 1 0
16 24 26 1 1 1 0
17 6 26 1 1 1 0
17 21 26 1 1 1 0
20 20 26 2 1 1 0
21 7 26 2 1 1 0
22 18 26 1 1 1 0
24 9 26 1 1 1 0
24 11 26 2 4 1 0
24 15 26 1 1 1 0
26 12 26 1 1 1 0
3 26 27 1 2 1 0
3 30 27 1 1 1 0
4 25 27 2 4 1 0
4 29 27 2 2 1 0
5 23 27 1 2 1 0
5 31 27 1 1 1 0
6 22 27 4 2 1 0
6 24 27 2 8 1 0
6 32 27 2 1 1 0
8 24 27 2 8 1 0
8 32 27 2 2 1 0
9 19 27 4 1 1 0
9 21 27 1 1 1 0
10 20 27 2 4 1 0
10 24 27 2 8 1 0
10 32 27 1 2 1 0
12 13 27 2 2 1 0
12 20 27 2 8 1 0
12 28 27 1 3 1 0
13 12 27 1 1 1 0
13 15 27 1 2 1 0
13 28 27 1 1 1 0
14 10 27 2 8 1 0
14 20 27 1 1 1 0
14 21 27 2 4 1 0
14 25 27 1 3 1 0
15 9 27 1 1 1 0
15 18 27 2 1 1 0
15 25 27 1 1 1 0
16 7 27 1 1 1 0
16 8 27 2 8 1 0
16 16 27 8 2 1 0
16 22 27 1 3 1 0
17 6 27 1 2 1 0
17 18 27 4 2 1 0
17 22 27 1 1 1 0
18 6 27 2 2 1 0
18 8 27 2 8 1 0
20 7 27 1 1 1 0
20 8 27 2 8 1 0
20 20 27 1 1 1 0
21 6 27 2 2 1 0
21 18 27 1 3 1 0
22 8 27 2 8 1 0
22 18 27 1 1 1 0
23 7 27 1 1 1 0
24 8 27 1 2 1 0
24 10 27 2 4 1 0
24 14 27 1 2 1 0
25 14 27 1 1 1 0
26 11 27 1 2 1 0
4 25 28 2 1 1 0
4 26 28 1 1 1 0
4 28 28 8 2 1 0
5 23 28 3 1 1 0
5 24 28 1 1 1 0
5 26 28 8 2 1 0
6 24 28 2 2 1 0
6 30 28 2 1 1 0
7 31 28 1 1 1 0
8 22 28 8 2 1 0
8 24 28 8 2 1 0
8 30 28 4 2 1 0
9 19 28 3 1 1 0
9 20 28 8 2 1 0
9 32 28 2 1 1 0
11 17 28 1 2 1 0
12 13 28 4 2 1 0
12 18 28 2 2 1 0
12 28 28 1 3 1 0
13 12 28 3 1 1 0
13 26 28 2 2 1 0
13 28 28 1 1 1 0
14 10 28 2 2 1 0
14 15 28 1 1 1 0
14 19 28 2 1 1 0
15 9 28 1 1 1 0
16 7 28 2 1 1 0
16 8 28 8 2 1 0
16 10 28 8 2 1 0
16 12 28 8 2 1 0
16 14 28 8 2 1 0
16 22 28 1 3 1 0
17 6 28 1 1 1 0
17 16 28 3 1 1 0
17 21 28 2 2 1 0
18 5 28 2 1 1 0
18 6 28 2 2 1 0
19 17 28 1 2 1 0
20 6 28 4 2 1 0
20 16 28 4 2 1 0
20 18 28 2 2 1 0
22 5 28 1 1 1 0
22 18 28 1 1 1 0
24 7 28 2 8 1 0
24 15 28 1 1 1 0
26 10 28 1 3 1 0
27 11 28 1 1 1 0
5 24 29 1 4 1 0
6 23 29 2 1 1 0
6 24 29 2 4 1 0
6 28 29 2 1 1 0
8 22 29 2 8 1 0
9 19 29 1 3 1 0
9 30 29 1 1 1 0
10 16 29 2 2 1 0
10 19 29 1 1 1 0
10 20 29 2 4 1 0
10 24 29 2 8 1 0
11 15 29 2 1 1 0
11 18 29 1 2 1 0
12 16 29 2 8 1 0
12 24 29 2 4 1 0
12 28 29 1 3 1 0
13 12 29 1 2 1 0
13 28 29 1 1 1 0
14 10 29 2 4 1 0
14 14 29 2 1 1 0
14 17 29 1 1 1 0
14 18 29 2 8 1 0
14 26 29 1 2 1 0
15 9 29 1 1 1 0
16 7 29 1 1 1 0
16 8 29 2 8 1 0
16 18 29 1 1 1 0
16 19 29 2 4 1 0
16 23 29 1 2 1 0
17 6 29 1 2 1 0
17 16 29 3 1 1 0
18 4 29 2 4 1 0
18 8 29 2 8 1 0
18 19 29 1 2 1 0
18 21 29 2 2 1 0
19 17 29 1 1 1 0
20 5 29 1 1 1 0
20 6 29 4 2 1 0
20 8 29 2 8 1 0
20 16 29 4 2 1 0
20 18 29 3 1 1 0
20 21 29 1 1 1 0
21 19 29 1 1 1 0
22 5 29 1 1 1 0
22 8 29 2 8 1 0
24 6 29 1 1 1 0
24 7 29 2 8 1 0
24 15 29 1 1 1 0
26 9 29 1 1 1 0
26 10 29 2 2 1 0
26 12 29 1 1 1 0
6 25 30 2 1 1 0
6 26 30 1 1 1 0
7 24 30 1 1 1 0
7 26 30 8 2 1 0
8 22 30 8 2 1 0
8 24 30 8 2 1 0
8 28 30 2 1 1 0
9 21 30 3 1 1 0
10 16 30 1 1 1 0
10 17 30 8 2 1 0
10 19 30 8 2 1 0
10 28 30 2 2 1 0
11 15 30 4 2 1 0
11 30 30 1 1 1 0
12 14 30 1 1 1 0
12 21 30 4 1 1 0
12 28 30 1 3 1 0
13 28 30 1 1 1 0
14 10 30 2 2 1 0
14 12 30 1 1 1 0
15 9 30 1 1 1 0
15 12 30 1 3 1 0
15 16 30 1 1 1 0
16 7 30 1 1 1 0
16 8 30 8 2 1 0
16 10 30 8 2 1 0
16 12 30 8 2 1 0
16 14 30 1 1 1 0
16 21 30 4 2 1 0
16 23 30 3 1 1 0
16 24 30 1 1 1 0
17 6 30 8 2 1 0
17 14 30 8 2 1 0
18 4 30 2 2 1 0
18 16 30 4 1 1 0
18 18 30 1 1 1 0
18 19 30 2 2 1 0
20 5 30 3 1 1 0
20 19 30 1 3 1 0
21 17 30 1 1 1 0
22 16 30 2 2 1 0
24 8 30 2 2 1 0
24 10 30 4 2 1 0
24 12 30 2 2 1 0
25 7 30 1 1 1 0
25 14 30 1 1 1 0
26 8 30 1 1 1 0
26 9 30 2 1 1 0
26 12 30 1 1 1 0
7 24 31 1 2 1 0
8 22 31 2 2 1 0
8 24 31 8 2 1 0
8 26 31 1 1 1 0
9 21 31 1 1 1 0
9 26 31 4 2 1 0
10 16 31 2 8 1 0
11 15 31 1 1 1 0
11 28 31 3 1 1 0
12 13 31 4 1 1 0
12 14 31 4 2 1 0
12 16 31 2 8 1 0
12 29 31 1 1 1 0
13 26 31 2 2 1 0
14 16 31 2 8 1 0
15 12 31 1 1 1 0
16 7 31 1 1 1 0
16 8 31 2 2 1 0
16 12 31 2 4 1 0
16 16 31 2 8 1 0
16 24 31 1 1 1 0
17 6 31 1 2 1 0
17 10 31 1 2 1 0
18 4 31 2 4 1 0
18 8 31 2 8 1 0
18 16 31 2 8 1 0
20 5 31 1 1 1 0
20 6 31 2 2 1 0
20 8 31 2 8 1 0
20 16 31 2 4 1 0
20 20 31 1 2 1 0
21 4 31 1 2 1 0
22 5 31 2 8 1 0
22 13 31 1 2 1 0
23 13 31 1 1 1 0
24 6 31 1 1 1 0
24 7 31 2 8 1 0
26 7 31 1 3 1 0
26 10 31 2 2 1 0
26 12 31 1 1 1 0
8 22 32 8 2 1 0
8 24 32 2 1 1 0
9 17 32 8 2 1 0
9 19 32 1 1 1 0
9 21 32 3 1 1 0
9 25 32 1 1 1 0
10 16 32 1 1 1 0
10 19 32 8 2 1 0
10 24 32 2 2 1 0
10 26 32 2 1 1 0
11 15 32 8 2 1 0
12 13 32 8 2 1 0
12 21 32 4 1 1 0
12 24 32 4 2 1 0
12 26 32 2 2 1 0
13 12 32 2 1 1 0
14 26 32 1 2 1 0
15 11 32 8 2 1 0
16 21 32 2 1 1 0
16 22 32 4 2 1 0
16 24 32 3 1 1 0
17 6 32 2 1 1 0
17 10 32 1 1 1 0
17 17 32 4 2 1 0
18 4 32 2 2 1 0
18 9 32 8 2 1 0
18 19 32 4 1 1 0
18 20 32 2 2 1 0
19 3 32 1 1 1 0
19 6 32 8 2 1 0
19 8 32 1 1 1 0
19 15 32 1 2 1 0
20 2 32 2 2 1 0
20 4 32 4 2 1 0
20 8 32 4 1 1 0
20 13 32 2 4 1 0
20 20 32 1 2 1 0
21 17 32 2 2 1 0
22 3 32 1 1 1 0
22 13 32 1 3 1 0
23 11 32 3 1 1 0
23 12 32 1 1 1 0
24 5 32 1 1 1 0
24 8 32 2 1 1 0
26 8 32 2 4 1 0
26 12 32 1 1 1 0
27 7 32 1 1 1 0
28 7 32 1 3 1 0
29 8 32 1 1 1 0
8 22 33 1 1 1 0
9 17 33 1 3 1 0
9 20 33 1 4 1 0
10 16 33 2 8 1 0
10 24 33 2 1 1 0
11 15 33 1 1 1 0
12 13 33 1 1 1 0
12 14 33 2 2 1 0
12 16 33 2 8 1 0
12 24 33 4 2 1 0
13 12 33 1 2 1 0
13 26 33 2 1 1 0
14 10 33 2 2 1 0
14 12 33 2 4 1 0
14 16 33 2 8 1 0
15 9 33 1 1 1 0
16 7 33 1 1 1 0
16 8 33 2 8 1 0
16 16 33 2 8 1 0
16 24 33 1 2 1 0
17 6 33 1 2 1 0
17 24 33 1 1 1 0
18 4 33 2 4 1 0
18 8 33 2 8 1 0
18 16 33 2 4 1 0
18 20 33 2 2 1 0
18 22 33 1 3 1 0
19 3 33 1 1 1 0
19 22 33 1 1 1 0
20 1 33 3 1 1 0
20 2 33 4 2 1 0
20 4 33 2 4 1 0
20 8 33 2 8 1 0
20 16 33 2 4 1 0
20 20 33 1 2 1 0
22 4 33 2 4 1 0
22 8 33 2 8 1 0
22 16 33 1 3 1 0
23 16 33 1 1 1 0
24 4 33 1 1 1 0
24 5 33 2 8 1 0
24 13 33 2 2 1 0
24 15 33 1 1 1 0
26 5 33 1 1 1 0
26 6 33 4 2 1 0
26 8 33 2 4 1 0
26 12 33 1 1 1 0
28 5 33 1 1 1 0
28 8 33 1 2 1 0
29 8 33 1 1 1 0
9 17 34 8 2 1 0
9 19 34 8 2 1 0
9 21 34 1 1 1 0
10 16 34 1 1 1 0
10 21 34 8 2 1 0
11 14 34 1 3 1 0
11 23 34 2 1 1 0
12 13 34 2 1 1 0
12 14 34 4 2 1 0
12 16 34 4 1 1 0
13 12 34 1 1 1 0
13 23 34 4 2 1 0
14 10 34 2 4 1 0
14 25 34 4 1 1 0
15 9 34 1 1 1 0
16 7 34 1 1 1 0
16 8 34 8 2 1 0
16 10 34 8 2 1 0
16 12 34 8 2 1 0
16 14 34 8 2 1 0
16 16 34 1 1 1 0
17 6 34 8 2 1 0
17 16 34 4 2 1 0
17 18 34 4 2 1 0
17 20 34 1 1 1 0
17 23 34 2 2 1 0
18 4 34 8 2 1 0
18 20 34 2 2 1 0
18 22 34 2 1 1 0
19 3 34 1 1 1 0
20 1 34 1 1 1 0
20 2 34 4 2 1 0
20 20 34 1 2 1 0
21 0 34 2 2 1 0
21 16 34 2 2 1 0
21 18 34 2 1 1 0
21 19 34 1 1 1 0
23 1 34 1 1 1 0
23 16 34 1 1 1 0
24 3 34 1 1 1 0
24 8 34 4 2 1 0
24 10 34 4 2 1 0
24 12 34 2 2 1 0
24 14 34 2 1 1 0
24 15 34 1 1 1 0
25 6 34 4 2 1 0
26 5 34 4 1 1 0
26 12 34 1 1 1 0
28 8 34 1 2 1 0
29 6 34 1 3 1 0
30 6 34 1 1 1 0
9 17 35 1 4 1 0
10 16 35 2 4 1 0
10 20 35 2 1 1 0
11 15 35 1 1 1 0
11 21 35 3 1 1 0
12 13 35 2 8 1 0
13 12 35 1 1 1 0
13 22 35 1 1 1 0
14 10 35 2 2 1 0
14 12 35 2 4 1 0
14 16 35 2 8 1 0
15 9 35 1 1 1 0
15 24 35 4 1 1 0
16 7 35 1 1 1 0
16 8 35 2 8 1 0
16 16 35 2 8 1 0
17 6 35 1 2 1 0
17 25 35 1 1 1 0
18 4 35 2 4 1 0
18 8 35 2 8 1 0
18 16 35 2 4 1 0
18 20 35 2 2 1 0
18 22 35 1 2 1 0
19 3 35 1 1 1 0
19 22 35 1 1 1 0
20 1 35 1 3 1 0
20 4 35 1 4 1 0
20 8 35 2 8 1 0
20 16 35 2 4 1 0
20 20 35 1 2 1 0
21 0 35 2 8 1 0
21 20 35 1 1 1 0
22 8 35 2 8 1 0
22 16 35 1 3 1 0
23 1 35 1 3 1 0
23 4 35 1 4 1 0
23 16 35 1 1 1 0
24 2 35 1 1 1 0
24 3 35 2 8 1 0
24 11 35 2 4 1 0
24 15 35 1 1 1 0
26 3 35 1 1 1 0
26 4 35 2 8 1 0
26 12 35 1 1 1 0
28 4 35 1 1 1 0
28 5 35 2 4 1 0
28 9 35 1 1 1 0
30 5 35 1 2 1 0
9 18 36 1 1 1 0
10 16 36 8 2 1 0
10 18 36 8 2 1 0
11 15 36 1 1 1 0
12 13 36 2 1 1 0
12 14 36 4 2 1 0
12 20 36 2 1 1 0
13 12 36 1 1 1 0
14 10 36 2 4 1 0
14 20 36 2 2 1 0
15 9 36 1 1 1 0
15 22 36 1 1 1 0
16 7 36 1 1 1 0
16 8 36 8 2 1 0
16 10 36 8 2 1 0
16 12 36 8 2 1 0
16 14 36 8 2 1 0
16 20 36 4 2 1 0
16 22 36 2 2 1 0
17 6 36 8 2 1 0
18 4 36 8 2 1 0
18 16 36 4 2 1 0
18 18 36 4 2 1 0
18 22 36 1 3 1 0
19 3 36 1 1 1 0
19 22 36 1 1 1 0
20 1 36 2 1 1 0
20 2 36 4 2 1 0
20 20 36 2 1 1 0
20 21 36 1 1 1 0
21 0 36 1 1 1 0
22 0 36 2 2 1 0
22 16 36 1 3 1 0
23 16 36 1 1 1 0
24 2 36 2 2 1 0
24 8 36 2 4 1 0
24 12 36 2 2 1 0
24 14 36 2 1 1 0
24 15 36 1 1 1 0
25 6 36 1 2 1 0
26 3 36 1 1 1 0
26 4 36 2 8 1 0
26 12 36 1 1 1 0
28 4 36 2 4 1 0
28 8 36 2 1 1 0
28 9 36 1 1 1 0
30 5 36 1 2 1 0
10 16 37 1 2 1 0
11 15 37 2 4 1 0
12 13 37 1 2 1 0
13 12 37 2 8 1 0
14 10 37 2 2 1 0
15 9 37 1 1 1 0
15 12 37 1 4 1 0
15 16 37 8 2 1 0
15 18 37 1 3 1 0
16 7 37 1 1 1 0
16 8 37 2 8 1 0
16 18 37 2 4 1 0
17 6 37 1 2 1 0
17 22 37 3 1 1 0
18 4 37 2 4 1 0
18 8 37 2 8 1 0
18 18 37 2 4 1 0
19 3 37 1 1 1 0
20 1 37 1 1 1 0
20 2 37 2 2 1 0
20 4 37 2 4 1 0
20 8 37 2 8 1 0
20 18 37 2 2 1 0
20 20 37 1 2 1 0
21 0 37 1 2 1 0
21 20 37 1 1 1 0
22 0 37 2 8 1 0
22 8 37 2 8 1 0
22 18 37 1 1 1 0
23 16 37 1 1 1 0
24 2 37 2 8 1 0
24 10 37 2 4 1 0
24 14 37 1 2 1 0
25 14 37 1 1 1 0
26 3 37 1 1 1 0
26 4 37 2 8 1 0
26 12 37 1 1 1 0
28 4 37 2 4 1 0
28 8 37 1 2 1 0
29 8 37 1 1 1 0
30 5 37 1 2 1 0
11 14 38 1 3 1 0
12 13 38 2 1 1 0
12 14 38 4 2 1 0
12 16 38 8 2 1 0
13 12 38 1 1 1 0
14 10 38 2 4 1 0
14 18 38 2 1 1 0
15 9 38 1 1 1 0
16 7 38 1 1 1 0
16 8 38 8 2 1 0
16 10 38 8 2 1 0
16 12 38 8 2 1 0
16 14 38 8 2 1 0
16 18 38 4 2 1 0
17 6 38 8 2 1 0
17 20 38 1 1 1 0
18 4 38 8 2 1 0
18 20 38 2 2 1 0
19 3 38 1 1 1 0
20 1 38 2 1 1 0
20 2 38 4 2 1 0
20 16 38 2 4 1 0
20 20 38 2 1 1 0
20 21 38 1 1 1 0
21 0 38 1 1 1 0
22 0 38 2 2 1 0
22 16 38 1 3 1 0
23 16 38 1 1 1 0
24 2 38 1 1 1 0
24 3 38 3 1 1 0
24 8 38 2 4 1 0
24 12 38 2 2 1 0
24 14 38 2 1 1 0
24 15 38 1 1 1 0
25 6 38 1 2 1 0
26 4 38 2 8 1 0
26 12 38 1 1 1 0
28 4 38 1 1 1 0
28 5 38 2 4 1 0
28 9 38 1 1 1 0
30 5 38 1 2 1 0
12 13 39 2 4 1 0
13 12 39 1 1 1 0
13 17 39 1 1 1 0
14 10 39 2 8 1 0
15 9 39 1 1 1 0
16 7 39 1 1 1 0
16 8 39 2 8 1 0
16 16 39 8 2 1 0
16 18 39 1 1 1 0
17 6 39 1 2 1 0
17 18 39 4 2 1 0
18 4 39 2 4 1 0
18 8 39 2 8 1 0
19 3 39 1 1 1 0
19 20 39 2 1 1 0
20 1 39 1 3 1 0
20 4 39 1 4 1 0
20 8 39 2 8 1 0
21 0 39 2 8 1 0
21 18 39 1 3 1 0
22 8 39 2 8 1 0
22 18 39 1 1 1 0
23 1 39 1 3 1 0
23 4 39 1 4 1 0
24 3 39 2 8 1 0
24 11 39 2 4 1 0
24 15 39 1 1 1 0
26 4 39 1 2 1 0
26 6 39 2 2 1 0
26 8 39 2 4 1 0
26 12 39 1 1 1 0
27 5 39 1 1 1 0
28 5 39 2 4 1 0
28 9 39 1 1 1 0
30 5 39 1 2 1 0
12 13 40 2 1 1 0
12 15 40 4 2 1 0
13 12 40 1 1 1 0
13 14 40 3 1 1 0
13 17 40 3 1 1 0
14 10 40 8 2 1 0
14 12 40 2 2 1 0
15 9 40 1 1 1 0
16 7 40 8 2 1 0
16 9 40 4 1 1 0
16 12 40 8 2 1 0
16 14 40 8 2 1 0
16 16 40 2 1 1 0
17 6 40 1 1 1 0
18 4 40 1 1 1 0
18 5 40 8 2 1 0
18 16 40 2 2 1 0
19 3 40 4 2 1 0
19 18 40 1 1 1 0
20 1 40 4 2 1 0
20 16 40 4 2 1 0
20 18 40 2 2 1 0
21 0 40 1 1 1 0
22 9 40 1 1 1 0
22 11 40 1 1 1 0
22 18 40 1 1 1 0
23 4 40 2 1 1 0
23 9 40 1 3 1 0
24 7 40 2 8 1 0
24 15 40 1 1 1 0
26 6 40 4 2 1 0
26 8 40 2 4 1 0
26 12 40 1 1 1 0
28 5 40 2 1 1 0
28 8 40 2 1 1 0
28 9 40 1 1 1 0
30 6 40 1 1 1 0
13 12 41 1 1 1 0
13 14 41 1 3 1 0
14 10 41 2 2 1 0
14 12 41 2 4 1 0
14 16 41 2 1 1 0
15 9 41 1 1 1 0
16 7 41 1 1 1 0
16 8 41 2 8 1 0
17 6 41 1 2 1 0
18 4 41 2 4 1 0
18 8 41 2 8 1 0
18 16 41 2 1 1 0
19 3 41 1 1 1 0
20 1 41 2 1 1 0
20 2 41 2 2 1 0
20 4 41 2 4 1 0
20 9 41 1 1 1 0
20 10 41 2 8 1 0
22 2 41 1 3 1 0
22 5 41 2 4 1 0
22 11 41 2 1 1 0
22 12 41 2 4 1 0
22 16 41 1 2 1 0
23 9 41 1 1 1 0
23 16 41 1 1 1 0
24 6 41 1 1 1 0
24 7 41 2 8 1 0
24 15 41 1 1 1 0
26 7 41 1 1 1 0
26 8 41 2 4 1 0
26 12 41 1 1 1 0
27 6 41 2 2 1 0
28 8 41 1 2 1 0
29 7 41 1 2 1 0
13 14 42 1 1 1 0
14 10 42 8 2 1 0
14 12 42 2 4 1 0
15 9 42 1 1 1 0
16 7 42 2 1 1 0
16 8 42 4 2 1 0
16 12 42 8 2 1 0
16 14 42 1 2 1 0
17 6 42 1 1 1 0
18 4 42 2 4 1 0
18 14 42 2 1 1 0
20 4 42 1 3 1 0
20 9 42 1 1 1 0
20 14 42 4 2 1 0
21 5 42 1 1 1 0
22 11 42 2 1 1 0
22 16 42 2 1 1 0
24 10 42 4 2 1 0
24 12 42 2 2 1 0
24 14 42 2 1 1 0
24 15 42 1 1 1 0
25 9 42 1 1 1 0
26 8 42 2 2 1 0
26 12 42 1 1 1 0
28 9 42 1 1 1 0
