8 8 0 2 8 1 0
10 8 0 2 8 1 0
28 8 0 2 8 1 0
30 8 0 2 8 1 0
7 9 0 1 4 1 0
12 9 0 2 8 1 0
26 9 0 2 8 1 0
32 9 0 1 4 1 0
6 10 0 1 3 1 0
14 10 0 1 4 1 0
16 10 0 2 8 1 0
22 10 0 2 8 1 0
25 10 0 1 4 1 0
33 10 0 1 4 1 0
7 13 0 1 2 1 0
32 13 0 1 2 1 0
9 16 0 3 1 1 0
28 16 0 3 1 1 0
10 17 0 4 1 1 0
26 17 0 4 1 1 0
19 19 0 4 2 1 0
17 18 0 2 3 1 0
12 18 0 4 1 1 0
24 18 0 4 1 1 0
15 19 0 2 1 1 0
23 19 0 2 1 1 0
18 10 0 2 8 1 0
20 10 0 2 8 1 0
15 11 0 1 4 1 0
24 11 0 1 4 1 0
14 14 0 1 4 1 0
25 14 0 1 4 1 0
15 15 0 1 3 1 0
24 15 0 1 3 1 0
16 18 0 1 1 1 0
19 18 0 4 1 1 0
23 18 0 1 1 1 0
8 8 1 2 8 1 0
10 8 1 2 8 1 0
15 8 1 8 2 1 0
23 8 1 1 4 1 0
28 8 1 2 8 1 0
30 8 1 2 8 1 0
7 9 1 1 4 1 0
32 9 1 1 4 1 0
6 10 1 1 4 1 0
33 10 1 1 4 1 0
7 13 1 1 2 1 0
32 13 1 1 2 1 0
19 15 1 2 8 1 0
22 14 1 2 8 1 0
8 16 1 4 1 1 0
27 16 1 4 1 1 0
16 14 1 2 8 1 0
10 17 1 4 1 1 0
26 17 1 4 1 1 0
24 13 1 2 8 1 0
14 13 1 2 8 1 0
12 18 1 2 1 1 0
26 18 1 2 1 1 0
13 19 1 1 1 1 0
26 19 1 1 1 1 0
12 9 1 2 8 1 0
14 9 1 1 4 1 0
24 9 1 4 2 1 0
21 18 1 1 4 1 0
18 18 1 1 4 1 0
15 10 1 8 2 1 0
24 11 1 4 2 1 0
15 12 1 4 1 1 0
19 12 1 4 2 1 0
23 12 1 1 2 1 0
16 13 1 3 1 1 0
26 13 1 2 3 1 0
18 14 1 4 1 1 0
18 15 1 1 3 1 0
21 15 1 1 3 1 0
26 16 1 1 1 1 0
15 7 2 2 8 1 0
23 7 2 2 8 1 0
8 8 2 2 8 1 0
10 8 2 2 8 1 0
13 8 2 2 8 1 0
25 8 2 2 8 1 0
28 8 2 2 8 1 0
30 8 2 2 8 1 0
7 9 2 1 4 1 0
32 9 2 1 4 1 0
6 10 2 1 4 1 0
33 10 2 1 4 1 0
7 13 2 1 2 1 0
32 13 2 1 2 1 0
22 15 2 2 8 1 0
16 15 2 2 8 1 0
24 18 2 2 4 1 0
14 18 2 2 4 1 0
9 16 2 4 1 1 0
28 16 2 4 1 1 0
10 17 2 4 1 1 0
26 17 2 4 1 1 0
26 18 2 1 3 1 0
13 18 2 1 3 1 0
11 18 2 2 1 1 0
27 18 2 2 1 1 0
27 19 2 1 1 1 0
12 19 2 1 1 1 0
17 7 2 2 8 1 0
19 7 2 2 8 1 0
21 7 2 2 8 1 0
12 9 2 1 4 1 0
27 9 2 1 4 1 0
20 15 2 2 8 1 0
18 15 2 2 8 1 0
12 13 2 1 3 1 0
27 13 2 1 4 1 0
15 15 2 1 3 1 0
24 15 2 1 3 1 0
13 16 2 2 1 1 0
25 16 2 1 2 1 0
26 16 2 1 1 1 0
14 17 2 1 1 1 0
21 21 3 1 4 1 0
17 6 3 2 8 1 0
21 6 3 2 8 1 0
14 7 3 2 8 1 0
24 7 3 2 8 1 0
9 8 3 2 8 1 0
26 8 3 2 8 1 0
29 8 3 2 8 1 0
7 9 3 2 4 1 0
31 9 3 2 4 1 0
6 10 3 1 4 1 0
33 10 3 1 4 1 0
22 20 3 1 4 1 0
17 16 3 2 8 1 0
7 13 3 2 2 1 0
31 13 3 2 2 1 0
23 15 3 2 8 1 0
15 15 3 2 8 1 0
8 15 3 1 1 1 0
31 15 3 1 1 1 0
25 18 3 2 4 1 0
13 18 3 2 4 1 0
9 16 3 4 1 1 0
27 16 3 4 1 1 0
27 17 3 1 4 1 0
12 17 3 1 4 1 0
10 17 3 2 2 1 0
28 17 3 2 2 1 0
28 19 3 1 1 1 0
11 19 3 1 1 1 0
19 6 3 2 8 1 0
16 7 3 1 4 1 0
23 7 3 1 4 1 0
11 8 3 2 8 1 0
13 8 3 1 4 1 0
28 9 3 1 4 1 0
19 16 3 2 8 1 0
16 11 3 1 4 1 0
23 11 3 1 4 1 0
13 12 3 1 4 1 0
21 17 3 1 4 1 0
28 13 3 1 3 1 0
17 14 3 4 2 1 0
21 14 3 2 3 1 0
14 15 3 1 3 1 0
25 15 3 1 3 1 0
13 16 3 1 2 1 0
26 16 3 1 2 1 0
22 17 3 1 3 1 0
15 6 4 2 8 1 0
23 6 4 2 8 1 0
12 7 4 2 8 1 0
25 7 4 2 8 1 0
11 8 4 1 4 1 0
27 8 4 2 8 1 0
8 9 4 2 4 1 0
30 9 4 2 4 1 0
7 10 4 1 4 1 0
32 10 4 1 4 1 0
20 17 4 2 8 1 0
22 16 4 2 8 1 0
16 16 4 2 8 1 0
7 14 4 4 1 1 0
29 14 4 4 1 1 0
24 15 4 2 8 1 0
14 15 4 2 8 1 0
8 15 4 4 1 1 0
29 15 4 3 1 1 0
26 18 4 2 4 1 0
12 18 4 2 4 1 0
28 17 4 1 4 1 0
9 16 4 4 2 1 0
11 18 4 1 3 1 0
29 16 4 2 2 1 0
29 18 4 1 2 1 0
10 18 4 1 2 1 0
17 6 4 2 8 1 0
19 6 4 2 8 1 0
21 6 4 2 8 1 0
14 7 4 1 4 1 0
10 9 4 1 4 1 0
29 9 4 1 4 1 0
18 16 4 2 8 1 0
8 13 4 4 1 1 0
29 13 4 3 1 1 0
26 16 4 3 1 1 0
26 17 4 2 1 1 0
14 11 4 1 4 1 0
11 12 4 1 1 1 0
11 14 4 1 1 1 0
15 14 4 4 1 1 0
19 14 4 4 2 1 0
23 14 4 1 2 1 0
24 14 4 1 1 1 0
12 15 4 2 1 1 0
16 15 4 3 1 1 0
26 15 4 1 1 1 0
13 16 4 1 2 1 0
20 16 4 2 1 1 0
17 5 5 2 8 1 0
21 5 5 2 8 1 0
14 6 5 2 8 1 0
24 6 5 2 8 1 0
12 7 5 2 8 1 0
26 7 5 2 8 1 0
24 25 5 3 2 1 0
10 8 5 2 8 1 0
28 8 5 2 8 1 0
22 18 5 2 8 1 0
9 9 5 1 4 1 0
30 9 5 1 4 1 0
18 17 5 2 8 1 0
8 11 5 1 4 1 0
31 11 5 1 4 1 0
15 16 5 2 8 1 0
25 15 5 2 8 1 0
13 15 5 2 8 1 0
27 18 5 1 4 1 0
12 18 5 1 4 1 0
8 16 5 4 1 1 0
28 16 5 4 1 1 0
28 17 5 1 4 1 0
11 17 5 1 4 1 0
9 17 5 2 2 1 0
29 17 5 2 2 1 0
29 19 5 1 1 1 0
10 19 5 1 1 1 0
19 5 5 2 8 1 0
16 6 5 1 4 1 0
23 6 5 1 4 1 0
24 21 5 1 4 1 0
20 17 5 2 8 1 0
17 20 5 1 4 1 0
8 15 5 2 1 1 0
30 15 5 2 1 1 0
9 13 5 1 2 1 0
30 13 5 1 2 1 0
24 17 5 1 4 1 0
12 15 5 1 3 1 0
27 15 5 1 3 1 0
16 10 5 1 4 1 0
23 10 5 1 4 1 0
17 16 5 1 4 1 0
17 13 5 4 2 1 0
21 13 5 2 4 1 0
14 14 5 3 1 1 0
23 14 5 2 3 1 0
25 14 5 1 1 1 0
15 15 5 4 1 1 0
19 15 5 2 2 1 0
18 16 5 1 1 1 0
22 17 5 2 1 1 0
16 5 6 2 8 1 0
22 5 6 2 8 1 0
13 6 6 2 8 1 0
25 6 6 2 8 1 0
12 7 6 1 4 1 0
27 7 6 1 4 1 0
23 25 6 4 2 1 0
10 8 6 2 8 1 0
28 8 6 2 8 1 0
21 18 6 2 8 1 0
9 9 6 1 4 1 0
30 9 6 1 4 1 0
17 17 6 2 8 1 0
8 11 6 1 4 1 0
31 11 6 1 4 1 0
14 16 6 2 8 1 0
25 15 6 2 8 1 0
13 19 6 1 4 1 0
27 18 6 2 4 1 0
12 18 6 1 4 1 0
8 16 6 4 1 1 0
28 16 6 4 1 1 0
11 17 6 1 4 1 0
9 17 6 2 2 1 0
29 17 6 2 2 1 0
29 19 6 1 1 1 0
10 19 6 1 1 1 0
18 5 6 2 8 1 0
20 5 6 2 8 1 0
15 6 6 1 4 1 0
24 6 6 1 4 1 0
23 23 6 3 2 1 0
19 17 6 2 8 1 0
16 20 6 1 4 1 0
8 15 6 2 1 1 0
30 15 6 2 1 1 0
9 13 6 1 2 1 0
30 13 6 1 2 1 0
23 15 6 2 8 1 0
27 17 6 2 1 1 0
12 14 6 2 4 1 0
15 10 6 1 4 1 0
24 10 6 1 4 1 0
12 11 6 1 3 1 0
27 11 6 1 4 1 0
16 16 6 1 4 1 0
13 18 6 1 1 1 0
27 15 6 1 2 1 0
23 14 6 4 1 1 0
16 13 6 4 2 1 0
20 13 6 2 4 1 0
22 13 6 1 4 1 0
23 13 6 1 1 1 0
14 14 6 2 2 1 0
16 15 6 4 1 1 0
17 16 6 3 1 1 0
21 17 6 2 1 1 0
16 5 7 8 2 1 0
13 6 7 2 8 1 0
25 6 7 2 8 1 0
11 7 7 2 8 1 0
27 7 7 2 8 1 0
23 25 7 4 2 1 0
10 8 7 1 4 1 0
29 8 7 1 4 1 0
21 18 7 2 8 1 0
9 9 7 1 4 1 0
30 9 7 1 4 1 0
16 17 7 2 8 1 0
8 11 7 1 4 1 0
31 11 7 1 4 1 0
24 16 7 2 8 1 0
14 16 7 2 8 1 0
26 15 7 2 8 1 0
12 15 7 2 8 1 0
28 18 7 1 4 1 0
11 18 7 1 4 1 0
8 15 7 4 2 1 0
28 15 7 4 2 1 0
29 17 7 1 4 1 0
10 17 7 1 4 1 0
9 17 7 1 2 1 0
30 17 7 1 2 1 0
15 6 7 1 4 1 0
24 6 7 1 4 1 0
23 24 7 2 1 1 0
19 17 7 2 8 1 0
18 21 7 1 4 1 0
9 13 7 2 2 1 0
29 13 7 2 2 1 0
16 7 7 8 2 1 0
23 20 7 1 4 1 0
10 12 7 1 1 1 0
29 12 7 1 1 1 0
11 17 7 1 1 1 0
28 17 7 1 1 1 0
16 9 7 8 2 1 0
15 10 7 1 4 1 0
24 10 7 1 4 1 0
18 17 7 1 4 1 0
13 14 7 4 1 1 0
23 14 7 4 1 1 0
16 11 7 8 2 1 0
23 16 7 1 4 1 0
14 15 7 4 1 1 0
22 15 7 4 1 1 0
16 13 7 4 1 1 0
20 13 7 2 4 1 0
22 13 7 2 1 1 0
17 14 7 3 1 1 0
22 14 7 1 1 1 0
18 15 7 2 2 1 0
16 16 7 2 1 1 0
22 16 7 1 2 1 0
21 17 7 1 1 1 0
15 5 8 2 8 1 0
23 5 8 2 8 1 0
13 6 8 2 8 1 0
25 6 8 2 8 1 0
11 7 8 2 8 1 0
27 7 8 2 8 1 0
23 25 8 3 2 1 0
10 8 8 1 4 1 0
29 8 8 1 4 1 0
21 18 8 2 8 1 0
9 9 8 1 4 1 0
30 9 8 1 4 1 0
16 17 8 2 8 1 0
8 11 8 1 4 1 0
31 11 8 1 4 1 0
24 16 8 2 8 1 0
14 16 8 2 8 1 0
26 15 8 2 8 1 0
12 15 8 2 8 1 0
28 18 8 1 4 1 0
11 18 8 1 4 1 0
8 15 8 4 2 1 0
28 15 8 4 2 1 0
29 17 8 1 4 1 0
10 17 8 1 4 1 0
9 17 8 1 2 1 0
30 17 8 1 3 1 0
17 5 8 2 8 1 0
19 5 8 2 8 1 0
21 5 8 2 8 1 0
23 24 8 2 1 1 0
19 17 8 2 8 1 0
18 21 8 1 4 1 0
9 13 8 2 2 1 0
29 13 8 2 2 1 0
23 20 8 1 4 1 0
10 12 8 1 1 1 0
29 12 8 1 1 1 0
11 17 8 1 1 1 0
28 17 8 1 1 1 0
18 17 8 1 4 1 0
13 14 8 4 1 1 0
23 14 8 4 1 1 0
23 16 8 1 4 1 0
14 15 8 4 1 1 0
22 15 8 4 1 1 0
15 13 8 4 1 1 0
21 13 8 4 1 1 0
19 13 8 2 4 1 0
21 16 8 2 2 1 0
18 14 8 1 3 1 0
16 16 8 2 1 1 0
17 14 8 1 1 1 0
21 14 8 1 2 1 0
22 14 8 1 1 1 0
19 4 9 2 8 1 0
15 5 9 2 8 1 0
23 5 9 2 8 1 0
13 6 9 2 8 1 0
25 6 9 2 8 1 0
11 7 9 2 8 1 0
27 7 9 2 8 1 0
23 19 9 2 8 1 0
22 23 9 1 4 1 0
10 8 9 1 4 1 0
29 8 9 1 4 1 0
21 22 9 1 4 1 0
9 9 9 1 4 1 0
30 9 9 1 4 1 0
16 17 9 2 8 1 0
8 11 9 1 4 1 0
25 16 9 2 8 1 0
13 16 9 2 8 1 0
31 12 9 1 4 1 0
27 19 9 1 4 1 0
12 19 9 1 4 1 0
28 18 9 1 4 1 0
11 18 9 1 4 1 0
8 15 9 4 2 1 0
28 16 9 4 1 1 0
29 17 9 1 4 1 0
10 17 9 1 4 1 0
9 17 9 1 2 1 0
30 17 9 1 3 1 0
17 5 9 2 8 1 0
21 5 9 2 8 1 0
19 17 9 2 8 1 0
18 21 9 1 4 1 0
15 20 9 1 4 1 0
9 13 9 2 2 1 0
29 13 9 2 3 1 0
29 12 9 1 1 1 0
10 12 9 1 1 1 0
11 17 9 2 1 1 0
27 17 9 2 1 1 0
25 15 9 4 1 1 0
12 18 9 1 1 1 0
27 18 9 1 1 1 0
22 19 9 1 4 1 0
21 18 9 1 4 1 0
18 17 9 1 4 1 0
15 16 9 1 4 1 0
12 15 9 4 1 1 0
12 16 9 1 1 1 0
27 16 9 1 1 1 0
13 14 9 4 1 1 0
23 14 9 4 1 1 0
23 15 9 2 4 1 0
15 13 9 4 1 1 0
21 13 9 4 1 1 0
19 12 9 2 4 1 0
22 15 9 1 4 1 0
21 14 9 1 4 1 0
17 16 9 4 1 1 0
16 15 9 1 2 1 0
17 14 9 2 2 1 0
22 14 9 1 1 1 0
18 4 10 2 8 1 0
20 4 10 2 8 1 0
15 5 10 2 8 1 0
23 5 10 2 8 1 0
13 6 10 2 8 1 0
25 6 10 2 8 1 0
12 7 10 1 4 1 0
24 26 10 3 2 1 0
27 7 10 1 4 1 0
22 19 10 2 8 1 0
10 8 10 2 8 1 0
28 8 10 2 8 1 0
24 25 10 2 1 1 0
20 18 10 2 8 1 0
15 17 10 2 8 1 0
9 10 10 1 4 1 0
30 10 10 1 4 1 0
25 16 10 2 8 1 0
13 16 10 2 8 1 0
8 12 10 1 4 1 0
31 12 10 1 4 1 0
27 19 10 1 4 1 0
12 19 10 1 4 1 0
28 18 10 1 4 1 0
11 18 10 1 4 1 0
8 16 10 4 1 1 0
28 16 10 4 1 1 0
29 17 10 1 4 1 0
10 17 10 1 4 1 0
30 17 10 1 3 1 0
9 17 10 1 3 1 0
17 5 10 1 4 1 0
22 5 10 1 4 1 0
24 21 10 1 4 1 0
18 17 10 2 8 1 0
17 21 10 1 4 1 0
9 14 10 1 2 1 0
30 14 10 1 2 1 0
11 17 10 2 1 1 0
27 17 10 2 1 1 0
12 11 10 1 4 1 0
27 11 10 1 4 1 0
12 18 10 1 1 1 0
27 18 10 1 1 1 0
17 9 10 1 4 1 0
22 9 10 1 4 1 0
24 17 10 1 4 1 0
17 17 10 1 4 1 0
12 15 10 4 1 1 0
24 15 10 4 1 1 0
12 16 10 1 1 1 0
27 16 10 1 1 1 0
13 14 10 4 1 1 0
23 14 10 4 1 1 0
22 15 10 2 4 1 0
15 13 10 4 1 1 0
21 13 10 4 1 1 0
15 16 10 4 1 1 0
24 16 10 1 1 1 0
18 12 10 4 1 1 0
20 14 10 2 4 1 0
19 13 10 1 4 1 0
16 15 10 3 1 1 0
20 13 10 1 1 1 0
17 14 10 2 1 1 0
22 14 10 1 1 1 0
28 27 11 1 3 1 0
18 4 11 2 8 1 0
20 4 11 2 8 1 0
15 5 11 2 8 1 0
23 5 11 2 8 1 0
13 6 11 2 8 1 0
25 6 11 2 8 1 0
25 27 11 3 2 1 0
23 20 11 2 8 1 0
12 7 11 1 4 1 0
27 7 11 1 4 1 0
25 26 11 3 1 1 0
22 23 11 1 4 1 0
11 8 11 1 4 1 0
28 8 11 1 4 1 0
25 25 11 1 1 1 0
20 18 11 2 8 1 0
10 9 11 1 4 1 0
29 9 11 1 4 1 0
15 17 11 2 8 1 0
9 10 11 1 4 1 0
30 10 11 1 4 1 0
25 16 11 2 8 1 0
13 16 11 2 8 1 0
8 13 11 1 3 1 0
31 13 11 1 3 1 0
27 19 11 1 4 1 0
12 19 11 1 4 1 0
28 18 11 1 4 1 0
11 18 11 1 4 1 0
29 17 11 1 4 1 0
10 17 11 1 4 1 0
9 15 11 1 4 1 0
30 15 11 1 4 1 0
17 5 11 1 4 1 0
22 5 11 1 4 1 0
18 17 11 2 8 1 0
17 21 11 1 4 1 0
9 14 11 4 1 1 0
27 14 11 4 1 1 0
10 15 11 3 2 1 0
27 15 11 3 2 1 0
11 12 11 2 2 1 0
10 13 11 1 1 1 0
27 12 11 2 2 1 0
29 13 11 1 1 1 0
11 17 11 2 1 1 0
27 17 11 2 1 1 0
12 11 11 1 1 1 0
27 11 11 1 1 1 0
12 18 11 1 1 1 0
27 18 11 1 1 1 0
17 9 11 1 4 1 0
22 9 11 1 4 1 0
22 19 11 1 4 1 0
17 17 11 1 4 1 0
23 16 11 2 4 1 0
13 14 11 8 2 1 0
23 14 11 4 2 1 0
15 16 11 4 1 1 0
15 13 11 4 1 1 0
21 13 11 4 1 1 0
18 12 11 4 1 1 0
22 15 11 1 4 1 0
21 14 11 1 4 1 0
20 16 11 1 2 1 0
19 16 11 1 1 1 0
19 13 11 2 1 1 0
22 14 11 1 1 1 0
27 29 12 4 1 1 0
17 4 12 2 8 1 0
21 4 12 2 8 1 0
3 5 12 2 4 1 0
5 5 12 1 4 1 0
15 5 12 2 8 1 0
23 5 12 2 8 1 0
34 5 12 2 4 1 0
36 5 12 1 4 1 0
2 6 12 1 3 1 0
6 6 12 1 4 1 0
13 6 12 2 8 1 0
25 6 12 2 8 1 0
33 6 12 1 4 1 0
37 6 12 1 3 1 0
26 28 12 4 1 1 0
25 26 12 1 3 1 0
26 27 12 3 1 1 0
23 20 12 2 8 1 0
12 7 12 1 4 1 0
27 7 12 1 4 1 0
26 26 12 1 1 1 0
21 19 12 2 8 1 0
11 8 12 1 4 1 0
28 8 12 1 4 1 0
20 22 12 1 4 1 0
3 9 12 3 1 1 0
10 9 12 1 4 1 0
29 9 12 1 4 1 0
34 9 12 3 1 1 0
15 17 12 2 8 1 0
9 10 12 1 4 1 0
30 10 12 1 4 1 0
25 16 12 2 8 1 0
13 16 12 2 8 1 0
27 19 12 1 4 1 0
12 19 12 1 4 1 0
28 18 12 1 4 1 0
11 18 12 1 4 1 0
29 17 12 1 4 1 0
10 17 12 1 4 1 0
9 15 12 1 4 1 0
30 15 12 1 4 1 0
19 4 12 2 8 1 0
18 17 12 2 8 1 0
17 21 12 1 4 1 0
9 14 12 4 1 1 0
27 14 12 4 1 1 0
10 13 12 3 1 1 0
27 13 12 3 1 1 0
10 15 12 3 2 1 0
27 15 12 3 2 1 0
11 12 12 2 1 1 0
27 12 12 2 1 1 0
11 17 12 2 1 1 0
27 17 12 2 1 1 0
12 11 12 1 1 1 0
27 11 12 1 1 1 0
12 18 12 1 1 1 0
27 18 12 1 1 1 0
20 18 12 1 4 1 0
17 17 12 1 4 1 0
13 14 12 8 2 1 0
23 14 12 4 2 1 0
23 16 12 2 4 1 0
15 13 12 4 1 1 0
21 13 12 4 1 1 0
15 16 12 4 1 1 0
17 12 12 4 1 1 0
21 12 12 2 1 1 0
21 15 12 2 4 1 0
20 16 12 1 2 1 0
19 16 12 1 1 1 0
21 14 12 2 1 1 0
19 13 12 2 1 1 0
27 29 13 4 1 1 0
3 4 13 2 4 1 0
5 4 13 1 4 1 0
17 4 13 2 8 1 0
21 4 13 2 8 1 0
34 4 13 2 8 1 0
36 4 13 1 4 1 0
2 5 13 1 4 1 0
6 5 13 2 4 1 0
15 5 13 2 8 1 0
23 5 13 2 8 1 0
32 5 13 2 4 1 0
37 5 13 1 4 1 0
1 6 13 1 3 1 0
8 6 13 1 4 1 0
13 6 13 2 8 1 0
25 6 13 2 8 1 0
31 6 13 1 4 1 0
38 6 13 1 3 1 0
26 28 13 4 1 1 0
25 26 13 1 3 1 0
26 27 13 3 1 1 0
23 25 13 2 3 1 0
12 7 13 1 4 1 0
27 7 13 1 4 1 0
26 26 13 1 1 1 0
22 23 13 1 4 1 0
11 8 13 1 4 1 0
28 8 13 1 4 1 0
21 22 13 1 4 1 0
10 9 13 1 4 1 0
29 9 13 1 4 1 0
16 17 13 2 8 1 0
2 9 13 4 2 1 0
6 9 13 2 2 1 0
32 9 13 2 2 1 0
36 9 13 2 2 1 0
4 11 13 2 1 1 0
9 11 13 1 4 1 0
30 11 13 1 4 1 0
25 16 13 2 8 1 0
13 16 13 2 8 1 0
27 19 13 1 4 1 0
12 19 13 1 4 1 0
28 18 13 1 4 1 0
11 18 13 1 4 1 0
29 17 13 1 4 1 0
10 17 13 1 4 1 0
9 15 13 1 4 1 0
30 15 13 1 4 1 0
19 4 13 2 8 1 0
23 21 13 1 4 1 0
19 17 13 2 8 1 0
18 21 13 1 4 1 0
24 20 13 1 4 1 0
15 20 13 1 4 1 0
3 8 13 3 1 1 0
36 8 13 1 1 1 0
10 13 13 2 4 1 0
28 13 13 2 4 1 0
11 12 13 2 1 1 0
27 12 13 2 1 1 0
11 17 13 2 1 1 0
27 17 13 2 1 1 0
22 19 13 1 4 1 0
12 11 13 1 1 1 0
27 11 13 1 1 1 0
12 13 13 1 4 1 0
27 13 13 1 4 1 0
12 18 13 1 1 1 0
27 18 13 1 1 1 0
21 18 13 1 4 1 0
23 17 13 1 4 1 0
18 17 13 1 4 1 0
24 16 13 1 4 1 0
15 16 13 1 4 1 0
13 14 13 8 2 1 0
23 14 13 4 2 1 0
15 13 13 4 1 1 0
21 13 13 4 1 1 0
22 15 13 1 4 1 0
16 16 13 4 1 1 0
23 16 13 1 1 1 0
17 12 13 4 1 1 0
21 12 13 2 1 1 0
21 14 13 1 4 1 0
20 16 13 1 1 1 0
22 14 13 1 1 1 0
19 13 13 2 1 1 0
2 4 14 2 8 1 0
5 4 14 2 8 1 0
17 4 14 2 8 1 0
21 4 14 2 8 1 0
33 4 14 2 8 1 0
36 4 14 2 8 1 0
1 5 14 1 4 1 0
7 5 14 2 4 1 0
15 5 14 2 8 1 0
23 5 14 2 8 1 0
31 5 14 2 4 1 0
38 5 14 1 4 1 0
26 28 14 4 2 1 0
13 6 14 2 8 1 0
25 6 14 2 8 1 0
24 26 14 2 3 1 0
26 27 14 3 1 1 0
23 26 14 1 2 1 0
9 7 14 1 4 1 0
12 7 14 1 4 1 0
27 7 14 1 4 1 0
26 26 14 1 1 1 0
11 8 14 1 4 1 0
28 8 14 1 4 1 0
30 8 14 1 4 1 0
22 17 14 2 8 1 0
16 17 14 2 8 1 0
1 9 14 1 2 1 0
38 9 14 1 2 1 0
24 16 14 2 8 1 0
14 16 14 2 8 1 0
26 15 14 2 8 1 0
12 15 14 2 8 1 0
28 18 14 1 4 1 0
11 18 14 1 4 1 0
29 17 14 1 4 1 0
10 17 14 1 4 1 0
9 15 14 1 4 1 0
30 15 14 1 4 1 0
4 4 14 1 4 1 0
19 4 14 2 8 1 0
35 4 14 1 4 1 0
10 9 14 1 4 1 0
29 9 14 1 4 1 0
20 17 14 2 8 1 0
18 17 14 2 8 1 0
4 8 14 1 4 1 0
7 9 14 2 3 1 0
31 9 14 2 3 1 0
35 8 14 1 4 1 0
9 11 14 1 4 1 0
30 12 14 1 3 1 0
10 13 14 2 4 1 0
28 13 14 2 4 1 0
11 12 14 2 1 1 0
27 12 14 2 1 1 0
11 17 14 1 1 1 0
28 17 14 1 1 1 0
12 13 14 1 2 1 0
27 13 14 1 2 1 0
12 11 14 1 1 1 0
27 11 14 1 1 1 0
13 14 14 4 1 1 0
23 14 14 4 1 1 0
14 15 14 4 1 1 0
22 15 14 4 1 1 0
15 13 14 4 1 1 0
21 13 14 4 1 1 0
16 16 14 4 1 1 0
20 16 14 4 1 1 0
17 12 14 4 1 1 0
21 12 14 2 1 1 0
17 14 14 4 1 1 0
21 14 14 2 1 1 0
19 13 14 2 1 1 0
18 15 14 4 1 1 0
2 4 15 2 8 1 0
5 4 15 2 8 1 0
17 4 15 2 8 1 0
21 4 15 2 8 1 0
33 4 15 2 8 1 0
36 4 15 2 8 1 0
1 5 15 1 4 1 0
7 5 15 2 8 1 0
15 5 15 2 8 1 0
23 5 15 2 8 1 0
31 5 15 2 8 1 0
38 5 15 1 4 1 0
26 28 15 3 2 1 0
12 6 15 2 8 1 0
26 6 15 2 8 1 0
24 26 15 2 3 1 0
26 27 15 2 1 1 0
23 26 15 1 2 1 0
0 7 15 1 2 1 0
9 7 15 2 8 1 0
30 7 15 1 4 1 0
39 7 15 1 2 1 0
21 17 15 2 8 1 0
17 17 15 2 8 1 0
1 9 15 1 2 1 0
38 9 15 1 2 1 0
24 16 15 2 8 1 0
14 16 15 2 8 1 0
5 12 15 2 1 1 0
33 12 15 2 1 1 0
26 15 15 2 8 1 0
12 15 15 2 8 1 0
28 18 15 1 4 1 0
11 18 15 1 4 1 0
9 16 15 3 2 1 0
29 14 15 2 4 1 0
29 18 15 1 2 1 0
10 18 15 1 2 1 0
4 4 15 1 4 1 0
19 4 15 2 8 1 0
35 4 15 1 4 1 0
14 6 15 1 4 1 0
25 6 15 1 4 1 0
11 8 15 1 4 1 0
28 8 15 2 4 1 0
19 17 15 2 8 1 0
4 8 15 1 4 1 0
35 8 15 1 4 1 0
23 20 15 1 4 1 0
16 20 15 1 4 1 0
28 12 15 3 2 1 0
9 15 15 3 1 1 0
30 11 15 1 1 1 0
11 12 15 1 3 1 0
25 14 15 4 1 1 0
28 15 15 1 3 1 0
12 14 15 4 1 1 0
14 10 15 1 4 1 0
25 10 15 1 4 1 0
23 16 15 1 4 1 0
16 16 15 1 4 1 0
14 15 15 4 1 1 0
22 15 15 4 1 1 0
15 13 15 4 1 1 0
21 13 15 4 2 1 0
16 14 15 4 1 1 0
17 12 15 4 1 1 0
21 12 15 2 1 1 0
19 16 15 4 1 1 0
17 16 15 2 1 1 0
19 13 15 2 1 1 0
18 15 15 4 1 1 0
20 14 15 1 1 1 0
22 27 16 4 1 1 0
2 4 16 2 8 1 0
5 4 16 2 8 1 0
17 4 16 2 8 1 0
21 4 16 2 8 1 0
33 4 16 2 8 1 0
36 4 16 2 8 1 0
1 5 16 1 4 1 0
7 5 16 2 8 1 0
11 5 16 2 8 1 0
27 5 16 2 8 1 0
31 5 16 2 8 1 0
38 5 16 1 4 1 0
25 28 16 4 2 1 0
9 6 16 1 4 1 0
30 6 16 1 4 1 0
24 28 16 1 1 1 0
26 27 16 2 1 1 0
0 7 16 1 2 1 0
39 7 16 1 2 1 0
23 26 16 3 1 1 0
21 17 16 2 8 1 0
17 17 16 2 8 1 0
1 9 16 1 2 1 0
38 9 16 1 2 1 0
23 16 16 2 8 1 0
14 16 16 2 8 1 0
5 12 16 2 1 1 0
33 12 16 2 1 1 0
7 13 16 4 1 1 0
29 13 16 4 1 1 0
25 15 16 2 8 1 0
13 19 16 1 4 1 0
27 18 16 1 4 1 0
12 18 16 1 4 1 0
28 17 16 1 4 1 0
11 17 16 1 4 1 0
9 14 16 2 4 1 0
29 14 16 2 4 1 0
29 18 16 1 2 1 0
10 18 16 1 2 1 0
4 4 16 1 4 1 0
19 4 16 2 8 1 0
35 4 16 1 4 1 0
13 5 16 2 8 1 0
15 5 16 2 8 1 0
23 5 16 2 8 1 0
25 5 16 2 8 1 0
10 7 16 1 4 1 0
29 7 16 1 4 1 0
19 17 16 2 8 1 0
4 8 16 1 4 1 0
35 8 16 1 4 1 0
16 20 16 1 4 1 0
9 10 16 1 3 1 0
30 10 16 1 3 1 0
11 14 16 8 2 1 0
21 13 16 8 2 1 0
27 15 16 2 2 1 0
11 16 16 3 1 1 0
10 11 16 1 2 1 0
29 11 16 1 2 1 0
11 13 16 4 1 1 0
12 17 16 2 1 1 0
27 17 16 1 1 1 0
13 18 16 1 1 1 0
16 16 16 1 4 1 0
21 15 16 4 1 1 0
15 13 16 4 1 1 0
17 12 16 4 1 1 0
21 12 16 2 1 1 0
19 16 16 4 1 1 0
17 16 16 2 1 1 0
19 13 16 2 3 1 0
14 4 17 1 4 1 0
25 4 17 1 4 1 0
4 4 17 2 8 1 0
17 4 17 2 8 1 0
21 4 17 2 8 1 0
34 4 17 2 8 1 0
2 5 17 2 4 1 0
7 5 17 2 8 1 0
11 5 17 2 8 1 0
27 5 17 2 8 1 0
32 5 17 2 8 1 0
36 5 17 2 4 1 0
25 28 17 3 2 1 0
1 6 17 1 4 1 0
38 6 17 1 4 1 0
23 26 17 2 3 1 0
25 27 17 3 1 1 0
22 26 17 1 2 1 0
25 26 17 1 1 1 0
20 17 17 2 8 1 0
18 17 17 2 8 1 0
1 10 17 3 1 1 0
36 10 17 3 1 1 0
2 11 17 2 1 1 0
36 11 17 2 1 1 0
23 16 17 2 8 1 0
15 16 17 2 8 1 0
5 12 17 2 1 1 0
34 12 17 1 1 1 0
7 13 17 4 1 1 0
29 13 17 4 1 1 0
25 15 17 2 8 1 0
13 15 17 2 8 1 0
27 18 17 1 4 1 0
12 18 17 1 4 1 0
28 17 17 1 4 1 0
11 17 17 1 4 1 0
9 14 17 2 4 1 0
29 14 17 2 4 1 0
29 18 17 1 2 1 0
10 18 17 1 2 1 0
19 4 17 2 8 1 0
6 5 17 1 4 1 0
13 5 17 1 4 1 0
15 5 17 2 8 1 0
23 5 17 2 8 1 0
26 5 17 1 4 1 0
9 6 17 2 4 1 0
29 6 17 2 4 1 0
31 6 17 1 4 1 0
22 20 17 1 4 1 0
17 20 17 1 4 1 0
2 9 17 2 1 1 0
36 9 17 2 1 1 0
6 9 17 1 3 1 0
29 11 17 3 2 1 0
9 10 17 2 3 1 0
11 13 17 8 2 1 0
21 13 17 8 2 1 0
11 15 17 2 2 1 0
27 15 17 2 2 1 0
29 10 17 3 1 1 0
12 17 17 1 1 1 0
27 17 17 1 1 1 0
14 8 17 1 4 1 0
25 8 17 1 4 1 0
13 9 17 1 4 1 0
26 9 17 1 4 1 0
22 16 17 1 4 1 0
17 16 17 1 4 1 0
15 15 17 4 1 1 0
21 15 17 4 1 1 0
14 12 17 1 1 1 0
25 12 17 1 1 1 0
17 12 17 4 1 1 0
21 12 17 2 1 1 0
18 16 17 4 1 1 0
19 13 17 2 3 1 0
14 4 18 1 4 1 0
25 4 18 1 4 1 0
17 4 18 2 8 1 0
21 4 18 2 8 1 0
3 5 18 2 4 1 0
6 5 18 2 8 1 0
12 5 18 2 8 1 0
26 5 18 2 8 1 0
32 5 18 2 8 1 0
35 5 18 2 4 1 0
25 27 18 2 3 1 0
2 6 18 1 4 1 0
8 6 18 1 4 1 0
10 6 18 2 8 1 0
23 26 18 2 3 1 0
28 6 18 2 8 1 0
31 6 18 1 4 1 0
37 6 18 1 4 1 0
21 26 18 2 2 1 0
1 7 18 1 3 1 0
38 7 18 1 3 1 0
2 10 18 4 1 1 0
34 10 18 4 1 1 0
23 16 18 2 8 1 0
3 11 18 3 1 1 0
34 11 18 3 1 1 0
15 16 18 2 8 1 0
5 12 18 1 1 1 0
34 12 18 1 1 1 0
7 13 18 3 1 1 0
30 13 18 3 1 1 0
25 15 18 2 8 1 0
13 15 18 2 8 1 0
27 18 18 1 4 1 0
12 18 18 1 4 1 0
28 17 18 1 4 1 0
11 17 18 1 4 1 0
8 14 18 2 4 1 0
30 14 18 2 4 1 0
9 18 18 2 1 1 0
29 18 18 2 1 1 0
19 4 18 2 8 1 0
5 5 18 1 4 1 0
15 5 18 2 8 1 0
23 5 18 2 8 1 0
34 5 18 1 4 1 0
9 7 18 1 4 1 0
30 7 18 1 4 1 0
21 16 18 2 8 1 0
19 16 18 2 8 1 0
17 16 18 2 8 1 0
3 9 18 3 1 1 0
34 9 18 3 1 1 0
10 14 18 1 4 1 0
29 14 18 1 4 1 0
8 11 18 2 2 1 0
30 11 18 2 2 1 0
8 10 18 1 1 1 0
31 10 18 1 1 1 0
11 14 18 2 3 1 0
27 14 18 2 3 1 0
12 17 18 1 1 1 0
27 17 18 1 1 1 0
14 8 18 1 4 1 0
25 8 18 1 4 1 0
12 13 18 4 1 1 0
24 13 18 4 1 1 0
13 14 18 4 1 1 0
23 14 18 4 1 1 0
15 15 18 4 1 1 0
21 15 18 4 1 1 0
14 12 18 1 1 1 0
17 12 18 4 2 1 0
21 12 18 2 3 1 0
25 12 18 1 1 1 0
16 13 18 1 1 1 0
23 13 18 1 1 1 0
19 14 18 2 2 1 0
17 14 18 2 1 1 0
28 31 19 4 1 1 0
20 26 19 4 1 1 0
34 8 19 4 1 1 0
12 5 19 8 2 1 0
20 5 19 8 2 1 0
27 30 19 4 1 1 0
26 27 19 1 4 1 0
27 29 19 3 1 1 0
25 27 19 1 3 1 0
27 28 19 1 1 1 0
23 27 19 2 2 1 0
4 6 19 2 4 1 0
6 6 19 1 4 1 0
10 6 19 2 8 1 0
28 6 19 2 8 1 0
33 6 19 3 2 1 0
21 27 19 2 1 1 0
3 7 19 1 4 1 0
36 7 19 1 1 1 0
24 26 19 1 1 1 0
21 25 19 2 1 1 0
33 9 19 4 2 1 0
16 22 19 8 2 1 0
5 10 19 4 2 1 0
31 11 19 4 1 1 0
6 12 19 4 1 1 0
30 12 19 4 1 1 0
7 13 19 3 1 1 0
24 15 19 2 8 1 0
14 15 19 2 8 1 0
26 14 19 2 8 1 0
12 14 19 2 8 1 0
8 15 19 4 2 1 0
28 15 19 4 2 1 0
9 17 19 3 2 1 0
28 17 19 3 2 1 0
28 19 19 1 1 1 0
11 19 19 1 1 1 0
7 7 19 3 2 1 0
30 7 19 2 4 1 0
32 7 19 1 4 1 0
4 10 19 1 1 1 0
30 13 19 2 2 1 0
8 14 19 4 1 1 0
33 8 19 1 1 1 0
7 9 19 3 1 1 0
12 7 19 8 2 1 0
20 7 19 8 2 1 0
16 20 19 8 2 1 0
28 14 19 2 1 1 0
9 10 19 1 2 1 0
30 11 19 1 1 1 0
12 9 19 8 2 1 0
20 9 19 8 2 1 0
16 18 19 8 2 1 0
20 12 19 8 2 1 0
12 12 19 8 2 1 0
12 11 19 4 1 1 0
16 11 19 4 1 1 0
20 11 19 4 1 1 0
24 11 19 4 1 1 0
16 16 19 8 2 1 0
14 14 19 4 1 1 0
22 14 19 4 1 1 0
20 15 19 4 1 1 0
16 15 19 4 1 1 0
18 14 19 4 1 1 0
36 34 20 2 2 1 0
34 33 20 2 2 1 0
36 33 20 1 1 1 0
32 31 20 2 3 1 0
34 32 20 1 1 1 0
30 30 20 2 3 1 0
28 29 20 2 3 1 0
12 5 20 2 8 1 0
26 5 20 2 8 1 0
26 28 20 2 3 1 0
24 27 20 2 3 1 0
22 26 20 2 3 1 0
11 6 20 1 4 1 0
28 6 20 1 4 1 0
26 27 20 1 1 1 0
20 25 20 2 3 1 0
9 7 20 2 8 1 0
29 7 20 2 8 1 0
24 26 20 1 1 1 0
6 8 20 2 4 1 0
32 8 20 2 3 1 0
22 25 20 1 1 1 0
22 16 20 2 8 1 0
16 16 20 2 8 1 0
7 12 20 2 1 1 0
31 11 20 2 2 1 0
24 15 20 2 8 1 0
14 15 20 2 8 1 0
8 15 20 4 1 1 0
28 15 20 4 1 1 0
26 18 20 1 4 1 0
13 18 20 1 4 1 0
27 17 20 1 4 1 0
12 17 20 1 4 1 0
9 16 20 2 3 1 0
29 16 20 2 3 1 0
28 16 20 1 4 1 0
11 16 20 1 4 1 0
14 5 20 2 8 1 0
16 5 20 2 8 1 0
18 5 20 2 8 1 0
20 5 20 2 8 1 0
22 5 20 2 8 1 0
24 5 20 2 8 1 0
8 8 20 1 4 1 0
31 8 20 1 3 1 0
20 16 20 2 8 1 0
18 16 20 2 8 1 0
8 13 20 1 2 1 0
31 13 20 1 2 1 0
11 13 20 8 2 1 0
21 13 20 8 2 1 0
12 15 20 2 2 1 0
26 15 20 2 2 1 0
11 10 20 1 3 1 0
28 10 20 1 3 1 0
26 17 20 1 1 1 0
13 17 20 1 1 1 0
19 13 20 2 3 1 0
21 15 20 3 1 1 0
16 15 20 3 1 1 0
37 34 21 2 3 1 0
35 33 21 2 3 1 0
33 32 21 2 3 1 0
31 31 21 2 3 1 0
29 30 21 2 3 1 0
33 31 21 1 1 1 0
28 29 21 1 3 1 0
31 30 21 1 1 1 0
15 5 21 8 2 1 0
23 5 21 2 8 1 0
26 28 21 2 3 1 0
29 29 21 1 1 1 0
24 27 21 2 3 1 0
22 26 21 2 3 1 0
11 6 21 2 8 1 0
27 6 21 2 8 1 0
20 25 21 2 3 1 0
10 7 21 1 4 1 0
29 7 21 2 8 1 0
19 25 21 1 2 1 0
9 8 21 1 4 1 0
8 9 21 1 4 1 0
31 9 21 1 4 1 0
21 16 21 2 8 1 0
17 16 21 2 8 1 0
24 15 21 2 8 1 0
14 15 21 2 8 1 0
8 13 21 3 2 1 0
31 13 21 1 2 1 0
26 18 21 1 4 1 0
13 18 21 1 4 1 0
27 17 21 1 4 1 0
12 17 21 1 4 1 0
9 16 21 3 2 1 0
28 16 21 3 2 1 0
10 18 21 2 1 1 0
28 18 21 2 1 1 0
28 19 21 1 1 1 0
11 19 21 1 1 1 0
13 6 21 2 8 1 0
25 6 21 2 8 1 0
19 16 21 2 8 1 0
23 19 21 1 4 1 0
16 19 21 1 4 1 0
9 15 21 4 1 1 0
27 15 21 4 1 1 0
9 12 21 2 1 1 0
15 7 21 8 2 1 0
10 11 21 1 1 1 0
11 14 21 4 1 1 0
25 14 21 4 1 1 0
12 16 21 2 1 1 0
26 16 21 2 1 1 0
15 9 21 8 2 1 0
23 15 21 1 4 1 0
16 15 21 1 4 1 0
13 15 21 1 1 1 0
26 15 21 1 1 1 0
26 17 21 1 1 1 0
13 17 21 1 1 1 0
15 11 21 8 2 1 0
15 13 21 8 2 1 0
23 13 21 2 2 1 0
19 15 21 4 1 1 0
17 15 21 2 1 1 0
37 34 22 2 3 1 0
16 3 22 2 8 1 0
22 3 22 2 8 1 0
35 33 22 2 3 1 0
33 32 22 2 3 1 0
14 4 22 2 8 1 0
24 4 22 2 8 1 0
31 31 22 2 3 1 0
29 30 22 2 3 1 0
27 29 22 2 3 1 0
25 28 22 2 3 1 0
13 5 22 1 4 1 0
26 5 22 1 4 1 0
23 27 22 2 3 1 0
27 28 22 1 1 1 0
21 26 22 2 3 1 0
12 6 22 1 4 1 0
27 6 22 1 4 1 0
25 27 22 1 1 1 0
20 25 22 1 3 1 0
10 7 22 2 8 1 0
23 26 22 1 1 1 0
28 7 22 2 8 1 0
19 25 22 1 2 1 0
9 8 22 1 4 1 0
21 25 22 1 1 1 0
30 9 22 1 4 1 0
8 10 22 1 3 1 0
31 10 22 1 3 1 0
20 16 22 2 8 1 0
18 16 22 2 8 1 0
23 15 22 2 8 1 0
15 15 22 2 8 1 0
25 14 22 2 8 1 0
13 14 22 2 8 1 0
9 15 22 4 2 1 0
27 15 22 4 2 1 0
27 17 22 1 4 1 0
12 17 22 1 4 1 0
10 17 22 2 1 1 0
28 17 22 2 1 1 0
11 18 22 1 1 1 0
28 18 22 1 1 1 0
18 3 22 2 8 1 0
20 3 22 2 8 1 0
22 19 22 1 4 1 0
17 19 22 1 4 1 0
9 12 22 1 3 1 0
30 13 22 1 2 1 0
12 10 22 2 4 1 0
26 10 22 2 4 1 0
12 14 22 1 1 1 0
27 14 22 1 1 1 0
13 9 22 1 1 1 0
26 9 22 1 1 1 0
22 15 22 1 4 1 0
17 15 22 1 4 1 0
14 12 22 8 2 1 0
22 12 22 4 2 1 0
15 14 22 4 1 1 0
21 14 22 4 1 1 0
16 11 22 4 1 1 0
20 11 22 4 1 1 0
18 15 22 4 1 1 0
19 14 22 2 1 1 0
17 2 23 2 8 1 0
21 2 23 2 8 1 0
36 35 23 3 2 1 0
14 3 23 2 8 1 0
24 3 23 2 8 1 0
34 33 23 2 3 1 0
36 34 23 3 1 1 0
32 32 23 2 3 1 0
13 4 23 1 4 1 0
26 4 23 1 4 1 0
36 33 23 1 1 1 0
31 31 23 1 3 1 0
34 32 23 1 1 1 0
29 30 23 2 3 1 0
32 31 23 1 1 1 0
27 29 23 2 3 1 0
25 28 23 2 3 1 0
12 5 23 1 4 1 0
27 5 23 1 4 1 0
23 27 23 2 3 1 0
21 26 23 2 3 1 0
11 6 23 1 4 1 0
28 6 23 1 4 1 0
20 25 23 1 3 1 0
19 25 23 1 2 1 0
29 7 23 1 4 1 0
21 25 23 1 1 1 0
10 8 23 1 4 1 0
21 16 23 2 8 1 0
17 16 23 2 8 1 0
9 11 23 1 3 1 0
23 11 23 8 2 1 0
23 15 23 2 8 1 0
15 15 23 2 8 1 0
27 13 23 4 1 1 0
25 14 23 2 8 1 0
13 14 23 2 8 1 0
27 17 23 1 4 1 0
12 17 23 1 4 1 0
10 14 23 2 4 1 0
28 14 23 2 4 1 0
28 18 23 1 2 1 0
11 18 23 1 2 1 0
19 2 23 2 8 1 0
16 3 23 1 4 1 0
23 3 23 1 4 1 0
19 16 23 2 8 1 0
11 10 23 2 4 1 0
26 10 23 3 1 1 0
10 12 23 1 2 1 0
12 9 23 2 1 1 0
26 9 23 2 1 1 0
12 14 23 1 3 1 0
27 14 23 1 3 1 0
13 8 23 1 1 1 0
26 8 23 1 1 1 0
13 10 23 1 4 1 0
16 7 23 1 4 1 0
23 7 23 1 4 1 0
23 13 23 4 1 1 0
14 11 23 8 2 1 0
14 13 23 4 1 1 0
15 14 23 4 1 1 0
21 14 23 4 1 1 0
17 10 23 4 1 1 0
21 10 23 2 1 1 0
17 15 23 4 1 1 0
21 15 23 2 1 1 0
22 11 23 1 3 1 0
19 13 23 2 2 1 0
18 13 23 1 1 1 0
21 13 23 1 1 1 0
15 2 24 2 8 1 0
23 2 24 2 8 1 0
36 35 24 3 2 1 0
34 33 24 2 3 1 0
13 3 24 2 8 1 0
25 3 24 2 8 1 0
36 34 24 2 1 1 0
32 32 24 2 3 1 0
12 4 24 1 4 1 0
27 4 24 1 4 1 0
30 31 24 2 3 1 0
28 30 24 2 3 1 0
32 31 24 1 1 1 0
26 29 24 2 3 1 0
30 30 24 1 1 1 0
24 28 24 2 3 1 0
11 5 24 1 4 1 0
28 5 24 1 4 1 0
28 29 24 1 1 1 0
23 27 24 1 3 1 0
26 28 24 1 1 1 0
21 26 24 2 3 1 0
10 6 24 1 4 1 0
29 6 24 1 4 1 0
24 27 24 1 1 1 0
9 8 24 1 4 1 0
30 8 24 1 4 1 0
22 16 24 2 8 1 0
16 16 24 2 8 1 0
24 15 24 2 8 1 0
14 15 24 2 8 1 0
26 18 24 1 4 1 0
13 18 24 1 4 1 0
9 12 24 2 4 1 0
29 12 24 2 4 1 0
27 17 24 1 4 1 0
12 17 24 1 4 1 0
10 16 24 2 3 1 0
28 16 24 2 3 1 0
28 19 24 1 1 1 0
11 19 24 1 1 1 0
17 2 24 2 8 1 0
19 2 24 2 8 1 0
21 2 24 2 8 1 0
20 16 24 2 8 1 0
18 16 24 2 8 1 0
10 10 24 3 2 1 0
27 10 24 3 2 1 0
11 9 24 2 1 1 0
27 9 24 2 1 1 0
11 12 24 8 2 1 0
21 12 24 8 2 1 0
11 14 24 3 2 1 0
26 14 24 3 2 1 0
12 16 24 2 1 1 0
26 16 24 2 1 1 0
12 8 24 1 1 1 0
27 8 24 1 1 1 0
13 17 24 1 1 1 0
26 17 24 1 1 1 0
13 11 24 4 1 1 0
23 11 24 4 1 1 0
14 14 24 4 1 1 0
22 14 24 4 1 1 0
15 10 24 4 1 1 0
21 10 24 4 1 1 0
16 15 24 4 1 1 0
20 15 24 4 1 1 0
19 10 24 2 4 1 0
17 11 24 2 1 1 0
21 11 24 2 1 1 0
18 14 24 4 1 1 0
38 35 25 1 3 1 0
16 1 25 8 2 1 0
15 2 25 1 4 1 0
24 2 25 1 4 1 0
36 34 25 2 3 1 0
34 33 25 2 3 1 0
13 3 25 2 8 1 0
25 3 25 2 8 1 0
32 32 25 2 3 1 0
11 4 25 2 8 1 0
27 4 25 2 8 1 0
30 31 25 2 3 1 0
28 30 25 2 3 1 0
26 29 25 2 3 1 0
24 28 25 2 3 1 0
10 5 25 1 4 1 0
29 5 25 1 4 1 0
23 28 25 1 2 1 0
26 28 25 1 1 1 0
9 7 25 1 4 1 0
30 7 25 1 4 1 0
21 17 25 2 8 1 0
17 17 25 2 8 1 0
23 16 25 2 8 1 0
15 16 25 2 8 1 0
8 11 25 3 2 1 0
29 11 25 3 2 1 0
25 15 25 2 8 1 0
13 15 25 2 8 1 0
8 13 25 4 1 1 0
28 13 25 4 1 1 0
27 18 25 1 4 1 0
12 18 25 1 4 1 0
28 17 25 1 4 1 0
11 17 25 1 4 1 0
9 14 25 2 4 1 0
29 14 25 2 4 1 0
29 18 25 1 2 1 0
10 18 25 1 2 1 0
19 17 25 2 8 1 0
10 9 25 1 2 1 0
29 9 25 1 2 1 0
16 3 25 8 2 1 0
11 14 25 2 3 1 0
27 14 25 2 3 1 0
11 12 25 4 1 1 0
25 12 25 4 1 1 0
12 17 25 1 1 1 0
27 17 25 1 1 1 0
16 5 25 8 2 1 0
15 6 25 1 4 1 0
24 6 25 1 4 1 0
12 13 25 4 1 1 0
24 13 25 4 1 1 0
13 14 25 4 1 1 0
23 14 25 4 1 1 0
13 11 25 4 1 1 0
23 11 25 4 1 1 0
16 7 25 8 2 1 0
15 10 25 4 1 1 0
21 10 25 4 1 1 0
15 15 25 4 1 1 0
21 15 25 4 1 1 0
16 9 25 4 1 1 0
20 9 25 4 1 1 0
15 12 25 4 1 1 0
21 12 25 4 1 1 0
19 16 25 4 1 1 0
17 16 25 2 1 1 0
16 13 25 4 1 1 0
20 13 25 4 1 1 0
17 14 25 4 1 1 0
21 14 25 2 1 1 0
19 10 25 2 3 1 0
19 15 25 2 1 1 0
17 11 25 2 1 1 0
21 11 25 2 1 1 0
15 1 26 2 8 1 0
23 1 26 2 8 1 0
37 35 26 2 3 1 0
14 2 26 1 4 1 0
35 34 26 2 3 1 0
25 2 26 1 4 1 0
33 33 26 2 3 1 0
12 3 26 2 8 1 0
26 3 26 2 8 1 0
37 34 26 1 1 1 0
31 32 26 2 3 1 0
11 4 26 1 4 1 0
28 4 26 1 4 1 0
35 33 26 1 1 1 0
29 31 26 2 3 1 0
33 32 26 1 1 1 0
28 30 26 1 3 1 0
31 31 26 1 1 1 0
26 29 26 2 3 1 0
29 30 26 1 1 1 0
25 29 26 1 2 1 0
10 5 26 1 4 1 0
29 5 26 1 4 1 0
9 6 26 1 4 1 0
30 6 26 1 4 1 0
22 17 26 2 8 1 0
16 17 26 2 8 1 0
8 9 26 1 4 1 0
31 9 26 1 4 1 0
24 16 26 2 8 1 0
14 16 26 2 8 1 0
26 19 26 1 4 1 0
13 19 26 1 4 1 0
27 14 26 2 8 1 0
11 14 26 2 8 1 0
8 13 26 2 3 1 0
30 13 26 2 3 1 0
9 16 26 2 3 1 0
29 16 26 2 3 1 0
29 19 26 1 1 1 0
10 19 26 1 1 1 0
17 1 26 2 8 1 0
19 1 26 2 8 1 0
21 1 26 2 8 1 0
20 17 26 2 8 1 0
18 17 26 2 8 1 0
9 10 26 2 3 1 0
29 10 26 2 3 1 0
11 8 26 1 4 1 0
10 9 26 1 1 1 0
28 8 26 1 4 1 0
29 9 26 1 1 1 0
10 13 26 4 1 1 0
26 13 26 4 1 1 0
10 14 26 1 2 1 0
29 14 26 1 2 1 0
11 12 26 4 1 1 0
25 12 26 4 1 1 0
14 6 26 1 4 1 0
25 6 26 1 4 1 0
12 11 26 4 1 1 0
24 11 26 4 1 1 0
26 15 26 1 4 1 0
13 15 26 1 4 1 0
13 14 26 4 1 1 0
23 14 26 4 1 1 0
14 10 26 4 1 1 0
22 10 26 4 1 1 0
14 13 26 4 1 1 0
22 13 26 4 1 1 0
14 15 26 4 1 1 0
22 15 26 4 1 1 0
15 9 26 4 1 1 0
21 9 26 4 1 1 0
15 12 26 4 1 1 0
21 12 26 4 1 1 0
16 16 26 4 1 1 0
20 16 26 4 1 1 0
19 9 26 2 4 1 0
16 11 26 3 1 1 0
21 11 26 3 1 1 0
18 10 26 1 1 1 0
21 10 26 1 1 1 0
18 14 26 4 2 1 0
17 14 26 1 1 1 0
22 14 26 1 1 1 0
18 13 26 4 1 1 0
15 1 27 8 2 1 0
23 1 27 2 8 1 0
37 35 27 2 3 1 0
35 34 27 2 3 1 0
13 2 27 2 8 1 0
25 2 27 2 8 1 0
33 33 27 2 3 1 0
12 3 27 1 4 1 0
27 3 27 1 4 1 0
31 32 27 2 3 1 0
11 4 27 1 4 1 0
29 31 27 2 3 1 0
28 4 27 1 4 1 0
28 30 27 1 3 1 0
31 31 27 1 1 1 0
27 30 27 1 2 1 0
10 5 27 1 4 1 0
29 5 27 1 4 1 0
9 6 27 1 4 1 0
30 6 27 1 4 1 0
8 8 27 1 4 1 0
31 8 27 1 4 1 0
17 23 27 8 2 1 0
15 17 27 2 8 1 0
25 16 27 2 8 1 0
13 16 27 2 8 1 0
27 19 27 1 4 1 0
12 19 27 1 4 1 0
28 18 27 1 4 1 0
11 18 27 1 4 1 0
8 15 27 4 2 1 0
28 15 27 4 2 1 0
29 17 27 1 4 1 0
10 17 27 1 4 1 0
9 17 27 1 2 1 0
30 17 27 1 2 1 0
8 12 27 8 2 1 0
24 12 27 8 2 1 0
8 14 27 4 1 1 0
28 14 27 4 1 1 0
9 10 27 8 2 1 0
23 10 27 8 2 1 0
15 3 27 8 2 1 0
17 21 27 8 2 1 0
10 9 27 3 1 1 0
27 9 27 3 1 1 0
11 17 27 2 1 1 0
27 17 27 2 1 1 0
12 7 27 1 2 1 0
11 8 27 1 1 1 0
27 7 27 1 2 1 0
28 8 27 1 1 1 0
12 18 27 1 1 1 0
27 18 27 1 1 1 0
15 5 27 8 2 1 0
17 19 27 8 2 1 0
12 14 27 8 2 1 0
20 14 27 8 2 1 0
12 16 27 1 1 1 0
27 16 27 1 1 1 0
15 7 27 8 2 1 0
17 17 27 8 2 1 0
15 9 27 4 1 1 0
21 9 27 4 1 1 0
15 16 27 4 1 1 0
21 16 27 4 1 1 0
19 9 27 2 4 1 0
19 16 27 2 1 1 0
16 12 27 3 2 1 0
21 12 27 3 2 1 0
17 10 27 2 2 1 0
21 10 27 2 2 1 0
19 13 27 2 1 1 0
16 1 28 2 8 1 0
22 1 28 2 8 1 0
37 35 28 2 3 1 0
36 34 28 1 4 1 0
35 34 28 1 3 1 0
13 2 28 2 8 1 0
25 2 28 2 8 1 0
33 33 28 2 3 1 0
12 3 28 1 4 1 0
27 3 28 1 4 1 0
31 32 28 2 3 1 0
30 31 28 1 3 1 0
11 4 28 1 4 1 0
28 4 28 1 4 1 0
29 31 28 1 2 1 0
10 5 28 1 4 1 0
29 5 28 1 4 1 0
9 6 28 1 4 1 0
30 6 28 1 4 1 0
20 18 28 2 8 1 0
18 18 28 2 8 1 0
8 8 28 1 4 1 0
31 8 28 1 4 1 0
23 17 28 2 8 1 0
15 17 28 2 8 1 0
25 16 28 2 8 1 0
13 16 28 2 8 1 0
27 19 28 1 4 1 0
12 19 28 1 4 1 0
28 18 28 1 4 1 0
11 18 28 1 4 1 0
29 17 28 1 4 1 0
10 17 28 1 4 1 0
8 14 28 2 4 1 0
30 14 28 2 4 1 0
30 18 28 1 2 1 0
9 18 28 1 2 1 0
18 1 28 2 8 1 0
20 1 28 2 8 1 0
15 2 28 1 4 1 0
24 2 28 1 4 1 0
22 21 28 1 4 1 0
17 21 28 1 4 1 0
8 12 28 8 2 1 0
24 12 28 8 2 1 0
9 10 28 8 2 1 0
23 10 28 8 2 1 0
10 9 28 3 1 1 0
27 9 28 3 1 1 0
10 14 28 8 2 1 0
22 14 28 8 2 1 0
10 16 28 3 1 1 0
27 16 28 3 1 1 0
12 7 28 1 2 1 0
11 8 28 1 1 1 0
27 7 28 1 2 1 0
28 8 28 1 1 1 0
11 17 28 2 1 1 0
27 17 28 2 1 1 0
12 18 28 1 1 1 0
27 18 28 1 1 1 0
15 6 28 1 4 1 0
24 6 28 1 4 1 0
22 17 28 1 4 1 0
17 17 28 1 4 1 0
15 16 28 4 1 1 0
21 16 28 4 1 1 0
16 9 28 4 1 1 0
20 9 28 2 4 1 0
22 9 28 1 4 1 0
23 9 28 1 1 1 0
18 17 28 4 1 1 0
16 12 28 4 2 1 0
23 12 28 1 2 1 0
17 10 28 3 2 1 0
19 14 28 2 3 1 0
20 13 28 3 1 1 0
21 14 28 1 2 1 0
18 14 28 1 2 1 0
31 33 29 4 1 1 0
18 1 29 2 8 1 0
20 1 29 2 8 1 0
36 36 29 3 2 1 0
34 34 29 2 3 1 0
13 2 29 2 8 1 0
25 2 29 2 8 1 0
36 35 29 2 1 1 0
33 34 29 1 2 1 0
32 34 29 1 1 1 0
12 3 29 1 4 1 0
27 3 29 1 4 1 0
11 4 29 1 4 1 0
28 4 29 1 4 1 0
10 5 29 1 4 1 0
29 5 29 1 4 1 0
9 6 29 1 4 1 0
30 6 29 1 4 1 0
20 18 29 2 8 1 0
18 18 29 2 8 1 0
8 8 29 1 4 1 0
31 8 29 1 4 1 0
23 17 29 2 8 1 0
15 17 29 2 8 1 0
25 16 29 2 8 1 0
13 16 29 2 8 1 0
27 19 29 1 4 1 0
12 19 29 1 4 1 0
28 18 29 1 4 1 0
11 18 29 1 4 1 0
29 17 29 1 4 1 0
10 17 29 1 4 1 0
8 14 29 2 4 1 0
30 14 29 2 4 1 0
30 18 29 1 2 1 0
9 18 29 1 2 1 0
15 2 29 2 8 1 0
17 2 29 1 4 1 0
22 2 29 2 8 1 0
24 2 29 1 4 1 0
22 21 29 1 4 1 0
17 21 29 1 4 1 0
8 12 29 8 2 1 0
24 12 29 8 2 1 0
9 10 29 8 2 1 0
23 10 29 8 2 1 0
10 9 29 3 1 1 0
27 9 29 3 1 1 0
10 14 29 8 2 1 0
22 14 29 8 2 1 0
10 16 29 3 1 1 0
27 16 29 3 1 1 0
12 7 29 1 2 1 0
11 8 29 1 1 1 0
27 7 29 1 2 1 0
28 8 29 1 1 1 0
11 17 29 2 1 1 0
27 17 29 2 1 1 0
12 18 29 1 1 1 0
27 18 29 1 1 1 0
17 6 29 1 4 1 0
24 6 29 1 4 1 0
22 17 29 1 4 1 0
17 17 29 1 4 1 0
15 16 29 4 1 1 0
21 16 29 4 1 1 0
18 9 29 4 2 1 0
17 10 29 1 4 1 0
22 10 29 1 4 1 0
18 17 29 4 1 1 0
16 12 29 1 2 1 0
23 12 29 1 2 1 0
19 13 29 2 4 1 0
18 11 29 4 2 1 0
21 13 29 1 3 1 0
18 13 29 1 3 1 0
36 36 30 3 2 1 0
34 34 30 2 3 1 0
36 35 30 2 1 1 0
14 2 30 2 8 1 0
24 2 30 2 8 1 0
13 3 30 1 4 1 0
26 3 30 1 4 1 0
11 4 30 2 8 1 0
27 4 30 2 8 1 0
10 5 30 1 4 1 0
29 5 30 1 4 1 0
9 6 30 1 4 1 0
30 6 30 1 4 1 0
20 18 30 2 8 1 0
18 18 30 2 8 1 0
8 8 30 1 4 1 0
31 8 30 1 4 1 0
23 17 30 2 8 1 0
15 17 30 2 8 1 0
25 16 30 2 8 1 0
13 16 30 2 8 1 0
27 19 30 1 4 1 0
12 19 30 1 4 1 0
28 18 30 1 4 1 0
11 18 30 1 4 1 0
29 17 30 1 4 1 0
10 17 30 1 4 1 0
8 14 30 2 4 1 0
30 14 30 2 4 1 0
30 18 30 1 2 1 0
9 18 30 1 2 1 0
16 2 30 2 8 1 0
18 2 30 2 8 1 0
20 2 30 2 8 1 0
22 2 30 2 8 1 0
22 21 30 1 4 1 0
17 21 30 1 4 1 0
8 12 30 8 2 1 0
24 12 30 8 2 1 0
9 10 30 2 2 1 0
29 10 30 2 2 1 0
10 9 30 1 1 1 0
29 9 30 1 1 1 0
10 14 30 8 2 1 0
22 14 30 8 2 1 0
10 16 30 3 1 1 0
27 16 30 3 1 1 0
11 17 30 2 1 1 0
27 17 30 2 1 1 0
12 18 30 1 1 1 0
27 18 30 1 1 1 0
13 7 30 1 4 1 0
26 7 30 1 4 1 0
22 17 30 1 4 1 0
17 17 30 1 4 1 0
13 11 30 4 1 1 0
23 11 30 4 1 1 0
14 10 30 4 1 1 0
22 10 30 4 1 1 0
15 16 30 4 1 1 0
21 16 30 4 1 1 0
18 10 30 2 4 1 0
20 10 30 2 4 1 0
18 17 30 4 1 1 0
16 12 30 2 2 1 0
22 12 30 2 2 1 0
17 11 30 1 1 1 0
22 11 30 1 1 1 0
19 14 30 2 3 1 0
21 14 30 1 2 1 0
18 14 30 1 2 1 0
36 36 31 3 2 1 0
15 2 31 8 2 1 0
23 2 31 2 8 1 0
13 3 31 2 8 1 0
25 3 31 2 8 1 0
11 4 31 2 8 1 0
27 4 31 2 8 1 0
10 5 31 1 4 1 0
29 5 31 1 4 1 0
16 25 31 8 2 1 0
9 7 31 1 4 1 0
30 7 31 1 4 1 0
24 18 31 2 8 1 0
14 18 31 2 8 1 0
26 21 31 1 4 1 0
13 21 31 1 4 1 0
8 9 31 1 4 1 0
31 9 31 1 4 1 0
27 19 31 1 4 1 0
12 19 31 1 4 1 0
28 18 31 1 4 1 0
11 18 31 1 4 1 0
29 17 31 1 4 1 0
10 17 31 1 4 1 0
8 14 31 2 4 1 0
30 14 31 2 4 1 0
30 18 31 1 2 1 0
9 18 31 1 2 1 0
8 13 31 4 1 1 0
28 13 31 4 1 1 0
16 23 31 8 2 1 0
9 11 31 2 2 1 0
29 11 31 2 2 1 0
15 4 31 8 2 1 0
10 9 31 1 2 1 0
29 9 31 1 2 1 0
10 14 31 8 2 1 0
22 14 31 8 2 1 0
10 16 31 4 1 1 0
26 16 31 4 1 1 0
16 21 31 8 2 1 0
26 17 31 1 4 1 0
13 17 31 1 4 1 0
11 12 31 4 1 1 0
25 12 31 4 1 1 0
11 17 31 2 1 1 0
27 17 31 2 1 1 0
12 18 31 1 1 1 0
27 18 31 1 1 1 0
15 6 31 8 2 1 0
12 13 31 4 1 1 0
24 13 31 4 1 1 0
16 19 31 8 2 1 0
13 11 31 4 1 1 0
23 11 31 4 1 1 0
15 8 31 8 2 1 0
14 16 31 8 2 1 0
22 16 31 4 2 1 0
20 18 31 4 1 1 0
16 18 31 4 1 1 0
15 10 31 4 1 1 0
21 10 31 4 1 1 0
15 12 31 4 1 1 0
21 12 31 4 1 1 0
19 10 31 2 4 1 0
16 13 31 3 1 1 0
21 13 31 3 1 1 0
17 11 31 2 1 1 0
21 11 31 2 1 1 0
18 14 31 4 2 1 0
16 2 32 2 8 1 0
22 2 32 2 8 1 0
13 3 32 2 8 1 0
25 3 32 2 8 1 0
12 4 32 1 4 1 0
27 4 32 1 4 1 0
11 5 32 1 4 1 0
28 5 32 1 4 1 0
10 6 32 1 4 1 0
29 6 32 1 4 1 0
21 20 32 2 8 1 0
17 20 32 2 8 1 0
24 19 32 2 8 1 0
14 19 32 2 8 1 0
9 7 32 1 4 1 0
30 7 32 1 4 1 0
26 18 32 2 8 1 0
12 18 32 2 8 1 0
28 21 32 1 4 1 0
11 21 32 1 4 1 0
8 10 32 1 4 1 0
31 10 32 1 4 1 0
29 20 32 1 4 1 0
10 20 32 1 4 1 0
8 15 32 8 2 1 0
24 15 32 8 2 1 0
29 17 32 2 3 1 0
9 17 32 2 3 1 0
18 2 32 2 8 1 0
20 2 32 2 8 1 0
15 3 32 1 4 1 0
24 3 32 1 4 1 0
19 20 32 2 8 1 0
23 23 32 1 4 1 0
16 23 32 1 4 1 0
8 14 32 4 1 1 0
28 14 32 4 1 1 0
9 11 32 8 2 1 0
23 11 32 8 2 1 0
9 13 32 4 1 1 0
27 13 32 4 1 1 0
28 17 32 1 4 1 0
11 17 32 1 4 1 0
11 9 32 2 2 1 0
10 10 32 1 1 1 0
27 9 32 2 2 1 0
29 10 32 1 1 1 0
12 8 32 1 1 1 0
27 8 32 1 1 1 0
12 17 32 4 1 1 0
24 17 32 4 1 1 0
15 7 32 1 4 1 0
24 7 32 1 4 1 0
23 19 32 1 4 1 0
16 19 32 1 4 1 0
12 14 32 4 1 1 0
24 14 32 4 1 1 0
13 13 32 4 1 1 0
23 13 32 4 1 1 0
14 18 32 4 1 1 0
22 18 32 4 1 1 0
19 19 32 4 1 1 0
17 19 32 2 1 1 0
16 16 32 8 2 1 0
16 10 32 4 1 1 0
20 10 32 2 4 1 0
22 10 32 1 4 1 0
23 10 32 1 1 1 0
16 14 32 8 2 1 0
17 11 32 2 3 1 0
19 11 32 1 3 1 0
18 18 32 4 1 1 0
17 2 33 2 8 1 0
21 2 33 2 8 1 0
14 3 33 2 8 1 0
24 3 33 2 8 1 0
13 4 33 1 4 1 0
26 4 33 1 4 1 0
11 5 33 2 8 1 0
27 5 33 2 8 1 0
20 21 33 2 8 1 0
18 21 33 2 8 1 0
10 6 33 1 4 1 0
29 6 33 1 4 1 0
23 20 33 2 8 1 0
15 20 33 2 8 1 0
26 19 33 2 8 1 0
12 19 33 2 8 1 0
28 22 33 1 4 1 0
11 22 33 1 4 1 0
9 8 33 1 4 1 0
30 8 33 1 4 1 0
29 21 33 1 4 1 0
10 21 33 1 4 1 0
30 20 33 1 4 1 0
9 20 33 1 4 1 0
8 11 33 1 4 1 0
31 11 33 1 4 1 0
31 19 33 1 4 1 0
8 19 33 1 4 1 0
8 15 33 4 1 1 0
28 15 33 4 1 1 0
19 2 33 2 8 1 0
16 3 33 1 4 1 0
23 3 33 1 4 1 0
22 24 33 1 4 1 0
17 24 33 1 4 1 0
25 23 33 1 4 1 0
14 23 33 1 4 1 0
9 16 33 8 2 1 0
23 16 33 8 2 1 0
9 18 33 3 2 1 0
28 18 33 3 2 1 0
10 10 33 1 4 1 0
29 10 33 1 4 1 0
9 12 33 1 3 1 0
30 12 33 1 3 1 0
28 20 33 2 1 1 0
10 20 33 2 1 1 0
28 21 33 1 1 1 0
11 21 33 1 1 1 0
10 14 33 4 1 1 0
26 14 33 4 1 1 0
11 13 33 4 1 1 0
25 13 33 4 1 1 0
12 18 33 4 1 1 0
24 18 33 4 1 1 0
16 7 33 1 4 1 0
23 7 33 1 4 1 0
13 8 33 1 4 1 0
26 8 33 1 4 1 0
22 20 33 1 4 1 0
17 20 33 1 4 1 0
25 19 33 1 4 1 0
14 19 33 1 4 1 0
12 15 33 4 1 1 0
24 15 33 4 1 1 0
13 12 33 4 1 1 0
23 12 33 4 1 1 0
14 11 33 4 1 1 0
22 11 33 4 1 1 0
14 14 33 4 1 1 0
22 14 33 4 1 1 0
15 13 33 4 1 1 0
21 13 33 4 1 1 0
21 19 33 4 1 1 0
15 19 33 4 1 1 0
16 18 33 4 1 1 0
20 18 33 4 1 1 0
17 10 33 4 1 1 0
21 10 33 1 3 1 0
22 10 33 1 1 1 0
18 20 33 4 1 1 0
16 15 33 4 1 1 0
20 15 33 4 1 1 0
17 16 33 4 2 1 0
21 16 33 2 2 1 0
18 11 33 3 2 1 0
19 19 33 2 1 1 0
17 12 33 1 1 1 0
22 12 33 1 1 1 0
18 14 33 4 1 1 0
19 13 33 2 1 1 0
15 3 34 2 8 1 0
23 3 34 2 8 1 0
13 4 34 2 8 1 0
25 4 34 2 8 1 0
12 5 34 1 4 1 0
27 5 34 1 4 1 0
22 21 34 2 8 1 0
16 21 34 2 8 1 0
25 20 34 2 8 1 0
11 6 34 1 4 1 0
13 20 34 2 8 1 0
28 6 34 1 4 1 0
27 23 34 1 4 1 0
12 23 34 1 4 1 0
10 7 34 1 4 1 0
29 7 34 1 4 1 0
28 18 34 2 8 1 0
10 18 34 2 8 1 0
30 21 34 1 4 1 0
9 21 34 1 4 1 0
9 9 34 1 4 1 0
30 9 34 1 4 1 0
31 20 34 1 4 1 0
8 20 34 1 4 1 0
32 19 34 1 4 1 0
7 19 34 1 4 1 0
8 17 34 2 3 1 0
30 17 34 2 3 1 0
7 18 34 1 1 1 0
32 18 34 1 1 1 0
17 3 34 2 8 1 0
19 3 34 2 8 1 0
21 3 34 2 8 1 0
20 21 34 2 8 1 0
18 21 34 2 8 1 0
24 24 34 1 4 1 0
15 24 34 1 4 1 0
9 13 34 8 2 1 0
23 13 34 8 2 1 0
9 15 34 8 2 1 0
23 15 34 8 2 1 0
10 11 34 3 2 1 0
27 11 34 3 2 1 0
30 20 34 1 1 1 0
9 20 34 1 1 1 0
11 10 34 2 1 1 0
27 10 34 2 1 1 0
10 17 34 4 1 1 0
26 17 34 4 1 1 0
12 9 34 1 1 1 0
27 9 34 1 1 1 0
27 19 34 1 4 1 0
12 19 34 1 4 1 0
24 20 34 1 4 1 0
15 20 34 1 4 1 0
13 12 34 4 1 1 0
23 12 34 4 1 1 0
12 18 34 4 1 1 0
24 18 34 4 1 1 0
15 11 34 4 1 1 0
21 11 34 4 1 1 0
14 17 34 4 1 1 0
22 17 34 4 1 1 0
23 19 34 4 1 1 0
13 19 34 4 1 1 0
19 11 34 2 8 1 0
20 20 34 4 1 1 0
17 19 34 3 2 1 0
16 20 34 1 1 1 0
17 12 34 2 4 1 0
21 12 34 2 4 1 0
17 16 34 2 1 1 0
21 16 34 2 1 1 0
16 18 34 3 1 1 0
21 18 34 3 1 1 0
20 19 34 3 1 1 0
18 17 34 1 1 1 0
21 17 34 1 1 1 0
12 1 35 3 1 1 0
25 1 35 3 1 1 0
13 0 35 2 1 1 0
25 0 35 2 1 1 0
17 3 35 2 8 1 0
21 3 35 2 8 1 0
14 4 35 2 8 1 0
24 4 35 2 8 1 0
13 5 35 1 4 1 0
26 5 35 1 4 1 0
17 27 35 8 2 1 0
15 21 35 2 8 1 0
25 20 35 2 8 1 0
13 20 35 2 8 1 0
12 6 35 1 4 1 0
27 6 35 1 4 1 0
27 19 35 2 8 1 0
11 19 35 2 8 1 0
11 7 35 1 4 1 0
28 7 35 1 4 1 0
29 18 35 2 8 1 0
9 18 35 2 8 1 0
10 8 35 1 4 1 0
29 8 35 1 4 1 0
31 21 35 1 4 1 0
8 21 35 1 4 1 0
32 20 35 1 4 1 0
7 20 35 1 4 1 0
9 10 35 1 4 1 0
30 10 35 1 4 1 0
8 16 35 8 2 1 0
24 16 35 8 2 1 0
7 17 35 1 3 1 0
32 17 35 1 3 1 0
19 3 35 2 8 1 0
16 4 35 1 4 1 0
23 4 35 1 4 1 0
9 14 35 8 2 1 0
23 14 35 8 2 1 0
10 12 35 8 2 1 0
22 12 35 8 2 1 0
31 18 35 1 3 1 0
8 18 35 1 3 1 0
17 25 35 8 2 1 0
11 11 35 3 1 1 0
26 11 35 3 1 1 0
13 9 35 1 2 1 0
12 10 35 1 1 1 0
26 9 35 1 2 1 0
27 10 35 1 1 1 0
16 8 35 1 4 1 0
23 8 35 1 4 1 0
17 23 35 8 2 1 0
11 18 35 4 1 1 0
25 18 35 4 1 1 0
17 21 35 8 2 1 0
23 19 35 4 1 1 0
13 19 35 4 1 1 0
17 11 35 4 1 1 0
21 11 35 1 4 1 0
22 11 35 1 1 1 0
21 20 35 4 1 1 0
19 13 35 2 8 1 0
17 17 35 2 4 1 0
15 20 35 2 1 1 0
17 14 35 2 3 1 0
22 14 35 1 4 1 0
16 16 35 1 3 1 0
23 16 35 1 3 1 0
15 18 35 1 1 1 0
24 18 35 1 1 1 0
18 12 35 3 1 1 0
21 18 35 2 2 1 0
18 13 35 1 1 1 0
21 15 35 1 3 1 0
13 0 36 2 8 1 0
25 0 36 2 8 1 0
12 1 36 1 4 1 0
27 1 36 1 4 1 0
15 0 36 2 3 1 0
23 0 36 2 3 1 0
11 3 36 1 3 1 0
28 3 36 1 2 1 0
20 22 36 2 8 1 0
18 22 36 2 8 1 0
27 5 36 1 1 1 0
24 21 36 2 8 1 0
14 21 36 2 8 1 0
26 20 36 2 8 1 0
12 20 36 2 8 1 0
28 19 36 2 8 1 0
10 19 36 2 8 1 0
12 7 36 1 4 1 0
27 7 36 1 4 1 0
30 22 36 1 4 1 0
9 22 36 1 4 1 0
11 8 36 1 4 1 0
28 8 36 1 4 1 0
31 21 36 1 4 1 0
8 21 36 1 4 1 0
32 20 36 1 4 1 0
7 20 36 1 4 1 0
10 10 36 1 4 1 0
29 10 36 1 4 1 0
9 13 36 1 4 1 0
30 13 36 1 4 1 0
33 19 36 1 3 1 0
6 19 36 1 3 1 0
8 15 36 1 4 1 0
7 16 36 1 4 1 0
31 16 36 2 4 1 0
17 0 36 4 2 1 0
21 0 36 2 2 1 0
15 3 36 1 4 1 0
24 3 36 1 4 1 0
16 4 36 2 8 1 0
18 4 36 2 8 1 0
20 4 36 2 8 1 0
22 4 36 2 8 1 0
12 5 36 1 1 1 0
22 21 36 2 8 1 0
16 21 36 2 8 1 0
11 12 36 8 2 1 0
21 12 36 8 2 1 0
10 14 36 8 2 1 0
22 14 36 8 2 1 0
13 8 36 2 4 1 0
25 8 36 2 4 1 0
12 11 36 1 1 1 0
27 11 36 1 1 1 0
22 16 36 8 2 1 0
30 17 36 1 4 1 0
31 20 36 1 1 1 0
8 19 36 2 2 1 0
9 17 36 8 2 1 0
15 7 36 1 4 1 0
24 7 36 1 4 1 0
30 21 36 1 1 1 0
9 21 36 1 1 1 0
10 16 36 4 1 1 0
26 18 36 4 1 1 0
15 11 36 1 1 1 0
24 11 36 1 1 1 0
12 19 36 4 1 1 0
24 19 36 4 1 1 0
20 14 36 2 8 1 0
18 14 36 2 8 1 0
14 16 36 4 1 1 0
22 20 36 4 1 1 0
14 20 36 4 1 1 0
22 18 36 4 1 1 0
19 12 36 2 2 1 0
22 19 36 2 1 1 0
16 19 36 2 1 1 0
17 17 36 1 2 1 0
13 0 37 8 2 1 0
25 0 37 2 8 1 0
12 1 37 1 4 1 0
27 1 37 1 4 1 0
11 3 37 1 4 1 0
28 3 37 1 4 1 0
21 22 37 2 8 1 0
17 22 37 2 8 1 0
24 21 37 2 8 1 0
14 21 37 2 8 1 0
26 20 37 2 8 1 0
12 20 37 2 8 1 0
28 19 37 2 8 1 0
10 19 37 2 8 1 0
30 22 37 1 4 1 0
9 22 37 1 4 1 0
31 21 37 1 4 1 0
8 21 37 1 4 1 0
32 20 37 1 4 1 0
7 20 37 1 4 1 0
10 12 37 8 2 1 0
22 12 37 8 2 1 0
8 14 37 8 2 1 0
24 14 37 8 2 1 0
33 18 37 1 4 1 0
6 18 37 1 4 1 0
7 16 37 8 2 1 0
25 16 37 8 2 1 0
21 0 37 2 8 1 0
23 0 37 2 8 1 0
19 22 37 2 8 1 0
23 25 37 1 4 1 0
16 25 37 1 4 1 0
11 7 37 8 2 1 0
27 7 37 2 4 1 0
11 9 37 8 2 1 0
11 11 37 4 1 1 0
25 11 37 4 1 1 0
13 2 37 8 2 1 0
12 5 37 8 2 1 0
27 5 37 1 2 1 0
16 4 37 4 1 1 0
20 4 37 1 4 1 0
13 4 37 3 1 1 0
7 18 37 3 2 1 0
30 18 37 3 2 1 0
19 8 37 8 2 1 0
23 10 37 4 1 1 0
30 20 37 2 1 1 0
8 20 37 2 1 1 0
19 7 37 1 1 1 0
30 21 37 1 1 1 0
9 21 37 1 1 1 0
23 21 37 1 4 1 0
16 21 37 1 4 1 0
15 11 37 4 1 1 0
21 11 37 4 1 1 0
10 18 37 4 1 1 0
26 18 37 4 1 1 0
19 10 37 4 1 1 0
21 14 37 2 8 1 0
19 14 37 2 8 1 0
17 14 37 2 8 1 0
23 19 37 3 2 1 0
15 17 37 2 4 1 0
14 18 37 1 3 1 0
26 19 37 2 1 1 0
12 19 37 2 1 1 0
19 11 37 2 3 1 0
16 14 37 1 3 1 0
23 14 37 1 4 1 0
23 18 37 3 1 1 0
18 12 37 1 2 1 0
21 12 37 1 2 1 0
15 16 37 1 1 1 0
24 16 37 1 2 1 0
16 0 38 2 8 1 0
22 0 38 2 8 1 0
14 1 38 2 8 1 0
24 1 38 2 8 1 0
13 2 38 1 4 1 0
26 2 38 1 4 1 0
12 3 38 1 4 1 0
27 3 38 1 4 1 0
21 22 38 2 8 1 0
17 22 38 2 8 1 0
11 5 38 1 4 1 0
28 5 38 1 4 1 0
24 21 38 2 8 1 0
14 21 38 2 8 1 0
26 20 38 2 8 1 0
12 20 38 2 8 1 0
28 19 38 2 8 1 0
10 19 38 2 8 1 0
30 22 38 1 4 1 0
9 22 38 1 4 1 0
31 21 38 1 4 1 0
8 21 38 1 4 1 0
32 20 38 1 4 1 0
7 20 38 1 4 1 0
9 13 38 8 2 1 0
23 13 38 8 2 1 0
8 14 38 1 4 1 0
31 14 38 1 4 1 0
33 18 38 1 4 1 0
6 18 38 1 4 1 0
7 15 38 1 4 1 0
32 15 38 1 4 1 0
6 16 38 1 2 1 0
33 16 38 1 2 1 0
18 0 38 2 8 1 0
20 0 38 2 8 1 0
19 22 38 2 8 1 0
23 25 38 1 4 1 0
16 25 38 1 4 1 0
11 9 38 8 2 1 0
21 9 38 8 2 1 0
11 11 38 8 2 1 0
21 11 38 8 2 1 0
13 6 38 1 3 1 0
12 7 38 1 2 1 0
26 6 38 1 3 1 0
27 7 38 1 2 1 0
30 19 38 3 1 1 0
7 19 38 3 1 1 0
16 8 38 4 1 1 0
20 8 38 4 1 1 0
9 15 38 8 2 1 0
23 15 38 8 2 1 0
30 20 38 1 2 1 0
9 20 38 1 2 1 0
31 20 38 1 1 1 0
8 20 38 1 1 1 0
8 18 38 4 1 1 0
28 18 38 4 1 1 0
23 21 38 1 4 1 0
16 21 38 1 4 1 0
9 17 38 4 1 1 0
27 17 38 4 1 1 0
19 9 38 2 8 1 0
21 14 38 2 8 1 0
19 18 38 2 4 1 0
17 14 38 2 8 1 0
24 17 38 2 4 1 0
23 17 38 1 4 1 0
15 17 38 2 4 1 0
14 17 38 1 4 1 0
26 18 38 2 2 1 0
12 18 38 2 2 1 0
17 13 38 2 1 1 0
21 13 38 2 1 1 0
13 17 38 1 1 1 0
26 17 38 1 1 1 0
19 17 38 2 1 1 0
18 1 39 2 8 1 0
20 1 39 1 4 1 0
16 2 39 2 8 1 0
22 2 39 2 8 1 0
15 3 39 1 4 1 0
24 3 39 1 4 1 0
14 4 39 1 4 1 0
25 4 39 1 4 1 0
17 27 39 8 2 1 0
13 5 39 1 4 1 0
15 21 39 2 8 1 0
26 5 39 1 4 1 0
25 20 39 2 8 1 0
13 20 39 2 8 1 0
27 19 39 2 8 1 0
11 19 39 2 8 1 0
12 7 39 1 4 1 0
27 7 39 1 4 1 0
29 22 39 1 4 1 0
10 22 39 1 4 1 0
30 17 39 2 8 1 0
9 21 39 1 4 1 0
8 20 39 1 4 1 0
11 11 39 8 2 1 0
21 11 39 8 2 1 0
32 19 39 1 4 1 0
7 19 39 1 4 1 0
9 13 39 8 2 1 0
23 13 39 8 2 1 0
7 14 39 2 4 1 0
31 14 39 2 3 1 0
6 15 39 1 4 1 0
33 15 39 1 4 1 0
33 19 39 1 2 1 0
6 19 39 1 2 1 0
5 16 39 1 3 1 0
34 16 39 1 3 1 0
21 2 39 1 4 1 0
13 9 39 3 2 1 0
24 9 39 3 2 1 0
20 5 39 1 4 1 0
17 25 39 8 2 1 0
21 6 39 1 4 1 0
15 7 39 1 2 1 0
14 8 39 1 1 1 0
24 7 39 1 2 1 0
25 8 39 1 1 1 0
17 23 39 8 2 1 0
29 18 39 1 4 1 0
10 18 39 1 4 1 0
9 15 39 8 2 1 0
23 15 39 8 2 1 0
9 17 39 1 4 1 0
8 18 39 1 2 1 0
32 17 39 1 2 1 0
7 18 39 1 1 1 0
18 9 39 3 2 1 0
16 10 39 2 1 1 0
21 10 39 3 1 1 0
17 21 39 8 2 1 0
10 17 39 4 1 1 0
26 17 39 4 1 1 0
17 19 39 8 2 1 0
15 17 39 2 4 1 0
25 18 39 2 2 1 0
13 18 39 2 2 1 0
27 18 39 2 1 1 0
11 18 39 2 1 1 0
19 11 39 2 8 1 0
21 17 39 4 2 1 0
17 13 39 2 4 1 0
21 13 39 2 4 1 0
17 17 39 2 2 1 0
14 17 39 1 1 1 0
25 17 39 1 1 1 0
17 4 40 2 8 1 0
21 4 40 2 8 1 0
16 5 40 1 4 1 0
23 5 40 1 4 1 0
22 20 40 2 8 1 0
17 20 40 2 8 1 0
15 6 40 1 4 1 0
24 6 40 1 4 1 0
24 19 40 2 8 1 0
14 19 40 2 8 1 0
26 18 40 2 8 1 0
12 18 40 2 8 1 0
14 8 40 1 4 1 0
25 8 40 1 4 1 0
28 21 40 1 4 1 0
11 21 40 1 4 1 0
29 20 40 1 4 1 0
10 20 40 1 4 1 0
13 10 40 1 4 1 0
26 10 40 1 4 1 0
12 11 40 1 4 1 0
27 11 40 1 4 1 0
30 19 40 1 4 1 0
9 19 40 1 4 1 0
11 12 40 1 4 1 0
28 12 40 1 4 1 0
9 13 40 2 4 1 0
29 13 40 2 4 1 0
6 14 40 2 4 1 0
32 14 40 2 4 1 0
31 18 40 1 4 1 0
8 18 40 1 4 1 0
5 15 40 1 4 1 0
34 15 40 1 4 1 0
32 18 40 1 3 1 0
7 18 40 1 3 1 0
4 16 40 1 3 1 0
35 16 40 1 3 1 0
33 18 40 1 2 1 0
5 19 40 2 1 1 0
19 4 40 2 8 1 0
20 20 40 2 8 1 0
19 24 40 1 4 1 0
16 23 40 1 4 1 0
8 14 40 1 4 1 0
31 14 40 1 4 1 0
16 9 40 1 4 1 0
23 9 40 1 4 1 0
6 18 40 1 1 1 0
15 10 40 1 4 1 0
24 10 40 1 4 1 0
19 20 40 1 4 1 0
16 19 40 1 4 1 0
28 17 40 1 4 1 0
11 17 40 1 4 1 0
29 17 40 1 3 1 0
10 17 40 1 3 1 0
14 12 40 1 4 1 0
25 12 40 1 4 1 0
30 17 40 1 2 1 0
9 17 40 1 2 1 0
17 12 40 2 8 1 0
21 12 40 2 8 1 0
13 14 40 1 4 1 0
26 14 40 1 4 1 0
12 15 40 1 3 1 0
27 15 40 1 3 1 0
11 16 40 1 1 1 0
28 16 40 1 1 1 0
23 16 40 1 4 1 0
19 12 40 2 8 1 0
24 16 40 2 3 1 0
14 16 40 2 3 1 0
16 15 40 1 4 1 0
16 13 40 1 2 1 0
23 13 40 1 3 1 0
15 14 40 1 2 1 0
24 14 40 1 2 1 0
16 24 41 8 2 1 0
18 8 41 2 8 1 0
20 8 41 2 8 1 0
24 17 41 2 8 1 0
14 17 41 2 8 1 0
15 9 41 2 8 1 0
23 9 41 2 8 1 0
26 20 41 1 4 1 0
12 16 41 2 8 1 0
13 10 41 2 4 1 0
25 10 41 2 4 1 0
11 11 41 2 4 1 0
27 11 41 2 8 1 0
27 19 41 2 4 1 0
11 19 41 1 4 1 0
10 12 41 1 4 1 0
29 12 41 1 4 1 0
30 13 41 1 4 1 0
6 14 41 4 2 1 0
32 14 41 2 4 1 0
29 18 41 1 4 1 0
10 18 41 1 4 1 0
4 15 41 2 4 1 0
34 15 41 2 4 1 0
30 17 41 1 4 1 0
9 17 41 1 4 1 0
3 16 41 1 3 1 0
36 16 41 1 3 1 0
32 19 41 4 1 1 0
4 19 41 4 1 1 0
17 9 41 1 4 1 0
22 9 41 1 4 1 0
31 14 41 1 4 1 0
31 18 41 1 2 1 0
8 16 41 1 4 1 0
16 22 41 8 2 1 0
16 20 41 8 2 1 0
32 18 41 2 1 1 0
6 16 41 2 3 1 0
9 16 41 3 1 1 0
26 16 41 1 4 1 0
11 17 41 1 2 1 0
11 15 41 4 1 1 0
16 18 41 8 2 1 0
29 16 41 1 2 1 0
10 17 41 1 1 1 0
17 13 41 1 4 1 0
22 13 41 1 4 1 0
13 14 41 2 1 1 0
25 14 41 2 2 1 0
16 17 41 4 1 1 0
20 17 41 4 1 1 0
14 16 41 1 1 1 0
25 16 41 1 1 1 0
18 16 41 4 1 1 0
16 9 42 2 8 1 0
22 9 42 2 8 1 0
21 20 42 2 4 1 0
17 20 42 2 4 1 0
13 10 42 2 8 1 0
25 10 42 2 8 1 0
11 11 42 2 8 1 0
27 11 42 2 8 1 0
24 19 42 2 4 1 0
14 19 42 2 4 1 0
10 12 42 1 4 1 0
29 12 42 1 4 1 0
9 13 42 1 4 1 0
30 13 42 1 4 1 0
26 18 42 1 4 1 0
13 18 42 1 4 1 0
6 14 42 2 4 1 0
33 14 42 2 4 1 0
4 15 42 2 4 1 0
35 15 42 1 4 1 0
27 19 42 2 2 1 0
11 19 42 2 2 1 0
3 16 42 1 4 1 0
36 16 42 1 4 1 0
18 9 42 2 8 1 0
20 9 42 2 8 1 0
19 20 42 2 4 1 0
15 10 42 1 4 1 0
24 10 42 1 4 1 0
23 19 42 1 4 1 0
16 19 42 1 4 1 0
8 14 42 1 4 1 0
31 14 42 2 4 1 0
32 19 42 4 1 1 0
29 18 42 3 2 1 0
7 18 42 4 2 1 0
4 19 42 3 1 1 0
32 18 42 3 1 1 0
6 18 42 1 1 1 0
19 18 42 4 2 1 0
17 17 42 2 3 1 0
10 16 42 1 2 1 0
29 16 42 1 2 1 0
23 18 42 3 1 1 0
14 18 42 3 1 1 0
30 17 42 1 1 1 0
9 17 42 1 1 1 0
15 14 42 1 4 1 0
16 17 42 1 1 1 0
21 17 42 4 1 1 0
24 14 42 1 3 1 0
19 17 42 2 1 1 0
16 9 43 8 2 1 0
13 10 43 2 8 1 0
25 10 43 2 8 1 0
11 11 43 2 8 1 0
27 11 43 2 8 1 0
10 12 43 1 4 1 0
29 12 43 1 4 1 0
9 13 43 1 4 1 0
30 13 43 1 4 1 0
21 14 43 2 8 1 0
17 14 43 2 8 1 0
5 14 43 4 2 1 0
31 14 43 4 2 1 0
4 15 43 1 4 1 0
35 15 43 1 4 1 0
23 19 43 3 2 1 0
14 19 43 3 2 1 0
3 16 43 1 4 1 0
36 16 43 1 4 1 0
2 17 43 1 3 1 0
37 17 43 1 3 1 0
30 18 43 4 2 1 0
26 19 43 2 1 1 0
12 19 43 2 1 1 0
6 18 43 4 2 1 0
15 10 43 1 4 1 0
24 10 43 1 4 1 0
19 14 43 2 8 1 0
34 19 43 2 1 1 0
5 16 43 1 4 1 0
4 19 43 1 1 1 0
10 16 43 1 3 1 0
29 16 43 1 3 1 0
34 16 43 1 3 1 0
23 18 43 4 1 1 0
13 18 43 4 1 1 0
16 11 43 8 2 1 0
6 16 43 3 2 1 0
31 16 43 3 2 1 0
9 17 43 1 1 1 0
30 17 43 1 1 1 0
15 14 43 2 4 1 0
23 14 43 2 4 1 0
16 13 43 4 1 1 0
20 13 43 4 1 1 0
1 18 44 4 1 1 0
35 18 44 4 1 1 0
17 9 44 2 8 1 0
21 9 44 2 8 1 0
13 10 44 2 8 1 0
25 10 44 2 8 1 0
11 11 44 2 4 1 0
27 11 44 2 4 1 0
10 12 44 1 4 1 0
29 12 44 1 4 1 0
6 14 44 2 4 1 0
9 14 44 1 4 1 0
30 14 44 1 4 1 0
32 14 44 2 4 1 0
4 15 44 2 3 1 0
34 15 44 2 3 1 0
2 16 44 2 2 1 0
36 16 44 2 2 1 0
34 19 44 4 1 1 0
31 18 44 3 2 1 0
23 12 44 2 8 1 0
15 12 44 2 8 1 0
6 18 44 4 2 1 0
2 19 44 4 1 1 0
10 16 44 1 3 1 0
12 15 44 1 4 1 0
27 15 44 1 4 1 0
29 16 44 1 3 1 0
19 9 44 2 8 1 0
15 10 44 2 2 1 0
23 10 44 2 2 1 0
8 15 44 1 3 1 0
31 15 44 1 3 1 0
11 15 44 1 3 1 0
28 15 44 1 3 1 0
19 18 44 4 2 1 0
17 17 44 2 3 1 0
13 18 44 2 1 1 0
25 18 44 2 1 1 0
30 18 44 1 1 1 0
34 18 44 1 1 1 0
5 18 44 1 1 1 0
19 17 44 4 1 1 0
13 10 45 8 2 1 0
25 10 45 2 8 1 0
11 11 45 2 4 1 0
27 11 45 2 4 1 0
10 12 45 1 4 1 0
29 12 45 1 4 1 0
4 15 45 4 2 1 0
8 15 45 1 4 1 0
31 15 45 4 2 1 0
35 15 45 1 4 1 0
2 16 45 2 4 1 0
9 16 45 1 3 1 0
11 15 45 8 2 1 0
27 15 45 2 2 1 0
30 16 45 1 3 1 0
36 16 45 2 4 1 0
38 17 45 1 3 1 0
31 18 45 4 2 1 0
5 19 45 4 1 1 0
1 17 45 1 3 1 0
12 17 45 4 1 1 0
27 17 45 1 1 1 0
17 17 45 4 2 1 0
21 11 45 2 8 1 0
21 10 45 4 1 1 0
35 19 45 1 1 1 0
4 17 45 1 3 1 0
16 17 45 1 1 1 0
23 14 45 2 4 1 0
23 11 45 2 3 1 0
31 17 45 4 1 1 0
5 17 45 3 2 1 0
13 12 45 8 2 1 0
13 14 45 4 1 1 0
19 14 45 2 3 1 0
17 14 45 2 1 1 0
13 10 46 8 2 1 0
25 10 46 2 4 1 0
12 11 46 1 4 1 0
27 11 46 2 4 1 0
11 12 46 1 4 1 0
4 15 46 2 4 1 0
25 15 46 4 1 1 0
34 15 46 2 4 1 0
36 17 46 1 4 1 0
35 19 46 1 2 1 0
2 17 46 2 4 1 0
2 16 46 2 1 1 0
6 16 46 2 4 1 0
12 15 46 8 2 1 0
23 16 46 4 1 1 0
32 16 46 2 4 1 0
37 16 46 1 4 1 0
38 18 46 2 2 1 0
0 18 46 2 2 1 0
1 17 46 1 1 1 0
8 17 46 1 2 1 0
16 17 46 4 1 1 0
20 17 46 4 1 1 0
31 17 46 1 2 1 0
38 17 46 1 1 1 0
21 10 46 2 4 1 0
23 10 46 2 4 1 0
36 16 46 1 1 1 0
34 19 46 1 1 1 0
4 19 46 2 1 1 0
13 13 46 8 2 1 0
23 14 46 4 1 1 0
21 15 46 4 1 1 0
20 16 46 3 1 1 0
13 12 46 4 1 1 0
17 12 46 4 1 1 0
20 15 46 1 1 1 0
21 14 46 2 1 1 0
14 10 47 8 2 1 0
22 10 47 4 2 1 0
12 11 47 2 4 1 0
26 11 47 2 4 1 0
13 15 47 4 1 1 0
23 15 47 4 1 1 0
36 17 47 2 4 1 0
2 17 47 2 4 1 0
2 16 47 4 1 1 0
6 16 47 1 4 1 0
16 16 47 4 1 1 0
20 16 47 4 1 1 0
33 16 47 2 4 1 0
35 16 47 3 1 1 0
38 17 47 2 3 1 0
0 17 47 2 3 1 0
7 17 47 1 2 1 0
32 17 47 1 2 1 0
35 17 47 1 3 1 0
4 17 47 2 3 1 0
14 12 47 8 2 1 0
22 12 47 4 2 1 0
14 14 47 4 1 1 0
22 14 47 4 1 1 0
17 15 47 4 1 1 0
21 15 47 2 1 1 0
18 14 47 4 1 1 0
15 10 48 8 2 1 0
23 10 48 2 4 1 0
13 11 48 2 3 1 0
25 11 48 2 3 1 0
14 14 48 4 1 1 0
22 14 48 4 1 1 0
16 15 48 4 1 1 0
20 15 48 4 1 1 0
36 18 48 4 2 1 0
34 17 48 2 3 1 0
2 18 48 4 2 1 0
0 17 48 2 3 1 0
2 17 48 4 1 1 0
36 17 48 4 1 1 0
15 12 48 8 2 1 0
18 14 48 4 1 1 0
17 10 49 4 2 1 0
21 10 49 2 4 1 0
15 11 49 2 3 1 0
23 11 49 2 3 1 0
17 13 49 4 2 1 0
21 14 49 2 1 1 0
36 18 49 4 2 1 0
0 18 49 4 2 1 0
1 17 49 2 1 1 0
37 17 49 2 1 1 0
17 12 49 4 1 1 0
