3 2 0 2 2 1 1
16 2 0 2 2 1 1
5 3 0 2 4 1 1
14 3 0 2 4 1 1
4 4 0 1 3 1 1
7 4 0 1 3 1 1
13 4 0 1 3 1 1
16 4 0 1 3 1 1
8 5 0 2 2 1 1
11 5 0 2 2 1 1
10 6 0 1 1 1 1
5 7 0 2 1 1 1
7 7 0 4 2 1 1
11 7 0 2 1 1 1
13 7 0 1 1 1 1
14 7 0 2 1 1 1
5 8 0 1 2 1 1
6 8 0 1 4 1 0
11 8 0 2 4 1 1
13 8 0 1 4 1 0
14 8 0 1 1 1 1
7 9 0 2 1 1 1
9 9 0 1 1 1 1
10 9 0 1 4 1 1
14 9 0 2 2 1 1
4 10 0 2 2 1 1
7 10 0 2 1 1 0
9 10 0 1 2 1 0
16 10 0 1 1 1 1
3 11 0 1 1 1 1
7 11 0 2 1 1 1
14 11 0 4 1 1 1
2 12 0 1 2 1 1
3 12 0 3 1 1 1
6 12 0 4 1 1 0
11 12 0 3 1 1 0
14 12 0 2 1 1 0
16 12 0 3 1 1 1
1 13 0 1 1 1 1
3 13 0 3 1 1 1
6 13 0 1 2 1 1
7 13 0 2 2 1 1
9 13 0 4 1 1 1
13 13 0 1 3 1 1
14 13 0 1 2 1 1
15 13 0 4 1 1 1
19 13 0 1 1 1 1
9 14 0 4 2 1 1
7 15 0 1 1 1 1
8 15 0 1 2 1 1
9 16 0 4 1 1 1
9 17 0 2 1 1 1
11 17 0 1 1 1 1
10 18 0 1 1 1 1