0 22 0 2 2 1 0
0 24 0 4 1 1 0
0 25 0 8 2 1 0
2 0 0 2 4 1 0
2 4 0 2 1 1 0
2 20 0 2 4 1 0
4 0 0 2 8 1 0
4 8 0 2 2 1 0
4 17 0 2 8 1 0
6 0 0 2 8 1 0
6 8 0 2 4 1 0
6 12 0 2 2 1 0
6 15 0 2 1 1 0
6 16 0 2 8 1 1
6 24 0 2 1 1 0
8 0 0 1 2 1 0
8 2 0 4 2 1 0
8 4 0 8 2 1 0
8 6 0 8 2 1 0
8 8 0 2 8 1 1
8 16 0 2 8 1 1
8 24 0 4 2 1 0
8 26 0 4 1 1 0
10 8 0 2 8 1 1
10 16 0 2 8 1 1
12 2 0 2 2 1 0
12 8 0 2 8 1 1
12 16 0 2 8 1 1
12 24 0 2 2 1 0
12 26 0 2 1 1 0
13 27 0 1 1 1 0
13 28 0 1 4 1 0
14 8 0 2 8 1 1
14 16 0 2 8 1 1
14 24 0 2 8 1 1
15 32 0 1 4 1 0
16 4 0 2 2 1 0
16 6 0 8 2 1 0
16 8 0 2 8 1 1
16 16 0 2 8 1 1
16 24 0 2 8 1 1
16 32 0 8 2 1 0
16 34 0 8 2 1 0
17 36 0 4 2 1 0
18 8 0 2 8 1 1
18 16 0 2 8 1 1
18 24 0 2 8 1 1
20 8 0 2 8 1 1
20 16 0 2 8 1 1
20 24 0 2 8 1 1
21 36 0 2 2 1 0
22 4 0 2 2 1 0
22 8 0 2 8 1 1
22 16 0 2 8 1 1
22 24 0 2 8 1 1
24 4 0 8 2 1 0
24 6 0 8 2 1 0
24 8 0 2 8 1 1
24 16 0 2 8 1 1
24 24 0 2 8 1 1
24 32 0 1 4 1 0
26 2 0 2 2 1 0
26 8 0 2 8 1 1
26 16 0 2 8 1 1
26 24 0 8 2 1 0
26 26 0 2 1 1 0
26 27 0 1 1 1 0
26 28 0 1 4 1 0
28 2 0 4 2 1 0
28 8 0 2 8 1 1
28 16 0 2 8 1 1
28 26 0 4 1 1 0
30 8 0 2 8 1 1
30 16 0 2 8 1 1
31 0 0 1 2 1 0
32 0 0 2 8 1 0
32 8 0 2 4 1 0
32 12 0 2 2 1 0
32 15 0 2 1 1 0
32 16 0 2 8 1 1
32 26 0 2 1 1 0
34 0 0 2 8 1 0
34 8 0 2 2 1 0
34 17 0 2 8 1 0
34 25 0 4 2 1 0
36 0 0 2 4 1 0
36 4 0 2 1 1 0
36 20 0 2 4 1 0
36 24 0 2 1 1 0
38 22 0 2 4 1 0
38 26 0 2 1 1 0
0 22 1 2 2 1 2
0 24 1 4 1 1 6
0 25 1 8 2 1 1
2 0 1 2 4 1 5
2 4 1 2 1 1 4
2 20 1 2 4 1 5
4 0 1 2 8 1 1
4 8 1 2 2 1 2
4 17 1 2 8 1 1
6 0 1 2 8 1 1
6 8 1 2 4 1 5
6 12 1 2 2 1 2
6 15 1 2 1 1 4
6 16 1 2 8 1 1
6 24 1 2 1 1 4
8 0 1 1 2 1 4
8 2 1 4 2 1 5
8 4 1 8 2 1 1
8 6 1 8 2 1 1
8 8 1 2 8 1 1
8 16 1 2 8 1 1
8 24 1 4 2 1 5
8 26 1 4 1 1 6
10 8 1 2 8 1 1
10 16 1 2 8 1 1
12 2 1 2 2 1 2
12 8 1 2 8 1 1
12 16 1 2 8 1 1
12 24 1 2 2 1 2
12 26 1 2 1 1 4
13 27 1 1 1 1 3
13 28 1 1 4 1 6
14 8 1 2 8 1 1
14 16 1 2 8 1 1
14 24 1 2 8 1 1
15 32 1 1 4 1 6
16 4 1 2 2 1 2
16 6 1 8 2 1 1
16 8 1 2 8 1 1
16 16 1 2 8 1 1
16 24 1 2 8 1 1
16 32 1 8 2 1 1
16 34 1 8 2 1 1
17 36 1 4 2 1 5
18 8 1 2 8 1 1
18 16 1 2 8 1 1
18 24 1 2 8 1 1
20 8 1 2 8 1 1
20 16 1 2 8 1 1
20 24 1 2 8 1 1
21 36 1 2 2 1 2
22 4 1 2 2 1 2
22 8 1 2 8 1 1
22 16 1 2 8 1 1
22 24 1 2 8 1 1
24 4 1 8 2 1 1
24 6 1 8 2 1 1
24 8 1 2 8 1 1
24 16 1 2 8 1 1
24 24 1 2 8 1 1
24 32 1 1 4 1 6
26 2 1 2 2 1 2
26 8 1 2 8 1 1
26 16 1 2 8 1 1
26 24 1 8 2 1 1
26 26 1 2 1 1 4
26 27 1 1 1 1 3
26 28 1 1 4 1 6
28 2 1 4 2 1 5
28 8 1 2 8 1 1
28 16 1 2 8 1 1
28 26 1 4 1 1 6
30 8 1 2 8 1 1
30 16 1 2 8 1 1
31 0 1 1 2 1 4
32 0 1 2 8 1 1
32 8 1 2 4 1 5
32 12 1 2 2 1 2
32 15 1 2 1 1 4
32 16 1 2 8 1 1
32 26 1 2 1 1 4
34 0 1 2 8 1 1
34 8 1 2 2 1 2
34 17 1 2 8 1 1
34 25 1 4 2 1 5
36 0 1 2 4 1 5
36 4 1 2 1 1 4
36 20 1 2 4 1 5
36 24 1 2 1 1 4
38 22 1 2 4 1 5
38 26 1 2 1 1 4
