1 0 0 2 4 1 0
3 0 0 2 4 1 0
14 0 0 2 4 1 0
16 0 0 2 4 1 0
1 4 0 4 1 1 0
14 4 0 4 1 1 0
1 0 1 4 2 1 0
5 0 1 2 4 1 0
12 0 1 4 2 1 0
16 0 1 2 4 1 0
1 3 1 4 2 1 0
5 4 1 2 1 1 0
12 3 1 4 2 1 0
16 4 1 2 1 1 0
1 2 1 4 1 1 0
12 2 1 4 1 1 0
1 0 2 8 2 1 0
10 0 2 8 2 1 0
1 3 2 8 2 1 0
10 3 2 8 2 1 0
1 2 2 4 1 1 0
5 2 2 4 1 1 0
10 2 2 4 1 1 0
14 2 2 4 1 1 0
2 0 3 8 2 1 0
13 0 3 4 2 1 0
2 3 3 8 2 1 0
13 3 3 4 2 1 0
10 0 3 2 4 1 0
12 0 3 1 4 1 0
2 2 3 4 1 1 0
6 2 3 3 1 1 0
13 2 3 4 1 1 0
10 4 3 3 1 1 0
2 0 4 8 2 1 0
15 0 4 2 4 1 0
2 3 4 8 2 1 0
13 4 4 4 1 1 0
10 0 4 2 4 1 0
12 0 4 2 4 1 0
14 0 4 1 4 1 0
2 2 4 4 1 1 0
6 2 4 3 1 1 0
10 4 4 3 1 1 0
3 0 5 8 2 1 0
12 0 5 4 2 1 0
3 3 5 8 2 1 0
12 3 5 4 2 1 0
11 0 5 1 4 1 0
3 2 5 4 1 1 0
7 2 5 2 1 1 0
10 2 5 1 1 1 0
12 2 5 4 1 1 0
11 4 5 1 1 1 0
3 0 6 8 2 1 0
14 0 6 2 4 1 0
3 3 6 8 2 1 0
12 4 6 4 1 1 0
11 0 6 2 4 1 0
13 0 6 1 4 1 0
3 2 6 4 1 1 0
7 2 6 2 1 1 0
10 2 6 1 1 1 0
11 4 6 1 1 1 0
3 0 7 8 2 1 0
12 0 7 4 2 1 0
8 3 7 8 2 1 0
3 3 7 4 2 1 0
11 0 7 1 3 1 0
3 2 7 4 1 1 0
7 2 7 2 1 1 0
10 2 7 1 1 1 0
12 2 7 4 1 1 0
7 3 7 1 2 1 0
2 0 8 8 2 1 0
15 0 8 2 4 1 0
13 4 8 4 1 1 0
2 3 8 8 2 1 0
10 0 8 2 4 1 0
12 0 8 2 4 1 0
14 0 8 1 4 1 0
2 2 8 4 1 1 0
6 2 8 3 1 1 0
10 4 8 3 1 1 0
1 0 9 8 2 1 0
10 0 9 8 2 1 0
10 3 9 8 2 1 0
1 3 9 8 2 1 0
9 0 9 1 2 1 0
1 2 9 4 1 1 0
5 2 9 4 1 1 0
10 2 9 4 1 1 0
14 2 9 4 1 1 0
9 3 9 1 2 1 0
0 0 10 8 2 1 0
11 0 10 8 2 1 0
11 3 10 8 2 1 0
0 3 10 8 2 1 0
8 0 10 3 2 1 0
0 2 10 4 1 1 0
5 2 10 4 1 1 0
10 2 10 4 1 1 0
15 2 10 4 1 1 0
8 3 10 3 2 1 0
4 2 10 1 1 1 0
14 2 10 1 1 1 0
0 0 11 8 2 1 0
11 0 11 8 2 1 0
11 3 11 8 2 1 0
0 3 11 8 2 1 0
8 0 11 3 2 1 0
8 3 11 3 2 1 0
0 2 11 4 1 1 0
5 2 11 4 1 1 0
10 2 11 4 1 1 0
15 2 11 4 1 1 0
4 2 11 1 1 1 0
14 2 11 1 1 1 0
0 0 12 8 2 1 0
11 0 12 8 2 1 0
11 3 12 8 2 1 0
0 3 12 8 2 1 0
8 0 12 3 2 1 0
8 3 12 3 2 1 0
0 2 12 4 1 1 0
5 2 12 4 1 1 0
10 2 12 4 1 1 0
15 2 12 4 1 1 0
4 2 12 1 1 1 0
14 2 12 1 1 1 0
6 0 13 4 2 1 0
11 0 13 2 4 1 0
9 4 13 4 1 1 0
6 3 13 3 2 1 0
10 0 13 1 4 1 0
6 2 13 4 1 1 0
9 3 13 1 1 1 0
6 0 14 2 4 1 0
11 0 14 2 4 1 0
9 4 14 4 1 1 0
6 4 14 3 1 1 0
8 0 14 2 4 1 0
10 0 14 1 4 1 0
7 0 15 4 2 1 0
11 0 15 1 4 1 0
8 4 15 4 1 1 0
7 2 15 1 3 1 0
8 2 15 3 2 1 0
7 0 16 2 4 1 0
10 0 16 2 4 1 0
8 4 16 4 1 1 0
7 4 16 1 1 1 0
9 0 16 1 4 1 0
8 0 17 2 4 1 0
10 0 17 1 4 1 0
8 4 17 3 1 1 0
