33 53 0 1 4 1 0
30 37 0 2 8 1 0
32 37 0 2 8 1 0
29 39 0 1 4 1 0
34 39 0 1 4 1 0
27 40 0 2 8 1 0
35 40 0 1 4 1 0
36 41 0 1 4 1 0
26 42 0 1 4 1 0
37 42 0 1 4 1 0
25 46 0 2 2 1 0
26 50 0 8 2 1 0
36 48 0 2 4 1 0
27 52 0 4 1 1 0
33 52 0 4 1 1 0
28 53 0 4 1 1 0
34 53 0 2 1 1 0
29 54 0 4 1 1 0
34 54 0 1 1 1 0
30 55 0 2 2 1 0
30 46 0 8 2 1 0
26 48 0 8 2 1 0
32 55 0 1 1 1 0
29 43 0 1 4 1 0
34 43 0 1 3 1 0
35 44 0 1 2 1 0
30 45 0 4 1 1 0
36 45 0 1 1 1 0
29 47 0 1 1 1 0
34 48 0 2 4 1 0
31 52 0 2 1 1 0
32 53 0 1 1 1 0
33 33 1 1 4 1 0
30 33 1 2 4 1 0
27 35 1 2 4 1 0
35 35 1 2 4 1 0
26 36 1 1 4 1 0
37 36 1 1 4 1 0
25 37 1 1 4 1 0
38 38 1 1 4 1 0
24 39 1 1 4 1 0
29 37 1 2 3 1 0
33 37 1 2 3 1 0
39 39 1 1 4 1 0
27 39 1 2 2 1 0
35 39 1 2 2 1 0
25 41 1 3 1 1 0
36 41 1 2 1 1 0
23 42 1 1 4 1 0
24 43 1 3 2 1 0
37 44 1 4 2 1 0
37 48 1 2 8 1 0
39 46 1 2 4 1 0
23 50 1 4 2 1 0
24 52 1 4 2 1 0
36 52 1 1 4 1 0
28 53 1 1 4 1 0
34 53 1 2 4 1 0
39 50 1 1 4 1 0
29 54 1 2 4 1 0
33 54 1 1 4 1 0
25 55 1 3 2 1 0
36 56 1 2 1 1 0
27 57 1 2 1 1 0
34 57 1 3 1 1 0
28 58 1 4 1 1 0
32 58 1 4 1 1 0
30 59 1 4 1 1 0
32 34 1 1 4 1 0
29 35 1 1 2 1 0
34 35 1 1 2 1 0
31 37 1 1 1 1 0
25 42 1 2 1 1 0
37 42 1 2 2 1 0
39 43 1 1 1 1 0
24 45 1 2 4 1 0
23 46 1 1 4 1 0
38 46 1 1 2 1 0
24 49 1 2 1 1 0
25 54 1 3 1 1 0
31 56 1 2 2 1 0
26 40 1 1 1 1 0
37 40 1 1 1 1 0
30 31 2 4 2 1 0
27 32 2 2 4 1 0
35 32 2 2 4 1 0
26 33 2 1 4 1 0
37 33 2 1 4 1 0
25 34 2 1 4 1 0
29 33 2 2 2 1 0
33 33 2 2 2 1 0
38 34 2 1 4 1 0
24 35 2 1 4 1 0
29 35 2 1 1 1 0
34 35 2 1 1 1 0
39 35 2 1 4 1 0
23 37 2 1 4 1 0
37 37 2 1 1 1 0
40 37 2 1 4 1 0
25 38 2 1 1 1 0
38 38 2 1 2 1 0
22 40 2 1 4 1 0
41 40 2 1 4 1 0
24 39 2 1 3 1 0
39 39 2 1 3 1 0
39 51 2 2 4 1 0
23 52 2 2 4 1 0
22 50 2 1 4 1 0
41 50 2 1 4 1 0
38 54 2 1 4 1 0
25 55 2 1 4 1 0
23 56 2 2 1 1 0
26 56 2 1 4 1 0
37 56 2 1 4 1 0
39 55 2 2 2 1 0
24 57 2 1 1 1 0
27 57 2 1 4 1 0
36 57 2 1 4 1 0
39 57 2 1 1 1 0
29 58 2 2 4 1 0
33 58 2 2 4 1 0
25 59 2 1 1 1 0
38 58 2 1 2 1 0
26 60 2 1 1 1 0
37 60 2 1 1 1 0
28 58 2 1 4 1 0
35 58 2 1 4 1 0
30 62 2 4 1 1 0
29 32 2 1 1 1 0
34 32 2 1 1 1 0
31 33 2 2 1 1 0
23 42 2 1 4 1 0
40 42 2 1 4 1 0
22 44 2 1 4 1 0
41 44 2 1 4 1 0
23 46 2 1 4 1 0
40 46 2 1 4 1 0
22 48 2 1 2 1 0
41 48 2 1 2 1 0
23 50 2 1 2 1 0
40 50 2 1 1 1 0
31 59 2 2 3 1 0
23 41 2 1 1 1 0
40 41 2 1 1 1 0
20 42 3 3 1 1 0
30 28 3 4 2 1 0
27 29 3 2 4 1 0
34 29 3 2 3 1 0
26 30 3 1 4 1 0
36 30 3 2 3 1 0
25 31 3 1 4 1 0
29 30 3 2 2 1 0
33 30 3 1 2 1 0
38 31 3 1 4 1 0
24 32 3 1 4 1 0
35 32 3 1 1 1 0
39 32 3 1 4 1 0
23 33 3 1 4 1 0
37 33 3 1 1 1 0
40 33 3 1 4 1 0
22 35 3 1 4 1 0
38 35 3 1 1 1 0
41 35 3 1 4 1 0
24 36 3 1 1 1 0
39 36 3 1 1 1 0
21 38 3 1 4 1 0
23 37 3 1 2 1 0
40 37 3 1 2 1 0
41 39 3 2 8 1 0
21 43 3 2 1 1 0
20 44 3 2 3 1 0
21 47 3 1 4 1 0
20 48 3 1 3 1 0
41 47 3 2 2 1 0
42 49 3 1 4 1 0
22 50 3 1 4 1 0
41 50 3 1 4 1 0
22 54 3 2 4 1 0
40 54 3 2 4 1 0
42 53 3 1 2 1 0
21 52 3 1 4 1 0
39 56 3 1 4 1 0
24 57 3 1 4 1 0
22 58 3 2 1 1 0
25 59 3 1 4 1 0
38 59 3 1 4 1 0
40 58 3 1 2 1 0
23 59 3 1 2 1 0
26 60 3 2 4 1 0
36 60 3 2 3 1 0
24 61 3 1 1 1 0
29 61 3 2 4 1 0
33 61 3 2 4 1 0
39 60 3 1 2 1 0
35 63 3 2 1 1 0
31 80 3 2 3 1 0
29 29 3 1 1 1 0
31 30 3 2 1 1 0
22 39 3 1 3 1 0
21 51 3 1 1 1 0
28 61 3 1 3 1 0
35 61 3 1 2 1 0
31 62 3 2 3 1 0
30 26 4 4 2 1 0
28 27 4 2 3 1 0
34 27 4 2 3 1 0
26 28 4 2 3 1 0
36 28 4 2 3 1 0
24 29 4 2 3 1 0
30 28 4 1 2 1 0
33 28 4 1 2 1 0
38 29 4 1 3 1 0
23 30 4 1 4 1 0
39 30 4 1 4 1 0
40 31 4 1 4 1 0
22 32 4 1 4 1 0
24 32 4 1 1 1 0
41 32 4 1 4 1 0
21 34 4 1 4 1 0
23 34 4 1 1 1 0
42 34 4 1 4 1 0
20 37 4 1 4 1 0
22 36 4 1 2 1 0
41 36 4 1 2 1 0
42 38 4 2 4 1 0
21 38 4 1 4 1 0
20 42 4 1 4 1 0
42 42 4 2 2 1 0
19 44 4 1 4 1 0
43 44 4 1 4 1 0
43 48 4 1 4 1 0
19 48 4 2 2 1 0
42 49 4 1 4 1 0
20 50 4 1 4 1 0
21 51 4 1 4 1 0
42 53 4 2 2 1 0
20 54 4 1 2 1 0
42 55 4 1 4 1 0
21 56 4 2 3 1 0
41 56 4 1 4 1 0
40 58 4 1 4 1 0
22 59 4 2 3 1 0
24 60 4 1 4 1 0
39 60 4 1 4 1 0
41 60 4 1 1 1 0
25 61 4 1 4 1 0
38 61 4 1 4 1 0
23 62 4 1 1 1 0
37 62 4 1 4 1 0
40 62 4 1 1 1 0
26 63 4 2 3 1 0
35 63 4 2 3 1 0
24 64 4 1 1 1 0
29 64 4 2 3 1 0
33 64 4 2 3 1 0
31 74 4 2 8 1 0
31 82 4 2 1 1 0
31 28 4 2 1 1 0
20 41 4 1 1 1 0
20 46 4 1 2 1 0
43 52 4 1 1 1 0
21 55 4 1 1 1 0
28 64 4 1 2 1 0
31 65 4 2 2 1 0
30 24 5 4 2 1 0
27 25 5 3 2 1 0
34 25 5 2 3 1 0
25 26 5 2 3 1 0
36 26 5 2 3 1 0
24 27 5 1 4 1 0
27 27 5 4 1 1 0
33 26 5 1 2 1 0
38 27 5 2 3 1 0
23 28 5 1 4 1 0
40 28 5 1 4 1 0
25 29 5 1 1 1 0
22 30 5 1 4 1 0
39 30 5 1 1 1 0
41 30 5 1 4 1 0
21 31 5 1 4 1 0
42 32 5 1 4 1 0
20 34 5 1 4 1 0
41 34 5 1 1 1 0
43 34 5 1 4 1 0
21 35 5 1 2 1 0
42 36 5 1 2 1 0
19 38 5 2 4 1 0
43 38 5 2 4 1 0
19 42 5 2 1 1 0
19 43 5 1 4 1 0
43 42 5 2 3 1 0
44 45 5 1 4 1 0
19 47 5 1 4 1 0
43 49 5 2 4 1 0
19 51 5 2 4 1 0
19 55 5 2 1 1 0
43 53 5 2 3 1 0
20 56 5 1 4 1 0
42 56 5 2 3 1 0
21 57 5 1 4 1 0
41 59 5 2 3 1 0
22 60 5 1 4 1 0
23 61 5 1 4 1 0
21 61 5 1 2 1 0
40 62 5 2 2 1 0
24 63 5 1 4 1 0
39 63 5 1 3 1 0
25 64 5 1 3 1 0
37 64 5 2 3 1 0
40 64 5 1 1 1 0
26 65 5 2 3 1 0
36 65 5 1 3 1 0
28 66 5 3 2 1 0
33 66 5 3 2 1 0
37 67 5 1 1 1 0
29 68 5 4 1 1 0
33 68 5 2 1 1 0
31 73 5 2 8 1 0
31 81 5 2 2 1 0
30 26 5 3 1 1 0
31 67 5 2 1 1 0
30 23 6 4 2 1 0
26 24 6 4 2 1 0
34 24 6 4 2 1 0
24 25 6 2 3 1 0
30 25 6 1 1 1 0
33 25 6 1 1 1 0
38 25 6 1 3 1 0
23 26 6 1 4 1 0
26 26 6 1 1 1 0
37 26 6 1 1 1 0
39 26 6 2 3 1 0
22 28 6 1 4 1 0
41 28 6 1 4 1 0
40 29 6 1 1 1 0
42 29 6 1 4 1 0
21 30 6 1 3 1 0
20 31 6 1 4 1 0
43 32 6 1 4 1 0
42 33 6 1 1 1 0
19 34 6 1 4 1 0
44 35 6 1 4 1 0
20 35 6 1 2 1 0
43 36 6 1 2 1 0
19 38 6 1 4 1 0
18 39 6 1 4 1 0
44 39 6 1 4 1 0
45 40 6 1 4 1 0
17 41 6 1 4 1 0
46 41 6 2 4 1 0
16 42 6 1 4 1 0
44 45 6 4 1 1 0
44 49 6 2 4 1 0
44 53 6 1 4 1 0
18 47 6 2 8 1 0
19 55 6 1 4 1 0
43 55 6 1 4 1 0
20 56 6 1 4 1 0
44 57 6 1 2 1 0
43 59 6 1 3 1 0
20 60 6 2 3 1 0
42 60 6 1 4 1 0
22 62 6 1 4 1 0
41 62 6 1 4 1 0
21 63 6 1 1 1 0
23 64 6 1 3 1 0
40 64 6 1 3 1 0
24 65 6 1 3 1 0
39 65 6 1 3 1 0
25 66 6 1 3 1 0
38 66 6 1 3 1 0
27 67 6 2 3 1 0
35 67 6 2 3 1 0
30 68 6 2 3 1 0
33 68 6 2 3 1 0
29 68 6 1 3 1 0
31 73 6 2 8 1 0
31 81 6 2 2 1 0
19 42 6 1 4 1 0
44 43 6 1 2 1 0
17 45 6 2 1 1 0
18 46 6 2 1 1 0
44 46 6 2 3 1 0
26 67 6 1 2 1 0
37 67 6 1 2 1 0
32 69 6 1 2 1 0
18 43 6 1 2 1 0
45 44 6 1 1 1 0
15 39 7 4 1 1 0
30 21 7 4 2 1 0
27 22 7 3 2 1 0
34 22 7 3 2 1 0
25 23 7 2 2 1 0
37 23 7 1 2 1 0
24 24 7 1 3 1 0
27 24 7 1 1 1 0
35 24 7 2 1 1 0
38 24 7 2 2 1 0
23 25 7 1 3 1 0
25 25 7 1 1 1 0
40 25 7 1 3 1 0
22 26 7 1 3 1 0
39 26 7 1 1 1 0
41 26 7 1 3 1 0
21 27 7 1 4 1 0
42 27 7 1 4 1 0
20 29 7 1 4 1 0
43 29 7 1 4 1 0
19 31 7 1 4 1 0
44 32 7 1 4 1 0
20 33 7 1 1 1 0
43 33 7 1 1 1 0
18 35 7 2 3 1 0
44 36 7 2 4 1 0
18 38 7 1 1 1 0
46 39 7 2 8 1 0
15 41 7 4 2 1 0
15 43 7 4 2 1 0
15 46 7 3 2 1 0
18 47 7 1 4 1 0
45 47 7 3 2 1 0
45 49 7 2 4 1 0
17 51 7 2 3 1 0
44 53 7 2 4 1 0
18 54 7 1 4 1 0
19 55 7 1 4 1 0
44 57 7 2 1 1 0
18 58 7 1 1 1 0
44 58 7 1 3 1 0
19 59 7 1 3 1 0
43 59 7 1 4 1 0
20 60 7 1 4 1 0
21 62 7 1 4 1 0
42 62 7 1 4 1 0
43 63 7 1 1 1 0
20 64 7 1 1 1 0
22 64 7 1 4 1 0
41 64 7 1 4 1 0
23 66 7 1 3 1 0
40 66 7 1 3 1 0
24 67 7 1 3 1 0
39 67 7 1 3 1 0
25 68 7 2 3 1 0
37 68 7 2 3 1 0
27 69 7 4 2 1 0
34 69 7 3 2 1 0
26 71 7 4 1 1 0
33 71 7 4 1 1 0
31 75 7 2 8 1 0
30 23 7 4 1 1 0
16 40 7 3 1 1 0
45 40 7 1 4 1 0
45 44 7 1 3 1 0
15 45 7 3 1 1 0
17 48 7 1 3 1 0
31 70 7 2 4 1 0
33 70 7 1 1 1 0
30 71 7 1 1 1 0
31 74 7 2 1 1 0
26 18 8 4 1 1 0
34 18 8 4 1 1 0
15 42 8 4 1 1 0
28 17 8 4 1 1 0
32 17 8 4 1 1 0
30 20 8 4 2 1 0
26 21 8 4 2 1 0
34 21 8 4 2 1 0
24 22 8 2 2 1 0
30 22 8 1 1 1 0
33 22 8 1 1 1 0
38 22 8 2 2 1 0
23 23 8 1 3 1 0
26 23 8 1 1 1 0
37 23 8 1 1 1 0
40 23 8 1 3 1 0
22 24 8 1 4 1 0
24 24 8 1 1 1 0
39 24 8 1 1 1 0
21 25 8 1 4 1 0
41 25 8 1 3 1 0
42 26 8 1 4 1 0
20 27 8 1 4 1 0
43 27 8 1 4 1 0
19 29 8 1 4 1 0
44 30 8 1 4 1 0
20 31 8 1 1 1 0
43 31 8 1 1 1 0
18 33 8 1 4 1 0
45 33 8 1 4 1 0
19 33 8 1 2 1 0
17 35 8 1 4 1 0
44 34 8 1 3 1 0
46 36 8 1 4 1 0
18 37 8 1 1 1 0
15 38 8 2 4 1 0
47 38 8 2 4 1 0
45 42 8 3 1 1 0
17 43 8 1 4 1 0
15 45 8 2 4 1 0
45 43 8 2 3 1 0
47 45 8 1 4 1 0
48 46 8 1 4 1 0
15 49 8 3 1 1 0
17 50 8 1 4 1 0
46 50 8 1 4 1 0
45 53 8 1 4 1 0
17 54 8 1 4 1 0
18 55 8 1 4 1 0
46 54 8 1 3 1 0
44 57 8 2 4 1 0
19 59 8 1 4 1 0
18 59 8 1 2 1 0
44 61 8 1 3 1 0
20 62 8 1 4 1 0
43 62 8 1 4 1 0
19 63 8 1 1 1 0
42 64 8 1 4 1 0
21 65 8 1 3 1 0
20 66 8 1 1 1 0
22 66 8 1 4 1 0
41 66 8 1 4 1 0
40 67 8 1 4 1 0
23 68 8 1 3 1 0
39 68 8 1 4 1 0
24 69 8 1 3 1 0
25 70 8 1 2 1 0
37 70 8 2 2 1 0
26 71 8 4 1 1 0
30 71 8 4 1 1 0
34 71 8 3 1 1 0
31 75 8 2 8 1 0
30 18 8 4 1 1 0
45 37 8 1 4 1 0
17 39 8 1 3 1 0
45 41 8 2 1 1 0
46 46 8 1 4 1 0
17 47 8 1 2 1 0
47 49 8 1 1 1 0
31 72 8 2 3 1 0
46 40 8 1 1 1 0
24 18 9 4 1 1 0
36 18 9 4 1 1 0
28 16 9 4 2 1 0
33 16 9 2 4 1 0
26 17 9 2 1 1 0
35 17 9 3 1 1 0
25 20 9 4 2 1 0
35 20 9 4 2 1 0
24 21 9 1 3 1 0
29 18 9 1 4 1 0
34 20 9 1 2 1 0
39 21 9 1 3 1 0
23 22 9 1 2 1 0
25 22 9 1 1 1 0
37 22 9 2 1 1 0
40 22 9 1 3 1 0
22 23 9 1 3 1 0
41 23 9 1 3 1 0
21 24 9 1 3 1 0
20 25 9 1 4 1 0
42 25 9 1 3 1 0
43 26 9 1 4 1 0
19 27 9 1 4 1 0
44 28 9 1 4 1 0
18 30 9 1 4 1 0
45 30 9 1 4 1 0
19 31 9 1 1 1 0
44 32 9 1 1 1 0
17 33 9 1 4 1 0
46 33 9 1 4 1 0
18 34 9 1 1 1 0
45 34 9 1 2 1 0
15 37 9 3 2 1 0
46 37 9 3 2 1 0
15 39 9 3 1 1 0
46 39 9 3 1 1 0
17 40 9 1 4 1 0
46 40 9 1 4 1 0
17 44 9 1 4 1 0
46 44 9 1 4 1 0
16 45 9 1 4 1 0
15 47 9 1 4 1 0
47 47 9 2 4 1 0
17 51 9 1 4 1 0
46 51 9 1 4 1 0
17 55 9 1 4 1 0
46 55 9 1 4 1 0
18 58 9 1 4 1 0
45 58 9 1 4 1 0
46 59 9 1 1 1 0
17 59 9 1 2 1 0
44 60 9 1 4 1 0
18 62 9 2 1 1 0
45 62 9 1 1 1 0
19 63 9 1 3 1 0
43 64 9 1 4 1 0
20 65 9 1 3 1 0
44 64 9 1 2 1 0
21 66 9 1 4 1 0
42 66 9 1 4 1 0
22 68 9 1 4 1 0
41 68 9 1 4 1 0
23 69 9 1 3 1 0
40 69 9 1 3 1 0
24 71 9 4 1 1 0
28 71 9 4 1 1 0
33 71 9 4 1 1 0
37 71 9 3 1 1 0
31 75 9 2 8 1 0
32 16 9 1 4 1 0
28 18 9 1 1 1 0
35 18 9 1 1 1 0
30 18 9 2 3 1 0
32 20 9 2 1 1 0
17 48 9 1 3 1 0
46 48 9 1 3 1 0
16 49 9 1 2 1 0
32 71 9 1 4 1 0
31 72 9 1 3 1 0
38 18 10 4 1 1 0
22 70 10 1 3 1 0
30 15 10 4 2 1 0
26 16 10 4 1 1 0
34 16 10 4 1 1 0
24 17 10 2 4 1 0
26 17 10 2 1 1 0
36 17 10 4 1 1 0
22 18 10 2 2 1 0
28 19 10 4 1 1 0
32 19 10 4 1 1 0
37 19 10 4 1 1 0
26 19 10 2 2 1 0
36 20 10 4 1 1 0
22 21 10 2 2 1 0
24 21 10 1 1 1 0
39 21 10 3 1 1 0
21 22 10 1 4 1 0
40 22 10 2 1 1 0
22 23 10 1 1 1 0
41 23 10 2 2 1 0
20 24 10 1 4 1 0
43 24 10 1 4 1 0
42 25 10 1 1 1 0
19 26 10 1 4 1 0
44 26 10 1 4 1 0
18 28 10 1 4 1 0
45 28 10 1 4 1 0
17 30 10 1 4 1 0
44 30 10 1 1 1 0
46 31 10 1 4 1 0
18 32 10 1 1 1 0
45 32 10 1 1 1 0
17 34 10 1 4 1 0
46 35 10 1 4 1 0
14 36 10 2 3 1 0
47 36 10 2 3 1 0
46 39 10 1 4 1 0
16 39 10 2 4 1 0
47 42 10 1 4 1 0
16 43 10 1 4 1 0
16 47 10 1 4 1 0
15 48 10 1 3 1 0
47 48 10 2 3 1 0
14 49 10 1 2 1 0
17 50 10 1 4 1 0
46 51 10 2 2 1 0
46 53 10 1 4 1 0
16 51 10 1 4 1 0
17 55 10 1 4 1 0
46 57 10 1 4 1 0
17 59 10 1 4 1 0
45 60 10 1 4 1 0
18 61 10 1 4 1 0
44 62 10 1 4 1 0
46 61 10 1 2 1 0
19 63 10 1 4 1 0
45 64 10 1 1 1 0
43 65 10 1 4 1 0
20 66 10 1 4 1 0
44 66 10 1 1 1 0
19 67 10 1 1 1 0
21 68 10 1 4 1 0
42 68 10 1 4 1 0
41 69 10 1 4 1 0
43 69 10 1 1 1 0
23 71 10 4 1 1 0
27 71 10 4 1 1 0
33 71 10 4 1 1 0
37 71 10 4 1 1 0
40 72 10 1 1 1 0
31 75 10 2 8 1 0
36 19 10 1 1 1 0
23 20 10 1 1 1 0
16 36 10 1 3 1 0
17 38 10 1 1 1 0
46 43 10 1 4 1 0
47 46 10 1 2 1 0
46 47 10 1 4 1 0
17 54 10 1 1 1 0
31 71 10 2 4 1 0
23 19 11 4 1 1 0
37 19 11 4 1 1 0
30 14 11 3 2 1 0
28 15 11 2 2 1 0
33 15 11 3 2 1 0
24 16 11 4 1 1 0
30 16 11 1 1 1 0
36 16 11 4 1 1 0
23 17 11 3 1 1 0
38 17 11 3 1 1 0
21 18 11 2 2 1 0
41 18 11 2 2 1 0
22 20 11 3 1 1 0
39 20 11 3 1 1 0
21 21 11 2 2 1 0
23 21 11 1 1 1 0
40 21 11 3 1 1 0
41 22 11 2 1 1 0
20 23 11 1 3 1 0
21 23 11 1 1 1 0
42 23 11 2 1 1 0
19 24 11 1 4 1 0
43 24 11 1 2 1 0
44 25 11 1 4 1 0
18 26 11 1 4 1 0
45 26 11 1 4 1 0
17 28 11 1 4 1 0
46 29 11 1 4 1 0
18 30 11 1 1 1 0
17 32 11 1 4 1 0
45 30 11 1 3 1 0
46 33 11 1 4 1 0
16 35 11 1 4 1 0
14 36 11 2 2 1 0
17 36 11 1 1 1 0
47 36 11 3 2 1 0
16 39 11 1 4 1 0
46 38 11 2 3 1 0
47 41 11 1 4 1 0
16 43 11 1 4 1 0
47 45 11 1 4 1 0
16 47 11 1 4 1 0
14 49 11 2 3 1 0
47 49 11 3 2 1 0
47 51 11 3 1 1 0
16 52 11 1 4 1 0
47 52 11 1 4 1 0
46 54 11 1 4 1 0
16 56 11 2 3 1 0
47 56 11 1 1 1 0
46 58 11 1 4 1 0
17 59 11 1 4 1 0
46 62 11 1 2 1 0
18 63 11 1 4 1 0
45 63 11 1 3 1 0
17 63 11 1 2 1 0
44 64 11 1 4 1 0
19 65 11 1 4 1 0
43 67 11 1 4 1 0
20 68 11 1 4 1 0
44 68 11 1 1 1 0
21 69 11 1 4 1 0
42 69 11 1 4 1 0
22 71 11 1 2 1 0
30 71 11 3 2 1 0
41 71 11 1 2 1 0
23 72 11 4 1 1 0
27 72 11 3 1 1 0
33 72 11 4 1 1 0
37 72 11 4 1 1 0
31 75 11 2 8 1 0
23 18 11 1 1 1 0
40 18 11 1 1 1 0
46 37 11 1 1 1 0
16 51 11 1 1 1 0
31 73 11 2 2 1 0
20 19 12 4 1 1 0
39 19 12 4 1 1 0
43 19 12 1 1 1 0
15 43 12 2 1 1 0
30 13 12 3 2 1 0
28 14 12 2 2 1 0
33 14 12 3 2 1 0
26 15 12 2 2 1 0
30 15 12 1 1 1 0
36 15 12 2 2 1 0
23 16 12 2 2 1 0
25 16 12 1 1 1 0
38 16 12 3 1 1 0
22 17 12 1 2 1 0
39 17 12 3 1 1 0
21 18 12 1 1 1 0
41 18 12 2 1 1 0
21 20 12 3 1 1 0
40 20 12 3 1 1 0
20 21 12 1 4 1 0
21 21 12 2 1 1 0
41 21 12 2 1 1 0
21 22 12 1 1 1 0
42 22 12 2 1 1 0
19 23 12 1 4 1 0
44 23 12 1 4 1 0
43 23 12 1 2 1 0
18 25 12 1 3 1 0
45 25 12 1 4 1 0
17 27 12 1 4 1 0
44 27 12 1 1 1 0
46 28 12 1 4 1 0
45 29 12 1 2 1 0
17 31 12 1 4 1 0
46 32 12 1 4 1 0
16 33 12 1 4 1 0
47 34 12 1 4 1 0
14 35 12 2 3 1 0
48 36 12 2 2 1 0
16 38 12 1 4 1 0
47 38 12 1 4 1 0
16 42 12 1 1 1 0
47 42 12 1 4 1 0
16 44 12 1 4 1 0
15 46 12 1 2 1 0
47 46 12 1 4 1 0
16 48 12 1 4 1 0
14 50 12 2 2 1 0
47 50 12 3 2 1 0
15 52 12 2 3 1 0
47 52 12 2 3 1 0
16 55 12 1 4 1 0
47 55 12 1 4 1 0
46 57 12 1 4 1 0
17 59 12 1 4 1 0
47 59 12 1 1 1 0
16 59 12 1 2 1 0
46 61 12 1 4 1 0
17 63 12 1 4 1 0
45 64 12 1 4 1 0
18 65 12 1 4 1 0
46 65 12 1 1 1 0
44 66 12 1 4 1 0
19 67 12 1 4 1 0
20 69 12 1 4 1 0
43 69 12 1 4 1 0
42 70 12 1 4 1 0
21 71 12 1 3 1 0
23 72 12 4 1 1 0
27 72 12 4 1 1 0
33 72 12 4 1 1 0
37 72 12 4 1 1 0
22 72 12 1 2 1 0
38 73 12 4 1 1 0
31 75 12 2 8 1 0
16 37 12 1 1 1 0
31 72 12 2 3 1 0
41 72 12 1 1 1 0
41 19 13 4 1 1 0
14 35 13 1 3 1 0
21 73 13 1 2 1 0
42 72 13 1 3 1 0
30 12 13 3 2 1 0
27 13 13 3 2 1 0
33 13 13 4 2 1 0
26 14 13 1 2 1 0
30 14 13 1 1 1 0
32 14 13 1 1 1 0
37 14 13 1 2 1 0
24 15 13 2 2 1 0
27 15 13 1 1 1 0
35 15 13 2 1 1 0
38 15 13 2 2 1 0
22 16 13 2 2 1 0
40 16 13 2 2 1 0
21 17 13 1 4 1 0
42 17 13 1 2 1 0
19 18 13 2 2 1 0
43 18 13 1 1 1 0
22 19 13 1 2 1 0
41 20 13 3 1 1 0
20 21 13 2 1 1 0
42 21 13 2 1 1 0
19 22 13 1 4 1 0
20 22 13 1 1 1 0
44 22 13 1 4 1 0
43 22 13 1 2 1 0
18 24 13 1 3 1 0
45 24 13 1 4 1 0
17 26 13 1 4 1 0
46 26 13 1 4 1 0
45 28 13 1 1 1 0
17 30 13 1 3 1 0
46 30 13 1 4 1 0
16 31 13 1 4 1 0
47 32 13 1 4 1 0
15 33 13 1 4 1 0
48 34 13 1 4 1 0
49 35 13 1 3 1 0
16 37 13 1 4 1 0
47 38 13 1 4 1 0
15 39 13 1 4 1 0
16 41 13 1 1 1 0
48 41 13 1 4 1 0
15 43 13 1 4 1 0
15 47 13 1 4 1 0
14 50 13 1 2 1 0
47 50 13 3 2 1 0
15 52 13 1 4 1 0
48 52 13 1 4 1 0
16 54 13 1 4 1 0
47 54 13 1 4 1 0
15 56 13 1 1 1 0
48 56 13 1 1 1 0
16 58 13 1 4 1 0
47 58 13 1 4 1 0
46 59 13 1 4 1 0
17 61 13 1 4 1 0
16 62 13 1 3 1 0
46 63 13 2 2 1 0
17 65 13 1 3 1 0
46 65 13 1 3 1 0
45 66 13 1 4 1 0
18 67 13 1 4 1 0
44 68 13 1 4 1 0
19 69 13 1 3 1 0
20 70 13 1 4 1 0
43 70 13 1 4 1 0
18 71 13 1 1 1 0
45 70 13 1 2 1 0
22 73 13 4 1 1 0
26 73 13 4 1 1 0
30 73 13 4 1 1 0
34 73 13 4 1 1 0
38 73 13 4 1 1 0
31 75 13 2 8 1 0
20 20 13 1 1 1 0
16 35 13 1 2 1 0
47 36 13 1 2 1 0
47 42 13 1 4 1 0
48 45 13 1 4 1 0
47 46 13 1 4 1 0
48 49 13 1 1 1 0
15 51 13 1 1 1 0
47 62 13 1 1 1 0
31 74 13 2 1 1 0
23 7 14 1 4 1 0
40 7 14 1 4 1 0
18 19 14 4 1 1 0
42 19 14 4 1 1 0
13 36 14 4 1 1 0
21 73 14 1 3 1 0
42 74 14 1 2 1 0
22 8 14 1 2 1 0
41 8 14 1 2 1 0
30 11 14 3 2 1 0
28 12 14 2 2 1 0
33 12 14 2 2 1 0
26 13 14 1 2 1 0
27 13 14 1 1 1 0
30 13 14 1 1 1 0
32 13 14 1 1 1 0
35 13 14 3 1 1 0
25 14 14 1 2 1 0
36 14 14 3 1 1 0
22 15 14 3 2 1 0
38 15 14 3 1 1 0
21 16 14 1 2 1 0
39 16 14 4 1 1 0
20 17 14 1 2 1 0
22 17 14 1 1 1 0
41 17 14 3 1 1 0
19 18 14 1 1 1 0
43 18 14 2 1 1 0
20 20 14 1 2 1 0
42 20 14 2 1 1 0
19 21 14 1 3 1 0
43 21 14 2 1 1 0
44 22 14 1 2 1 0
18 23 14 1 3 1 0
45 23 14 1 4 1 0
17 24 14 1 4 1 0
46 25 14 1 4 1 0
45 27 14 1 1 1 0
17 28 14 1 2 1 0
16 29 14 1 4 1 0
46 29 14 1 3 1 0
47 30 14 1 4 1 0
15 31 14 1 4 1 0
48 32 14 1 4 1 0
16 34 14 1 2 1 0
14 35 14 2 1 1 0
49 35 14 1 2 1 0
15 37 14 2 1 1 0
15 38 14 1 4 1 0
47 37 14 2 4 1 0
48 41 14 1 4 1 0
15 42 14 1 4 1 0
48 45 14 1 4 1 0
15 46 14 1 4 1 0
48 49 14 1 4 1 0
14 50 14 2 2 1 0
49 50 14 1 2 1 0
15 52 14 1 4 1 0
48 53 14 1 4 1 0
15 56 14 2 3 1 0
47 56 14 1 4 1 0
48 57 14 1 2 1 0
16 59 14 1 4 1 0
47 60 14 1 4 1 0
16 63 14 1 2 1 0
17 64 14 1 4 1 0
46 64 14 1 4 1 0
47 64 14 1 1 1 0
45 67 14 1 4 1 0
17 68 14 2 1 1 0
46 68 14 1 1 1 0
18 69 14 1 4 1 0
45 71 14 1 2 1 0
19 72 14 2 2 1 0
43 72 14 1 3 1 0
44 72 14 1 1 1 0
24 73 14 3 2 1 0
28 73 14 2 2 1 0
34 73 14 3 2 1 0
38 73 14 4 2 1 0
20 74 14 1 1 1 0
22 74 14 2 1 1 0
27 74 14 1 1 1 0
30 74 14 4 1 1 0
37 74 14 1 1 1 0
31 78 14 2 4 1 0
47 34 14 1 3 1 0
31 75 14 2 3 1 0
48 36 14 1 1 1 0
17 19 15 4 1 1 0
43 19 15 4 1 1 0
24 74 15 1 3 1 0
28 74 15 1 3 1 0
22 6 15 2 4 1 0
39 6 15 2 4 1 0
41 6 15 1 4 1 0
24 7 15 1 4 1 0
25 8 15 1 2 1 0
38 8 15 1 3 1 0
22 10 15 2 1 1 0
29 10 15 4 2 1 0
33 10 15 2 3 1 0
39 10 15 3 1 1 0
23 11 15 2 1 1 0
28 11 15 1 2 1 0
35 11 15 1 2 1 0
39 11 15 2 1 1 0
27 12 15 1 2 1 0
29 12 15 2 1 1 0
32 12 15 1 1 1 0
36 12 15 1 2 1 0
25 13 15 2 1 1 0
37 13 15 2 2 1 0
30 90 15 4 2 1 0
29 90 15 1 2 1 0
23 14 15 2 2 1 0
25 14 15 1 1 1 0
39 14 15 2 2 1 0
21 15 15 2 2 1 0
41 15 15 1 2 1 0
20 16 15 1 3 1 0
42 16 15 1 2 1 0
19 17 15 1 2 1 0
43 17 15 2 2 1 0
18 18 15 1 1 1 0
45 18 15 1 1 1 0
18 20 15 3 1 1 0
43 20 15 3 1 1 0
44 21 15 1 2 1 0
18 21 15 2 2 1 0
45 22 15 1 4 1 0
17 23 15 1 4 1 0
18 23 15 1 1 1 0
46 23 15 1 4 1 0
17 27 15 1 2 1 0
46 27 15 1 3 1 0
16 28 15 1 3 1 0
47 28 15 1 4 1 0
15 29 15 1 4 1 0
48 30 15 1 4 1 0
16 32 15 1 3 1 0
47 32 15 1 4 1 0
13 35 15 3 2 1 0
48 35 15 2 2 1 0
15 37 15 1 4 1 0
48 37 15 1 4 1 0
15 41 15 1 4 1 0
48 41 15 1 4 1 0
15 45 15 1 4 1 0
48 45 15 1 4 1 0
15 49 15 1 4 1 0
48 49 15 1 4 1 0
29 86 15 4 2 1 0
13 50 15 2 2 1 0
49 50 15 1 2 1 0
15 53 15 1 4 1 0
48 53 15 1 4 1 0
15 57 15 1 3 1 0
48 57 15 1 3 1 0
16 58 15 1 4 1 0
47 58 15 1 4 1 0
16 62 15 1 4 1 0
47 62 15 1 4 1 0
30 85 15 4 1 1 0
29 85 15 1 1 1 0
46 64 15 1 4 1 0
17 65 15 1 4 1 0
18 68 15 1 4 1 0
45 68 15 1 4 1 0
17 69 15 1 1 1 0
46 68 15 1 2 1 0
19 71 15 1 4 1 0
44 71 15 1 3 1 0
43 72 15 1 4 1 0
20 73 15 1 3 1 0
21 75 15 3 2 1 0
35 75 15 8 2 1 0
31 76 15 2 4 1 0
30 88 15 4 2 1 0
15 33 15 1 2 1 0
33 86 15 1 2 1 0
25 75 15 3 2 1 0
29 75 15 4 1 1 0
33 75 15 2 2 1 0
29 76 15 2 1 1 0
22 6 16 2 4 1 0
24 6 16 1 4 1 0
38 6 16 2 4 1 0
40 6 16 2 4 1 0
25 7 16 1 4 1 0
28 9 16 4 2 1 0
33 9 16 2 3 1 0
38 10 16 4 1 1 0
22 10 16 3 2 1 0
37 11 16 4 1 1 0
25 11 16 4 2 1 0
35 10 16 2 3 1 0
23 13 16 4 1 1 0
37 13 16 4 1 1 0
28 90 16 8 2 1 0
22 14 16 2 2 1 0
24 14 16 1 1 1 0
38 14 16 4 1 1 0
21 15 16 1 2 1 0
40 15 16 3 1 1 0
20 16 16 1 2 1 0
42 16 16 2 1 1 0
19 17 16 1 2 1 0
43 17 16 2 1 1 0
18 18 16 1 4 1 0
44 18 16 2 1 1 0
17 19 16 1 2 1 0
45 19 16 2 2 1 0
19 20 16 1 2 1 0
44 20 16 1 2 1 0
17 22 16 1 4 1 0
18 22 16 1 1 1 0
46 22 16 1 4 1 0
45 21 16 1 3 1 0
16 26 16 1 4 1 0
46 26 16 1 3 1 0
17 26 16 1 2 1 0
47 27 16 1 4 1 0
15 28 16 1 4 1 0
48 29 16 1 3 1 0
16 30 16 1 3 1 0
47 31 16 1 4 1 0
15 33 16 1 4 1 0
48 33 16 1 4 1 0
13 35 16 2 3 1 0
49 35 16 2 3 1 0
15 38 16 1 4 1 0
48 38 16 1 4 1 0
15 42 16 1 4 1 0
48 42 16 1 4 1 0
15 46 16 1 4 1 0
48 46 16 1 4 1 0
13 50 16 3 2 1 0
48 50 16 3 2 1 0
15 52 16 1 4 1 0
48 52 16 1 4 1 0
15 56 16 1 4 1 0
48 56 16 1 4 1 0
14 57 16 1 2 1 0
47 59 16 1 4 1 0
15 60 16 2 8 1 0
28 85 16 8 2 1 0
46 65 16 2 8 1 0
17 66 16 1 4 1 0
48 65 16 1 4 1 0
15 68 16 2 2 1 0
18 69 16 1 4 1 0
45 69 16 1 4 1 0
44 71 16 1 4 1 0
31 84 16 2 1 1 0
19 72 16 1 4 1 0
16 70 16 2 4 1 0
43 73 16 1 4 1 0
20 74 16 1 4 1 0
45 73 16 2 3 1 0
17 74 16 2 3 1 0
18 77 16 2 1 1 0
42 77 16 4 1 1 0
19 78 16 4 1 1 0
41 78 16 4 1 1 0
21 79 16 4 1 1 0
39 79 16 4 1 1 0
32 9 16 1 3 1 0
26 10 16 2 1 1 0
37 10 16 1 1 1 0
29 11 16 3 1 1 0
37 12 16 2 1 1 0
28 88 16 8 2 1 0
15 32 16 1 1 1 0
15 37 16 1 1 1 0
48 37 16 1 1 1 0
32 87 16 4 1 1 0
28 87 16 4 1 1 0
48 60 16 1 4 1 0
47 63 16 1 2 1 0
48 64 16 1 1 1 0
21 76 16 8 2 1 0
29 76 16 8 2 1 0
37 76 16 2 4 1 0
39 76 16 2 3 1 0
41 76 16 1 2 1 0
42 76 16 1 1 1 0
44 76 16 2 1 1 0
25 78 16 8 2 1 0
33 78 16 4 2 1 0
18 73 16 1 1 1 0
44 75 16 1 1 1 0
19 76 16 1 1 1 0
23 78 16 2 1 1 0
44 20 17 4 1 1 0
15 30 17 2 1 1 0
20 6 17 4 2 1 0
24 6 17 1 4 1 0
38 6 17 2 8 1 0
41 6 17 2 4 1 0
25 7 17 1 4 1 0
37 7 17 1 2 1 0
43 7 17 1 3 1 0
20 8 17 4 2 1 0
27 9 17 8 2 1 0
35 9 17 2 3 1 0
22 10 17 3 1 1 0
40 7 17 1 4 1 0
23 11 17 4 2 1 0
37 10 17 1 3 1 0
22 13 17 2 2 1 0
24 13 17 1 1 1 0
40 13 17 1 2 1 0
33 90 17 4 2 1 0
29 84 17 2 8 1 0
27 88 17 2 4 1 0
21 14 17 1 2 1 0
41 14 17 2 2 1 0
20 15 17 1 3 1 0
43 15 17 1 3 1 0
19 16 17 1 2 1 0
44 16 17 1 2 1 0
18 17 17 1 2 1 0
45 17 17 1 2 1 0
17 18 17 1 4 1 0
46 18 17 1 2 1 0
16 19 17 1 2 1 0
18 20 17 1 2 1 0
17 22 17 1 4 1 0
45 21 17 2 2 1 0
46 23 17 1 4 1 0
16 25 17 1 4 1 0
47 26 17 1 4 1 0
15 27 17 1 3 1 0
48 27 17 1 4 1 0
15 31 17 1 4 1 0
47 31 17 2 2 1 0
48 33 17 1 4 1 0
15 35 17 1 4 1 0
13 36 17 2 2 1 0
49 36 17 2 2 1 0
48 38 17 1 4 1 0
15 39 17 1 4 1 0
14 41 17 1 4 1 0
48 42 17 1 4 1 0
48 46 17 1 4 1 0
13 50 17 3 2 1 0
48 50 17 3 2 1 0
14 52 17 2 1 1 0
48 52 17 1 4 1 0
15 53 17 1 4 1 0
48 56 17 1 4 1 0
15 57 17 1 4 1 0
14 58 17 1 3 1 0
48 60 17 1 4 1 0
15 61 17 1 4 1 0
47 62 17 1 4 1 0
33 85 17 4 2 1 0
27 85 17 2 3 1 0
15 65 17 1 4 1 0
16 66 17 1 4 1 0
47 66 17 2 3 1 0
15 69 17 1 1 1 0
47 69 17 1 4 1 0
16 70 17 1 4 1 0
46 71 17 1 4 1 0
28 84 17 1 1 1 0
17 72 17 1 4 1 0
18 74 17 1 4 1 0
45 74 17 1 4 1 0
46 75 17 1 1 1 0
19 76 17 1 3 1 0
44 76 17 1 3 1 0
20 78 17 4 1 1 0
40 78 17 4 1 1 0
21 79 17 4 1 1 0
39 79 17 4 1 1 0
31 82 17 4 2 1 0
29 82 17 2 2 1 0
40 6 17 1 1 1 0
26 10 17 1 1 1 0
27 11 17 4 1 1 0
31 11 17 4 1 1 0
33 88 17 4 2 1 0
47 30 17 1 1 1 0
48 37 17 1 1 1 0
15 43 17 1 4 1 0
14 45 17 1 4 1 0
33 87 17 4 1 1 0
15 47 17 1 3 1 0
14 49 17 1 1 1 0
31 84 17 2 3 1 0
48 64 17 1 2 1 0
33 84 17 2 1 1 0
24 78 17 4 1 1 0
28 78 17 8 2 1 0
36 78 17 3 2 1 0
39 78 17 1 1 1 0
25 79 17 3 1 1 0
30 80 17 4 2 1 0
15 20 18 4 1 1 0
21 5 18 2 4 1 0
23 5 18 1 4 1 0
40 5 18 2 4 1 0
42 5 18 1 4 1 0
20 6 18 1 4 1 0
24 6 18 2 4 1 0
38 6 18 2 4 1 0
43 6 18 1 4 1 0
26 7 18 1 4 1 0
37 7 18 1 4 1 0
19 8 18 1 2 1 0
28 8 18 2 4 1 0
33 8 18 2 4 1 0
20 10 18 4 1 1 0
40 10 18 4 1 1 0
22 11 18 4 1 1 0
38 11 18 4 1 1 0
23 12 18 3 1 1 0
38 12 18 3 1 1 0
22 13 18 1 2 1 0
23 13 18 1 1 1 0
40 13 18 2 1 1 0
36 88 18 2 4 1 0
35 88 18 1 4 1 0
27 88 18 2 4 1 0
26 88 18 1 4 1 0
21 14 18 1 2 1 0
41 14 18 2 1 1 0
20 15 18 1 3 1 0
42 15 18 2 2 1 0
19 16 18 1 2 1 0
18 17 18 1 2 1 0
43 17 18 3 1 1 0
17 18 18 1 2 1 0
44 18 18 3 1 1 0
16 19 18 1 1 1 0
46 19 18 2 2 1 0
45 20 18 1 2 1 0
17 21 18 1 4 1 0
46 22 18 1 4 1 0
16 24 18 1 4 1 0
47 24 18 1 4 1 0
15 26 18 1 4 1 0
48 26 18 1 4 1 0
47 29 18 1 2 1 0
15 30 18 1 4 1 0
48 31 18 1 4 1 0
14 32 18 1 2 1 0
49 32 18 1 2 1 0
15 34 18 1 4 1 0
48 35 18 1 4 1 0
13 36 18 2 3 1 0
49 36 18 2 2 1 0
49 38 18 1 1 1 0
15 38 18 1 2 1 0
48 39 18 1 4 1 0
14 40 18 1 4 1 0
48 43 18 1 4 1 0
14 44 18 1 4 1 0
49 44 18 1 4 1 0
14 48 18 1 4 1 0
13 49 18 1 3 1 0
49 49 18 2 3 1 0
14 52 18 1 4 1 0
48 52 18 1 4 1 0
15 53 18 1 4 1 0
49 54 18 1 3 1 0
14 56 18 1 1 1 0
33 79 18 2 8 1 0
29 79 18 2 8 1 0
15 57 18 1 4 1 0
48 57 18 1 4 1 0
14 58 18 1 4 1 0
49 59 18 1 2 1 0
48 61 18 1 4 1 0
15 62 18 1 4 1 0
47 62 18 1 4 1 0
36 85 18 2 3 1 0
26 85 18 2 3 1 0
15 66 18 2 4 1 0
47 66 18 2 3 1 0
47 69 18 1 4 1 0
16 70 18 1 4 1 0
46 71 18 1 4 1 0
17 72 18 1 4 1 0
18 74 18 1 4 1 0
45 74 18 1 4 1 0
46 75 18 1 1 1 0
44 76 18 1 3 1 0
19 77 18 1 2 1 0
43 77 18 1 2 1 0
20 78 18 4 1 1 0
31 83 18 2 1 1 0
21 79 18 4 1 1 0
35 78 18 8 2 1 0
35 82 18 1 4 1 0
28 82 18 1 4 1 0
30 8 18 2 4 1 0
32 8 18 1 4 1 0
27 9 18 1 3 1 0
35 9 18 2 3 1 0
26 11 18 1 1 1 0
37 11 18 1 1 1 0
46 21 18 1 1 1 0
48 30 18 1 1 1 0
14 39 18 1 1 1 0
35 86 18 1 2 1 0
28 86 18 1 2 1 0
48 47 18 1 4 1 0
49 48 18 1 1 1 0
48 51 18 1 1 1 0
48 56 18 1 1 1 0
15 61 18 1 1 1 0
48 65 18 1 1 1 0
24 78 18 4 1 1 0
28 78 18 4 1 1 0
32 78 18 3 1 1 0
25 79 18 4 1 1 0
31 79 18 2 1 1 0
21 9 18 3 1 1 0
40 9 18 3 1 1 0
24 10 18 2 1 1 0
38 10 18 2 1 1 0
16 19 19 1 2 1 0
15 20 19 1 1 1 0
46 20 19 3 1 1 0
21 5 19 2 4 1 0
23 5 19 1 4 1 0
40 5 19 2 8 1 0
42 5 19 1 4 1 0
20 6 19 1 4 1 0
25 6 19 2 4 1 0
37 6 19 2 4 1 0
43 6 19 1 4 1 0
27 7 19 1 4 1 0
36 7 19 1 4 1 0
19 8 19 1 2 1 0
28 9 19 1 3 1 0
35 9 19 1 3 1 0
20 10 19 4 1 1 0
42 10 19 2 1 1 0
21 11 19 4 1 1 0
42 11 19 1 1 1 0
22 12 19 2 1 1 0
39 9 19 1 4 1 0
21 13 19 2 2 1 0
41 13 19 2 2 1 0
36 88 19 2 4 1 0
35 90 19 1 2 1 0
26 88 19 2 4 1 0
20 15 19 2 1 1 0
42 15 19 2 1 1 0
19 16 19 2 1 1 0
43 16 19 2 1 1 0
17 17 19 2 2 1 0
19 17 19 1 1 1 0
44 17 19 2 1 1 0
45 18 19 2 1 1 0
46 19 19 2 1 1 0
17 20 19 1 4 1 0
46 21 19 1 4 1 0
16 23 19 1 4 1 0
47 23 19 1 4 1 0
48 25 19 1 4 1 0
15 26 19 1 4 1 0
47 28 19 1 2 1 0
15 30 19 1 4 1 0
48 30 19 1 4 1 0
14 31 19 1 4 1 0
49 31 19 1 4 1 0
15 34 19 1 3 1 0
48 35 19 1 4 1 0
13 36 19 2 4 1 0
49 36 19 2 3 1 0
14 40 19 1 4 1 0
48 39 19 2 3 1 0
49 42 19 1 4 1 0
14 44 19 1 4 1 0
35 84 19 2 4 1 0
49 46 19 1 4 1 0
13 48 19 2 3 1 0
50 48 19 1 3 1 0
14 51 19 1 4 1 0
48 51 19 2 4 1 0
14 55 19 1 4 1 0
49 55 19 1 3 1 0
34 83 19 1 4 1 0
27 83 19 2 4 1 0
15 56 19 1 4 1 0
48 56 19 1 4 1 0
49 59 19 1 3 1 0
14 59 19 1 3 1 0
17 61 19 2 8 1 0
45 61 19 2 8 1 0
44 62 19 1 4 1 0
37 85 19 1 3 1 0
26 85 19 1 3 1 0
19 65 19 1 4 1 0
47 61 19 2 8 1 0
15 62 19 2 8 1 0
43 70 19 2 8 1 0
19 71 19 2 8 1 0
46 69 19 2 4 1 0
16 70 19 2 4 1 0
21 74 19 1 4 1 0
42 74 19 1 4 1 0
22 75 19 8 2 1 0
34 75 19 8 2 1 0
45 73 19 2 3 1 0
17 74 19 2 3 1 0
18 77 19 1 1 1 0
45 76 19 1 2 1 0
41 78 19 4 1 1 0
30 83 19 4 1 1 0
29 83 19 1 1 1 0
21 78 19 8 2 1 0
29 77 19 1 3 1 0
39 79 19 4 1 1 0
28 80 19 1 3 1 0
27 82 19 1 1 1 0
24 6 19 1 4 1 0
39 6 19 1 3 1 0
29 10 19 4 2 1 0
33 10 19 2 2 1 0
25 10 19 2 2 1 0
27 11 19 1 1 1 0
36 11 19 3 1 1 0
48 29 19 1 1 1 0
48 34 19 1 1 1 0
27 87 19 1 1 1 0
49 50 19 1 1 1 0
48 60 19 1 1 1 0
15 61 19 2 1 1 0
44 66 19 1 4 1 0
18 69 19 2 2 1 0
34 77 19 4 2 1 0
35 80 19 1 4 1 0
34 79 19 4 1 1 0
38 77 19 1 3 1 0
34 80 19 1 3 1 0
17 69 19 1 1 1 0
45 69 19 1 4 1 0
18 71 19 1 3 1 0
22 77 19 4 1 1 0
26 77 19 3 1 1 0
39 77 19 2 2 1 0
41 77 19 1 1 1 0
42 9 19 1 1 1 0
21 9 19 3 1 1 0
24 10 19 1 1 1 0
37 10 19 2 1 1 0
20 11 20 4 1 1 0
40 11 20 4 1 1 0
46 20 20 1 3 1 0
47 23 20 1 3 1 0
18 61 20 1 4 1 0
45 61 20 1 2 1 0
18 67 20 2 1 1 0
44 67 20 2 1 1 0
22 6 20 2 4 1 0
26 6 20 2 4 1 0
36 6 20 2 4 1 0
40 6 20 2 4 1 0
20 7 20 2 3 1 0
35 7 20 1 2 1 0
42 7 20 1 4 1 0
43 8 20 1 2 1 0
21 13 20 1 2 1 0
22 12 20 1 2 1 0
41 12 20 1 3 1 0
36 88 20 2 4 1 0
26 88 20 2 4 1 0
25 88 20 1 4 1 0
20 14 20 1 2 1 0
42 14 20 1 2 1 0
19 15 20 1 3 1 0
43 15 20 1 2 1 0
44 16 20 1 2 1 0
18 17 20 1 2 1 0
45 17 20 1 2 1 0
16 18 20 1 4 1 0
17 18 20 1 1 1 0
46 18 20 2 1 1 0
15 19 20 1 3 1 0
47 19 20 1 3 1 0
17 20 20 1 3 1 0
48 20 20 1 2 1 0
16 22 20 1 4 1 0
15 25 20 1 4 1 0
48 25 20 1 4 1 0
15 29 20 1 4 1 0
48 29 20 1 4 1 0
14 31 20 1 4 1 0
49 31 20 1 4 1 0
15 34 20 1 2 1 0
48 34 20 1 4 1 0
14 36 20 1 4 1 0
49 36 20 1 4 1 0
13 37 20 1 4 1 0
50 37 20 1 4 1 0
14 41 20 1 4 1 0
49 41 20 1 4 1 0
14 45 20 1 4 1 0
49 45 20 1 4 1 0
13 47 20 1 4 1 0
50 47 20 1 4 1 0
13 51 20 2 1 1 0
49 51 20 2 1 1 0
14 52 20 1 4 1 0
49 52 20 1 4 1 0
35 83 20 2 4 1 0
27 83 20 2 4 1 0
14 56 20 1 4 1 0
48 56 20 1 4 1 0
49 56 20 1 2 1 0
15 58 20 1 4 1 0
48 60 20 2 3 1 0
16 61 20 1 4 1 0
47 61 20 1 4 1 0
14 60 20 1 3 1 0
17 62 20 1 1 1 0
44 62 20 1 4 1 0
46 62 20 1 1 1 0
37 85 20 1 3 1 0
25 85 20 2 3 1 0
18 65 20 2 1 1 0
19 66 20 1 1 1 0
44 66 20 1 1 1 0
19 68 20 1 4 1 0
44 68 20 1 3 1 0
47 65 20 2 4 1 0
15 66 20 2 4 1 0
47 69 20 1 4 1 0
16 70 20 1 4 1 0
43 70 20 1 4 1 0
46 70 20 1 4 1 0
17 71 20 1 4 1 0
20 71 20 1 4 1 0
42 73 20 1 3 1 0
45 73 20 1 4 1 0
18 74 20 1 4 1 0
21 74 20 1 2 1 0
22 75 20 4 1 1 0
26 75 20 3 1 1 0
35 75 20 1 4 1 0
36 75 20 4 1 1 0
40 75 20 2 1 1 0
46 74 20 1 2 1 0
17 75 20 1 2 1 0
19 76 20 1 3 1 0
28 76 20 1 4 1 0
44 76 20 1 3 1 0
20 77 20 1 3 1 0
43 77 20 1 2 1 0
45 77 20 1 1 1 0
34 78 20 1 2 1 0
31 83 20 4 1 1 0
29 83 20 2 1 1 0
39 78 20 4 2 1 0
28 80 20 1 3 1 0
35 79 20 1 4 1 0
36 82 20 1 1 1 0
27 82 20 1 1 1 0
24 6 20 2 4 1 0
38 6 20 2 4 1 0
21 10 20 4 1 1 0
28 10 20 8 2 1 0
23 12 20 4 1 1 0
27 12 20 4 1 1 0
31 12 20 4 1 1 0
35 12 20 4 1 1 0
39 10 20 1 3 1 0
40 12 20 1 1 1 0
14 35 20 1 1 1 0
14 40 20 1 1 1 0
49 40 20 1 1 1 0
36 87 20 1 1 1 0
27 87 20 1 1 1 0
14 49 20 1 2 1 0
49 49 20 1 2 1 0
15 62 20 1 4 1 0
48 63 20 1 2 1 0
16 65 20 1 1 1 0
21 78 20 4 2 1 0
25 78 20 3 2 1 0
36 78 20 3 2 1 0
25 10 20 3 2 1 0
36 10 20 3 2 1 0
40 10 20 2 1 1 0
24 11 20 1 1 1 0
34 7 21 4 1 1 0
14 21 21 4 1 1 0
18 67 21 2 1 1 0
44 67 21 2 1 1 0
24 6 21 4 2 1 0
36 6 21 4 1 1 0
23 7 21 1 4 1 0
28 7 21 1 4 1 0
39 7 21 2 4 1 0
22 9 21 1 4 1 0
41 9 21 1 4 1 0
20 10 21 2 3 1 0
42 10 21 1 4 1 0
19 11 21 1 2 1 0
43 11 21 1 2 1 0
21 13 21 2 1 1 0
41 13 21 1 1 1 0
36 88 21 2 4 1 0
26 88 21 2 4 1 0
25 88 21 1 4 1 0
20 14 21 2 1 1 0
42 14 21 2 1 1 0
18 15 21 2 2 1 0
20 15 21 1 1 1 0
43 15 21 2 1 1 0
44 16 21 2 1 1 0
17 17 21 2 1 1 0
45 17 21 1 2 1 0
16 18 21 2 1 1 0
46 18 21 2 1 1 0
15 19 21 2 1 1 0
47 19 21 2 1 1 0
14 20 21 2 1 1 0
48 20 21 2 2 1 0
46 21 21 2 2 1 0
16 22 21 1 4 1 0
47 23 21 1 3 1 0
15 24 21 1 4 1 0
48 24 21 1 4 1 0
15 28 21 1 4 1 0
48 28 21 1 4 1 0
14 32 21 1 4 1 0
15 32 21 1 1 1 0
48 32 21 2 4 1 0
13 36 21 1 4 1 0
48 36 21 3 1 1 0
14 36 21 1 2 1 0
49 37 21 2 1 1 0
50 38 21 1 4 1 0
13 40 21 2 8 1 0
49 40 21 1 4 1 0
49 44 21 2 4 1 0
13 48 21 1 4 1 0
50 48 21 1 4 1 0
14 51 21 1 4 1 0
49 51 21 1 4 1 0
13 52 21 1 1 1 0
50 52 21 1 1 1 0
14 55 21 1 4 1 0
49 55 21 1 4 1 0
35 83 21 2 4 1 0
25 85 21 4 2 1 0
48 57 21 1 4 1 0
14 59 21 1 4 1 0
49 60 21 1 3 1 0
15 62 21 4 1 1 0
44 62 21 4 1 1 0
18 63 21 1 3 1 0
44 63 21 1 4 1 0
37 85 21 1 3 1 0
19 64 21 1 3 1 0
19 68 21 1 4 1 0
44 68 21 1 3 1 0
47 65 21 2 4 1 0
15 66 21 2 4 1 0
47 69 21 1 4 1 0
16 70 21 1 4 1 0
43 70 21 1 4 1 0
46 70 21 1 4 1 0
17 71 21 1 4 1 0
20 71 21 1 4 1 0
42 73 21 1 3 1 0
45 73 21 1 4 1 0
18 74 21 1 4 1 0
21 74 21 1 2 1 0
22 75 21 4 1 1 0
26 75 21 3 1 1 0
35 75 21 4 1 1 0
39 75 21 3 1 1 0
46 74 21 1 2 1 0
17 75 21 1 2 1 0
19 76 21 1 3 1 0
28 76 21 1 4 1 0
35 76 21 1 4 1 0
44 76 21 1 3 1 0
20 77 21 1 3 1 0
43 77 21 1 2 1 0
45 77 21 1 1 1 0
31 83 21 4 1 1 0
27 83 21 4 1 1 0
39 78 21 4 2 1 0
27 79 21 1 4 1 0
35 80 21 1 3 1 0
36 82 21 1 1 1 0
35 8 21 4 2 1 0
29 10 21 8 2 1 0
23 11 21 4 2 1 0
27 12 21 4 1 1 0
31 12 21 4 1 1 0
35 12 21 4 1 1 0
39 11 21 2 2 1 0
50 42 21 1 2 1 0
36 87 21 1 1 1 0
25 87 21 3 1 1 0
48 62 21 1 3 1 0
15 63 21 2 3 1 0
47 63 21 1 2 1 0
27 84 21 2 1 1 0
21 78 21 4 2 1 0
25 78 21 2 2 1 0
27 78 21 1 1 1 0
36 78 21 3 2 1 0
24 8 21 4 2 1 0
38 7 21 1 1 1 0
24 10 21 4 1 1 0
27 11 21 2 1 1 0
37 10 21 2 2 1 0
22 9 22 1 4 1 0
46 21 22 4 1 1 0
18 67 22 2 1 1 0
44 67 22 2 1 1 0
25 6 22 2 4 1 0
27 6 22 1 4 1 0
35 6 22 2 4 1 0
37 6 22 1 4 1 0
28 7 22 2 4 1 0
34 7 22 1 4 1 0
38 7 22 1 4 1 0
40 9 22 2 4 1 0
20 10 22 2 4 1 0
42 10 22 1 4 1 0
19 11 22 1 2 1 0
43 11 22 2 2 1 0
36 88 22 2 4 1 0
41 13 22 1 1 1 0
26 88 22 2 4 1 0
25 88 22 1 4 1 0
19 14 22 3 1 1 0
42 14 22 2 1 1 0
18 15 22 1 3 1 0
19 15 22 1 1 1 0
43 15 22 3 1 1 0
45 16 22 1 2 1 0
17 17 22 1 2 1 0
46 17 22 1 2 1 0
16 18 22 1 2 1 0
47 18 22 1 2 1 0
15 19 22 1 3 1 0
48 19 22 1 2 1 0
14 20 22 1 2 1 0
49 20 22 1 1 1 0
16 21 22 1 4 1 0
47 22 22 1 3 1 0
15 24 22 1 4 1 0
48 24 22 1 4 1 0
15 28 22 1 4 1 0
48 28 22 1 4 1 0
14 30 22 1 4 1 0
48 32 22 1 2 1 0
49 33 22 1 4 1 0
14 34 22 1 3 1 0
13 35 22 1 4 1 0
50 35 22 1 4 1 0
13 39 22 1 4 1 0
50 39 22 1 4 1 0
14 40 22 2 8 1 0
48 40 22 2 8 1 0
13 48 22 3 2 1 0
48 48 22 3 2 1 0
13 50 22 1 4 1 0
50 50 22 1 4 1 0
14 52 22 1 4 1 0
49 52 22 1 4 1 0
35 83 22 2 4 1 0
27 79 22 2 8 1 0
14 56 22 1 4 1 0
49 56 22 1 4 1 0
48 59 22 1 4 1 0
14 60 22 1 4 1 0
15 62 22 4 2 1 0
44 62 22 1 4 1 0
45 62 22 3 1 1 0
45 63 22 1 1 1 0
48 63 22 2 1 1 0
37 85 22 1 3 1 0
25 85 22 2 3 1 0
18 64 22 2 1 1 0
19 65 22 1 2 1 0
44 66 22 1 1 1 0
19 68 22 1 4 1 0
44 68 22 1 3 1 0
43 70 22 1 4 1 0
20 71 22 1 4 1 0
42 73 22 1 3 1 0
21 74 22 1 2 1 0
22 75 22 4 1 1 0
26 75 22 3 1 1 0
35 75 22 1 4 1 0
36 75 22 4 1 1 0
40 75 22 2 1 1 0
28 76 22 1 3 1 0
31 83 22 4 1 1 0
29 83 22 2 1 1 0
35 79 22 1 4 1 0
36 82 22 1 1 1 0
23 10 22 4 2 1 0
30 10 22 4 2 1 0
39 10 22 1 3 1 0
23 12 22 4 1 1 0
27 11 22 3 2 1 0
30 12 22 4 1 1 0
34 11 22 4 2 1 0
38 11 22 1 2 1 0
36 87 22 1 1 1 0
27 87 22 1 1 1 0
13 43 22 1 4 1 0
50 43 22 1 4 1 0
13 47 22 1 1 1 0
50 47 22 1 1 1 0
49 60 22 1 3 1 0
35 10 22 3 1 1 0
27 10 22 1 1 1 0
14 25 23 2 1 1 0
48 29 23 2 1 1 0
14 30 23 3 1 1 0
47 30 23 2 1 1 0
16 34 23 1 4 1 0
47 34 23 1 4 1 0
20 55 23 1 4 1 0
43 55 23 1 4 1 0
18 67 23 2 1 1 0
44 67 23 2 1 1 0
26 7 23 4 2 1 0
30 7 23 1 4 1 0
33 7 23 4 2 1 0
37 7 23 1 4 1 0
21 9 23 2 4 1 0
41 9 23 2 4 1 0
20 10 23 1 4 1 0
43 10 23 1 3 1 0
18 11 23 2 2 1 0
44 11 23 2 2 1 0
36 88 23 2 4 1 0
26 88 23 2 4 1 0
21 13 23 1 1 1 0
42 13 23 1 2 1 0
19 14 23 2 1 1 0
43 14 23 2 1 1 0
18 15 23 1 3 1 0
19 15 23 1 1 1 0
44 15 23 2 1 1 0
45 16 23 1 2 1 0
17 17 23 1 2 1 0
46 17 23 1 2 1 0
16 18 23 1 2 1 0
47 18 23 1 2 1 0
15 19 23 1 3 1 0
48 19 23 1 3 1 0
14 20 23 1 2 1 0
49 20 23 1 2 1 0
16 21 23 1 3 1 0
47 21 23 1 4 1 0
15 23 23 1 2 1 0
48 23 23 1 4 1 0
15 26 23 1 4 1 0
48 27 23 1 2 1 0
14 29 23 1 1 1 0
14 31 23 1 4 1 0
48 31 23 1 2 1 0
49 32 23 1 4 1 0
13 35 23 1 4 1 0
14 35 23 1 1 1 0
50 35 23 1 4 1 0
47 39 23 4 1 1 0
13 39 23 4 2 1 0
47 40 23 3 1 1 0
13 49 23 4 2 1 0
47 49 23 4 2 1 0
17 50 23 4 2 1 0
43 50 23 4 2 1 0
13 51 23 1 4 1 0
16 51 23 1 1 1 0
47 51 23 1 1 1 0
50 51 23 1 4 1 0
20 52 23 1 3 1 0
43 52 23 1 3 1 0
14 53 23 1 4 1 0
49 53 23 1 4 1 0
35 83 23 2 4 1 0
27 83 23 2 4 1 0
14 57 23 1 4 1 0
21 57 23 4 1 1 0
25 57 23 4 1 1 0
29 57 23 4 1 1 0
34 57 23 4 1 1 0
38 57 23 4 1 1 0
42 57 23 1 1 1 0
49 57 23 1 4 1 0
30 58 23 4 1 1 0
14 61 23 1 3 1 0
48 61 23 2 3 1 0
15 63 23 4 1 1 0
44 63 23 4 1 1 0
37 85 23 1 3 1 0
26 85 23 1 3 1 0
18 64 23 2 1 1 0
44 64 23 1 3 1 0
19 65 23 1 2 1 0
19 68 23 1 4 1 0
44 68 23 1 3 1 0
43 70 23 1 4 1 0
20 71 23 1 4 1 0
42 73 23 1 3 1 0
21 74 23 1 2 1 0
22 75 23 4 1 1 0
26 75 23 4 1 1 0
34 75 23 2 3 1 0
36 75 23 4 1 1 0
40 75 23 2 1 1 0
31 83 23 4 1 1 0
29 83 23 2 1 1 0
34 78 23 1 2 1 0
28 76 23 2 4 1 0
35 79 23 1 4 1 0
28 80 23 1 3 1 0
36 82 23 1 1 1 0
27 82 23 1 1 1 0
26 9 23 4 2 1 0
33 9 23 4 2 1 0
23 10 23 3 2 1 0
31 10 23 2 3 1 0
38 10 23 3 2 1 0
23 12 23 4 1 1 0
27 11 23 4 2 1 0
33 11 23 4 2 1 0
37 12 23 4 1 1 0
14 38 23 3 1 1 0
47 38 23 3 1 1 0
15 41 23 2 8 1 0
47 41 23 2 8 1 0
36 87 23 1 1 1 0
27 87 23 1 1 1 0
33 57 23 1 1 1 0
26 11 23 1 1 1 0
37 11 23 1 1 1 0
16 30 24 1 1 1 0
18 15 24 1 2 1 0
17 17 24 1 2 1 0
13 21 24 4 1 1 0
47 30 24 3 1 1 0
39 34 24 4 1 1 0
44 67 24 2 1 1 0
27 7 24 8 2 1 0
35 7 24 2 4 1 0
19 10 24 2 3 1 0
21 10 24 1 4 1 0
23 10 24 8 2 1 0
37 10 24 4 2 1 0
42 10 24 2 4 1 0
18 11 24 1 2 1 0
44 11 24 2 2 1 0
36 88 24 2 4 1 0
35 88 24 1 4 1 0
27 84 24 2 8 1 0
26 88 24 1 4 1 0
19 14 24 1 2 1 0
20 13 24 1 2 1 0
43 14 24 2 1 1 0
44 15 24 2 1 1 0
45 16 24 1 2 1 0
46 17 24 1 2 1 0
16 18 24 1 2 1 0
47 18 24 1 2 1 0
15 19 24 1 2 1 0
48 19 24 1 3 1 0
14 20 24 1 1 1 0
49 20 24 1 2 1 0
47 21 24 1 3 1 0
15 22 24 2 1 1 0
15 23 24 1 4 1 0
48 23 24 1 4 1 0
14 24 24 1 2 1 0
15 27 24 1 3 1 0
48 27 24 1 3 1 0
14 28 24 1 4 1 0
49 28 24 1 2 1 0
48 31 24 2 1 1 0
14 32 24 1 3 1 0
49 32 24 1 3 1 0
13 34 24 1 4 1 0
16 34 24 2 8 1 0
22 34 24 2 8 1 0
29 34 24 2 4 1 0
33 34 24 2 8 1 0
46 34 24 2 8 1 0
50 34 24 1 4 1 0
28 35 24 1 4 1 0
35 35 24 1 4 1 0
27 37 24 1 4 1 0
13 38 24 3 1 1 0
48 38 24 3 1 1 0
29 39 24 2 8 1 0
32 39 24 1 4 1 0
13 50 24 8 2 1 0
43 50 24 8 2 1 0
13 52 24 1 3 1 0
16 52 24 4 1 1 0
44 52 24 4 1 1 0
50 52 24 1 3 1 0
14 54 24 1 4 1 0
49 54 24 1 4 1 0
34 79 24 2 8 1 0
29 83 24 1 4 1 0
14 58 24 1 4 1 0
20 57 24 8 2 1 0
36 57 24 8 2 1 0
49 58 24 1 4 1 0
14 62 24 1 2 1 0
49 62 24 1 2 1 0
15 63 24 4 1 1 0
44 63 24 1 4 1 0
45 63 24 4 1 1 0
36 85 24 2 3 1 0
26 85 24 1 3 1 0
18 64 24 2 1 1 0
19 65 24 1 4 1 0
18 67 24 1 3 1 0
44 68 24 1 3 1 0
19 69 24 1 3 1 0
43 70 24 1 4 1 0
20 71 24 1 4 1 0
42 73 24 1 3 1 0
21 74 24 1 2 1 0
22 75 24 4 1 1 0
26 75 24 4 1 1 0
30 75 24 1 4 1 0
33 75 24 2 4 1 0
35 75 24 4 1 1 0
39 75 24 3 1 1 0
30 83 24 4 1 1 0
28 79 24 2 4 1 0
30 79 24 1 1 1 0
33 79 24 1 1 1 0
27 9 24 4 1 1 0
22 11 24 1 2 1 0
41 11 24 1 2 1 0
23 12 24 4 1 1 0
27 12 24 4 1 1 0
31 9 24 2 4 1 0
33 9 24 2 4 1 0
35 12 24 4 1 1 0
39 12 24 2 1 1 0
18 34 24 2 8 1 0
20 34 24 2 8 1 0
31 34 24 2 3 1 0
43 34 24 2 8 1 0
45 34 24 1 4 1 0
40 35 24 2 8 1 0
14 37 24 2 1 1 0
48 37 24 2 1 1 0
29 38 24 1 1 1 0
15 39 24 1 4 1 0
35 39 24 1 4 1 0
48 39 24 1 4 1 0
24 40 24 2 8 1 0
26 40 24 1 4 1 0
31 40 24 1 4 1 0
36 40 24 2 8 1 0
38 40 24 2 8 1 0
35 87 24 1 1 1 0
15 43 24 8 2 1 0
41 43 24 8 2 1 0
15 45 24 8 2 1 0
41 45 24 8 2 1 0
15 47 24 8 2 1 0
41 47 24 8 2 1 0
15 49 24 4 1 1 0
45 49 24 4 1 1 0
20 53 24 8 2 1 0
36 53 24 8 2 1 0
20 55 24 8 2 1 0
36 55 24 8 2 1 0
28 51 24 2 8 1 0
30 51 24 2 8 1 0
32 51 24 2 8 1 0
34 51 24 2 8 1 0
29 76 24 1 3 1 0
28 83 24 1 1 1 0
42 35 24 1 4 1 0
45 38 24 1 4 1 0
28 39 24 1 4 1 0
42 39 24 1 4 1 0
27 41 24 1 4 1 0
17 42 24 4 1 1 0
21 42 24 3 1 1 0
33 42 24 2 8 1 0
43 42 24 4 1 1 0
23 43 24 1 4 1 0
28 43 24 1 4 1 0
32 43 24 1 4 1 0
35 43 24 1 4 1 0
40 43 24 1 4 1 0
26 44 24 1 4 1 0
31 44 24 1 4 1 0
27 45 24 1 4 1 0
23 47 24 1 4 1 0
28 47 24 2 4 1 0
30 47 24 1 4 1 0
32 47 24 1 4 1 0
35 47 24 1 4 1 0
40 47 24 1 4 1 0
24 48 24 2 4 1 0
26 48 24 1 4 1 0
31 48 24 1 3 1 0
36 48 24 2 4 1 0
38 48 24 2 4 1 0
19 49 24 4 1 1 0
27 49 24 1 4 1 0
41 49 24 2 4 1 0
43 49 24 2 1 1 0
21 50 24 2 3 1 0
33 50 24 2 1 1 0
23 51 24 1 2 1 0
40 51 24 1 2 1 0
24 52 24 3 1 1 0
36 52 24 4 1 1 0
35 11 24 2 1 1 0
16 42 24 1 1 1 0
47 42 24 1 1 1 0
20 52 24 1 1 1 0
43 52 24 1 1 1 0
16 30 25 1 1 1 0
47 30 25 1 1 1 0
30 39 25 1 1 1 0
24 6 25 2 1 1 0
38 6 25 2 1 1 0
44 14 25 1 2 1 0
18 15 25 1 2 1 0
45 16 25 1 2 1 0
17 17 25 1 2 1 0
13 21 25 4 1 1 0
47 21 25 4 1 1 0
48 24 25 2 1 1 0
39 34 25 4 1 1 0
29 35 25 1 4 1 0
31 40 25 2 1 1 0
23 39 25 1 4 1 0
27 39 25 1 4 1 0
40 39 25 1 4 1 0
20 51 25 1 4 1 0
43 51 25 1 4 1 0
23 54 25 1 2 1 0
40 54 25 1 2 1 0
30 57 25 1 2 1 0
25 7 25 4 1 1 0
35 7 25 4 1 1 0
27 8 25 4 1 1 0
18 10 25 4 2 1 0
24 10 25 8 2 1 0
32 10 25 8 2 1 0
42 10 25 2 4 1 0
44 10 25 1 3 1 0
45 11 25 1 2 1 0
18 12 25 4 1 1 0
35 88 25 2 4 1 0
34 88 25 1 4 1 0
28 84 25 2 8 1 0
26 88 25 2 4 1 0
20 13 25 2 1 1 0
19 14 25 2 1 1 0
43 14 25 1 1 1 0
19 15 25 1 1 1 0
46 17 25 1 2 1 0
16 18 25 1 2 1 0
47 18 25 1 2 1 0
15 19 25 1 2 1 0
48 19 25 1 2 1 0
14 20 25 1 1 1 0
49 20 25 1 1 1 0
47 22 25 2 2 1 0
14 22 25 2 4 1 0
48 25 25 1 4 1 0
15 26 25 1 3 1 0
14 27 25 1 4 1 0
49 28 25 1 4 1 0
14 31 25 1 4 1 0
49 32 25 1 3 1 0
13 33 25 1 4 1 0
50 33 25 1 4 1 0
16 34 25 4 1 1 0
20 34 25 4 1 1 0
29 34 25 4 1 1 0
33 34 25 2 1 1 0
43 34 25 4 1 1 0
47 34 25 1 4 1 0
16 35 25 1 4 1 0
23 35 25 1 4 1 0
28 35 25 1 2 1 0
34 35 25 2 1 1 0
40 35 25 1 4 1 0
27 36 25 1 3 1 0
30 36 25 4 1 1 0
35 36 25 1 4 1 0
13 37 25 3 1 1 0
30 37 25 1 1 1 0
33 37 25 1 3 1 0
48 37 25 3 1 1 0
32 39 25 1 1 1 0
35 40 25 2 3 1 0
13 51 25 4 2 1 0
47 51 25 4 2 1 0
13 53 25 1 3 1 0
16 53 25 4 1 1 0
44 53 25 4 1 1 0
50 53 25 1 3 1 0
14 54 25 1 4 1 0
49 54 25 1 4 1 0
20 55 25 1 4 1 0
43 55 25 1 4 1 0
32 57 25 2 2 1 0
14 58 25 1 4 1 0
21 58 25 4 1 1 0
25 58 25 4 1 1 0
29 58 25 1 1 1 0
31 58 25 1 1 1 0
34 58 25 4 1 1 0
38 58 25 4 1 1 0
42 58 25 1 1 1 0
49 58 25 1 4 1 0
14 62 25 1 2 1 0
49 62 25 1 2 1 0
15 63 25 4 1 1 0
44 63 25 4 1 1 0
48 63 25 1 1 1 0
33 85 25 4 2 1 0
26 85 25 2 3 1 0
18 64 25 2 1 1 0
44 64 25 1 4 1 0
19 65 25 1 4 1 0
32 84 25 4 1 1 0
44 68 25 1 3 1 0
19 69 25 1 3 1 0
43 70 25 1 4 1 0
20 71 25 1 4 1 0
42 73 25 1 3 1 0
21 74 25 1 2 1 0
22 75 25 4 1 1 0
26 75 25 4 1 1 0
33 75 25 4 1 1 0
37 75 25 4 1 1 0
41 75 25 1 1 1 0
30 75 25 3 2 1 0
30 78 25 2 8 1 0
29 79 25 1 4 1 0
32 79 25 2 4 1 0
34 82 25 1 2 1 0
29 7 25 4 1 1 0
33 7 25 2 3 1 0
35 8 25 1 2 1 0
28 9 25 4 1 1 0
22 11 25 2 2 1 0
40 11 25 2 2 1 0
24 12 25 4 1 1 0
28 12 25 4 1 1 0
32 12 25 4 1 1 0
36 12 25 4 1 1 0
14 36 25 2 1 1 0
48 36 25 2 1 1 0
15 38 25 1 4 1 0
47 38 25 2 8 1 0
16 39 25 1 4 1 0
24 39 25 3 2 1 0
36 39 25 4 1 1 0
34 87 25 3 1 1 0
37 40 25 3 1 1 0
15 42 25 1 4 1 0
16 43 25 1 4 1 0
15 46 25 1 4 1 0
47 46 25 2 4 1 0
16 47 25 1 4 1 0
15 50 25 1 1 1 0
47 50 25 2 1 1 0
17 52 25 3 1 1 0
44 52 25 3 1 1 0
30 86 25 3 1 1 0
31 77 25 2 1 1 0
29 83 25 1 1 1 0
32 78 25 1 1 1 0
32 85 25 1 1 1 0
32 83 25 2 1 1 0
31 8 25 2 1 1 0
32 9 25 1 1 1 0
16 30 26 1 1 1 0
47 30 26 1 1 1 0
30 39 26 1 1 1 0
24 6 26 3 1 1 0
37 6 26 3 1 1 0
33 90 26 4 1 1 0
47 22 26 4 1 1 0
48 24 26 2 1 1 0
39 34 26 4 1 1 0
27 37 26 1 4 1 0
29 35 26 1 4 1 0
31 40 26 2 1 1 0
23 38 26 1 4 1 0
27 41 26 1 1 1 0
40 38 26 1 4 1 0
20 51 26 1 4 1 0
43 51 26 1 4 1 0
23 54 26 1 2 1 0
40 54 26 1 2 1 0
30 57 26 1 2 1 0
13 62 26 2 1 1 0
25 7 26 4 1 1 0
30 7 26 2 4 1 0
35 7 26 4 1 1 0
27 8 26 3 1 1 0
33 8 26 4 1 1 0
19 10 26 2 4 1 0
25 10 26 2 4 1 0
37 10 26 2 4 1 0
43 10 26 2 4 1 0
18 11 26 1 3 1 0
45 11 26 1 3 1 0
17 12 26 1 2 1 0
46 12 26 1 2 1 0
32 91 26 4 1 1 0
27 88 26 2 4 1 0
19 14 26 2 1 1 0
43 14 26 2 1 1 0
18 15 26 1 2 1 0
19 15 26 1 1 1 0
44 15 26 2 1 1 0
17 16 26 1 3 1 0
45 16 26 2 1 1 0
16 17 26 1 3 1 0
46 17 26 2 2 1 0
15 18 26 1 2 1 0
48 18 26 1 3 1 0
14 19 26 1 4 1 0
47 19 26 1 1 1 0
49 20 26 1 2 1 0
13 21 26 1 2 1 0
50 21 26 1 1 1 0
15 22 26 1 4 1 0
48 23 26 1 1 1 0
14 23 26 1 2 1 0
48 25 26 1 4 1 0
15 26 26 1 2 1 0
14 27 26 1 4 1 0
49 28 26 1 4 1 0
14 31 26 1 3 1 0
49 32 26 1 2 1 0
13 33 26 1 4 1 0
50 33 26 1 4 1 0
16 34 26 4 1 1 0
20 34 26 4 1 1 0
29 34 26 4 1 1 0
33 34 26 2 1 1 0
43 34 26 4 1 1 0
47 34 26 1 3 1 0
16 35 26 1 2 1 0
23 35 26 1 3 1 0
28 35 26 1 2 1 0
34 35 26 2 1 1 0
40 35 26 1 3 1 0
14 36 26 2 1 1 0
30 36 26 4 1 1 0
35 36 26 1 3 1 0
48 36 26 2 1 1 0
30 37 26 1 1 1 0
33 37 26 1 3 1 0
29 86 26 8 2 1 0
32 39 26 1 1 1 0
35 40 26 2 2 1 0
13 52 26 1 4 1 0
14 52 26 3 1 1 0
47 52 26 4 1 1 0
50 53 26 1 3 1 0
16 53 26 4 2 1 0
44 53 26 4 2 1 0
14 55 26 1 4 1 0
20 55 26 1 4 1 0
43 55 26 1 4 1 0
49 55 26 1 4 1 0
32 57 26 2 2 1 0
21 58 26 4 1 1 0
25 58 26 4 1 1 0
29 58 26 1 1 1 0
31 58 26 1 1 1 0
34 58 26 4 1 1 0
38 58 26 4 1 1 0
42 58 26 1 1 1 0
14 59 26 1 3 1 0
49 59 26 1 4 1 0
14 63 26 4 1 1 0
18 63 26 1 4 1 0
44 63 26 2 8 1 0
46 63 26 4 1 1 0
32 85 26 4 1 1 0
27 85 26 2 3 1 0
19 64 26 1 4 1 0
30 84 26 4 1 1 0
46 65 26 2 4 1 0
16 66 26 2 4 1 0
43 70 26 1 4 1 0
19 71 26 2 4 1 0
17 70 26 2 4 1 0
42 73 26 1 4 1 0
45 71 26 2 3 1 0
21 74 26 1 4 1 0
43 74 26 3 2 1 0
18 75 26 3 2 1 0
43 76 26 2 1 1 0
19 77 26 2 1 1 0
40 77 26 4 1 1 0
21 78 26 4 1 1 0
39 78 26 4 1 1 0
32 7 26 1 4 1 0
33 7 26 2 1 1 0
29 9 26 1 4 1 0
33 9 26 2 4 1 0
27 10 26 2 4 1 0
35 10 26 2 4 1 0
21 11 26 4 2 1 0
39 11 26 4 2 1 0
30 88 26 2 4 1 0
29 88 26 1 4 1 0
21 13 26 4 1 1 0
29 13 26 4 1 1 0
33 13 26 2 1 1 0
39 13 26 4 1 1 0
32 88 26 4 2 1 0
24 38 26 3 2 1 0
36 38 26 4 2 1 0
29 85 26 3 1 1 0
16 64 26 2 2 1 0
46 64 26 2 1 1 0
18 68 26 2 2 1 0
46 69 26 1 2 1 0
19 70 26 1 1 1 0
18 74 26 1 1 1 0
22 75 26 8 2 1 0
30 75 26 8 2 1 0
38 75 26 4 2 1 0
31 80 26 2 4 1 0
25 77 26 8 2 1 0
33 77 26 4 2 1 0
37 77 26 2 2 1 0
31 79 26 2 1 1 0
32 90 26 1 1 1 0
18 67 26 1 1 1 0
44 71 26 1 3 1 0
22 77 26 3 1 1 0
39 77 26 1 1 1 0
30 11 26 3 2 1 0
16 30 27 1 1 1 0
47 30 27 1 1 1 0
30 39 27 1 1 1 0
35 6 27 4 1 1 0
13 22 27 3 1 1 0
39 34 27 4 1 1 0
29 35 27 1 4 1 0
23 37 27 1 4 1 0
27 37 27 1 4 1 0
31 40 27 2 1 1 0
40 37 27 1 4 1 0
20 52 27 1 4 1 0
43 52 27 1 4 1 0
23 54 27 1 2 1 0
40 54 27 1 2 1 0
25 6 27 3 2 1 0
29 7 27 1 4 1 0
31 7 27 4 2 1 0
35 7 27 3 1 1 0
27 8 27 2 1 1 0
35 8 27 2 1 1 0
19 10 27 2 4 1 0
27 10 27 2 4 1 0
33 10 27 4 2 1 0
43 10 27 2 4 1 0
18 11 27 1 4 1 0
45 11 27 1 4 1 0
17 12 27 1 2 1 0
46 12 27 1 2 1 0
31 90 27 4 2 1 0
29 88 27 2 4 1 0
19 14 27 2 1 1 0
43 14 27 2 1 1 0
18 15 27 2 1 1 0
44 15 27 2 1 1 0
17 16 27 2 1 1 0
45 16 27 2 1 1 0
16 17 27 1 3 1 0
17 17 27 1 1 1 0
46 17 27 2 2 1 0
15 18 27 1 3 1 0
48 18 27 1 3 1 0
47 19 27 1 1 1 0
14 20 27 1 2 1 0
49 20 27 1 4 1 0
13 21 27 1 1 1 0
50 21 27 1 2 1 0
48 22 27 1 4 1 0
14 23 27 1 2 1 0
15 24 27 1 3 1 0
49 24 27 1 1 1 0
14 26 27 1 4 1 0
48 26 27 1 3 1 0
49 28 27 1 4 1 0
14 30 27 1 3 1 0
13 32 27 1 4 1 0
49 32 27 2 1 1 0
50 33 27 1 4 1 0
16 34 27 4 1 1 0
20 34 27 4 1 1 0
29 34 27 4 1 1 0
33 34 27 2 1 1 0
43 34 27 4 1 1 0
47 34 27 1 3 1 0
23 35 27 1 2 1 0
28 35 27 1 2 1 0
34 35 27 2 1 1 0
40 35 27 1 2 1 0
13 36 27 4 1 1 0
30 36 27 4 1 1 0
30 37 27 1 1 1 0
33 37 27 1 3 1 0
32 39 27 1 1 1 0
35 37 27 2 4 1 0
13 52 27 4 1 1 0
47 52 27 4 1 1 0
13 53 27 1 3 1 0
16 53 27 1 3 1 0
47 53 27 1 3 1 0
50 53 27 1 3 1 0
14 55 27 1 4 1 0
49 55 27 1 4 1 0
20 56 27 1 3 1 0
43 56 27 1 3 1 0
21 57 27 2 2 1 0
24 57 27 2 2 1 0
28 57 27 8 2 1 0
37 57 27 2 2 1 0
41 57 27 2 2 1 0
23 58 27 1 1 1 0
26 58 27 2 1 1 0
36 58 27 1 1 1 0
39 58 27 2 1 1 0
14 59 27 1 4 1 0
49 59 27 1 4 1 0
13 62 27 1 2 1 0
15 63 27 2 4 1 0
47 63 27 2 4 1 0
49 63 27 1 1 1 0
31 85 27 4 2 1 0
29 85 27 2 3 1 0
46 68 27 2 4 1 0
48 67 27 1 2 1 0
15 67 27 2 3 1 0
17 69 27 1 4 1 0
46 72 27 2 1 1 0
16 70 27 1 4 1 0
17 73 27 2 4 1 0
45 73 27 2 3 1 0
44 75 27 1 4 1 0
19 76 27 1 3 1 0
18 77 27 1 1 1 0
20 77 27 1 2 1 0
43 77 27 1 2 1 0
45 76 27 1 2 1 0
30 82 27 4 2 1 0
23 78 27 8 2 1 0
32 78 27 8 2 1 0
21 78 27 2 2 1 0
40 78 27 3 2 1 0
28 7 27 1 1 1 0
30 8 27 1 4 1 0
31 9 27 4 1 1 0
21 11 27 4 2 1 0
25 11 27 2 3 1 0
37 11 27 4 2 1 0
41 11 27 2 3 1 0
21 13 27 4 1 1 0
29 12 27 8 2 1 0
37 13 27 4 1 1 0
31 88 27 4 2 1 0
14 35 27 3 1 1 0
48 35 27 2 2 1 0
24 36 27 3 2 1 0
27 36 27 1 1 1 0
35 36 27 4 1 1 0
39 36 27 1 3 1 0
31 87 27 4 1 1 0
24 38 27 3 1 1 0
37 37 27 2 2 1 0
17 54 27 3 2 1 0
44 54 27 3 2 1 0
14 63 27 1 1 1 0
30 84 27 3 1 1 0
47 67 27 1 1 1 0
31 79 27 1 3 1 0
30 80 27 1 2 1 0
32 80 27 2 2 1 0
29 11 27 1 1 1 0
31 10 27 2 2 1 0
16 30 28 1 1 1 0
47 30 28 1 1 1 0
26 7 28 4 1 1 0
19 10 28 1 4 1 0
15 17 28 3 1 1 0
13 22 28 3 1 1 0
23 35 28 1 4 1 0
27 35 28 1 4 1 0
40 35 28 1 4 1 0
21 51 28 1 2 1 0
22 52 28 1 1 1 0
20 53 28 1 4 1 0
43 53 28 1 4 1 0
23 54 28 1 2 1 0
40 54 28 1 2 1 0
24 55 28 1 1 1 0
39 55 28 1 1 1 0
38 57 28 1 2 1 0
30 4 28 2 8 1 0
32 4 28 1 4 1 0
29 5 28 1 2 1 0
33 5 28 2 8 1 0
27 6 28 2 1 1 0
35 6 28 2 2 1 0
27 8 28 3 1 1 0
43 10 28 2 4 1 0
18 11 28 1 4 1 0
45 11 28 1 4 1 0
17 12 28 1 2 1 0
46 12 28 1 2 1 0
17 15 28 2 2 1 0
19 14 28 1 2 1 0
44 14 28 1 2 1 0
45 15 28 1 2 1 0
46 16 28 1 3 1 0
47 17 28 1 3 1 0
16 18 28 1 2 1 0
15 19 28 1 2 1 0
48 19 28 1 2 1 0
14 20 28 1 2 1 0
49 20 28 1 4 1 0
13 21 28 1 1 1 0
50 21 28 1 2 1 0
48 22 28 1 4 1 0
14 23 28 1 4 1 0
15 24 28 1 2 1 0
49 24 28 1 1 1 0
48 26 28 1 2 1 0
14 27 28 1 4 1 0
49 27 28 1 4 1 0
14 31 28 1 2 1 0
49 31 28 1 2 1 0
13 32 28 1 4 1 0
50 32 28 1 4 1 0
16 34 28 4 1 1 0
20 34 28 4 1 1 0
29 34 28 1 4 1 0
30 34 28 4 1 1 0
34 34 28 1 2 1 0
39 34 28 1 4 1 0
41 34 28 4 1 1 0
45 34 28 3 1 1 0
14 35 28 3 1 1 0
47 35 28 3 1 1 0
33 36 28 1 4 1 0
35 35 28 2 4 1 0
29 38 28 2 2 1 0
32 39 28 1 2 1 0
34 37 28 1 3 1 0
30 40 28 2 1 1 0
33 40 28 1 1 1 0
41 51 28 2 2 1 0
13 52 28 1 4 1 0
14 52 28 3 1 1 0
47 52 28 1 4 1 0
48 52 28 3 1 1 0
16 53 28 1 4 1 0
50 53 28 1 3 1 0
14 55 28 1 4 1 0
49 55 28 1 4 1 0
16 57 28 4 1 1 0
20 57 28 3 2 1 0
24 57 28 2 2 1 0
28 57 28 8 2 1 0
41 57 28 3 2 1 0
44 56 28 4 2 1 0
23 58 28 1 1 1 0
26 58 28 2 1 1 0
36 58 28 2 1 1 0
39 58 28 2 1 1 0
14 59 28 1 4 1 0
49 59 28 1 4 1 0
13 62 28 1 2 1 0
15 63 28 1 4 1 0
47 63 28 2 4 1 0
49 63 28 1 1 1 0
31 78 28 2 8 1 0
16 66 28 1 4 1 0
33 81 28 1 4 1 0
30 81 28 1 4 1 0
47 67 28 2 2 1 0
15 67 28 1 3 1 0
47 69 28 1 4 1 0
16 70 28 1 4 1 0
46 71 28 1 4 1 0
17 72 28 1 4 1 0
18 74 28 1 4 1 0
45 74 28 1 4 1 0
46 75 28 1 1 1 0
44 76 28 1 3 1 0
19 77 28 2 2 1 0
43 77 28 1 2 1 0
21 78 28 8 2 1 0
35 78 28 8 2 1 0
35 8 28 1 4 1 0
28 9 28 2 4 1 0
20 11 28 8 2 1 0
36 11 28 4 2 1 0
40 11 28 2 3 1 0
42 11 28 1 3 1 0
20 13 28 4 1 1 0
24 13 28 4 1 1 0
28 13 28 4 1 1 0
32 10 28 1 4 1 0
33 13 28 4 1 1 0
37 13 28 3 1 1 0
40 34 28 1 1 1 0
24 35 28 3 2 1 0
28 35 28 1 2 1 0
31 35 28 2 2 1 0
37 35 28 2 2 1 0
30 36 28 1 2 1 0
17 55 28 3 2 1 0
44 55 28 3 1 1 0
14 63 28 1 1 1 0
29 78 28 2 2 1 0
33 78 28 2 2 1 0
30 80 28 1 1 1 0
33 80 28 1 1 1 0
30 12 28 2 1 1 0
35 12 28 1 1 1 0
32 8 28 1 2 1 0
13 22 29 3 1 1 0
48 22 29 3 1 1 0
14 24 29 2 1 1 0
23 34 29 1 4 1 0
27 34 29 1 4 1 0
40 34 29 1 4 1 0
20 54 29 1 4 1 0
43 54 29 1 4 1 0
30 3 29 2 8 1 0
32 3 29 2 8 1 0
28 4 29 2 8 1 0
34 4 29 1 4 1 0
35 5 29 1 4 1 0
27 6 29 1 2 1 0
27 9 29 1 4 1 0
35 9 29 2 4 1 0
18 11 29 2 3 1 0
21 11 29 4 2 1 0
38 11 29 8 2 1 0
17 12 29 1 2 1 0
46 12 29 1 2 1 0
19 14 29 1 2 1 0
43 13 29 2 2 1 0
18 15 29 1 2 1 0
44 15 29 2 1 1 0
15 16 29 2 4 1 0
45 16 29 3 2 1 0
17 16 29 1 3 1 0
46 18 29 3 1 1 0
47 19 29 2 1 1 0
14 20 29 2 1 1 0
48 20 29 2 1 1 0
13 21 29 2 1 1 0
49 21 29 2 1 1 0
14 23 29 1 1 1 0
49 23 29 1 2 1 0
48 24 29 1 3 1 0
14 25 29 1 4 1 0
49 26 29 1 4 1 0
14 29 29 1 4 1 0
16 29 29 8 2 1 0
27 29 29 8 2 1 0
39 29 29 8 2 1 0
47 29 29 1 4 1 0
49 30 29 1 3 1 0
13 32 29 1 4 1 0
50 32 29 1 4 1 0
14 35 29 3 1 1 0
34 34 29 4 2 1 0
47 35 29 3 1 1 0
30 36 29 4 1 1 0
39 33 29 1 4 1 0
33 37 29 4 1 1 0
29 37 29 2 3 1 0
31 39 29 4 1 1 0
30 40 29 4 1 1 0
41 50 29 2 4 1 0
20 51 29 4 2 1 0
40 51 29 1 4 1 0
43 51 29 1 2 1 0
13 52 29 4 1 1 0
39 52 29 1 4 1 0
47 52 29 4 1 1 0
13 53 29 1 4 1 0
16 53 29 1 4 1 0
21 53 29 4 1 1 0
47 53 29 1 4 1 0
50 53 29 1 4 1 0
22 54 29 4 2 1 0
38 54 29 1 4 1 0
41 54 29 1 1 1 0
14 55 29 1 4 1 0
26 55 29 1 4 1 0
37 55 29 1 4 1 0
49 55 29 1 4 1 0
17 62 29 8 2 1 0
13 60 29 2 4 1 0
31 78 29 2 8 1 0
30 82 29 1 4 1 0
43 63 29 8 2 1 0
33 83 29 1 2 1 0
17 66 29 8 2 1 0
41 67 29 8 2 1 0
15 68 29 8 2 1 0
23 69 29 2 3 1 0
40 71 29 8 2 1 0
16 72 29 8 2 1 0
24 73 29 1 4 1 0
39 74 29 8 2 1 0
17 75 29 4 2 1 0
18 77 29 4 1 1 0
38 76 29 8 2 1 0
19 78 29 4 1 1 0
41 78 29 4 1 1 0
21 79 29 4 1 1 0
39 79 29 4 1 1 0
25 11 29 2 3 1 0
37 11 29 1 3 1 0
20 12 29 1 2 1 0
21 13 29 4 1 1 0
27 13 29 4 1 1 0
31 12 29 4 2 1 0
35 13 29 2 1 1 0
38 13 29 4 1 1 0
42 13 29 1 1 1 0
45 13 29 1 1 1 0
24 29 29 2 4 1 0
26 29 29 1 4 1 0
16 31 29 8 2 1 0
27 31 29 8 2 1 0
39 31 29 8 2 1 0
16 33 29 4 2 1 0
31 33 29 4 1 1 0
44 33 29 4 2 1 0
20 33 29 3 2 1 0
28 33 29 3 2 1 0
31 34 29 3 1 1 0
38 34 29 1 2 1 0
41 33 29 3 2 1 0
24 34 29 3 2 1 0
28 35 29 2 2 1 0
31 35 29 2 1 1 0
35 36 29 2 1 1 0
33 38 29 2 1 1 0
40 55 29 1 4 1 0
22 56 29 4 2 1 0
13 57 29 1 3 1 0
16 57 29 4 2 1 0
21 57 29 1 4 1 0
27 57 29 8 2 1 0
35 57 29 2 4 1 0
41 57 29 2 8 1 0
44 57 29 4 2 1 0
50 57 29 1 4 1 0
14 59 29 1 1 1 0
16 59 29 4 2 1 0
44 59 29 4 2 1 0
49 59 29 1 4 1 0
24 59 29 8 2 1 0
32 59 29 3 2 1 0
37 59 29 4 2 1 0
16 61 29 4 1 1 0
22 58 29 2 4 1 0
39 61 29 2 8 1 0
44 61 29 4 2 1 0
50 61 29 1 2 1 0
16 62 29 1 4 1 0
15 63 29 1 4 1 0
17 64 29 8 2 1 0
41 65 29 8 2 1 0
15 67 29 2 1 1 0
23 68 29 1 1 1 0
39 69 29 8 2 1 0
47 69 29 1 2 1 0
16 70 29 4 2 1 0
39 71 29 1 3 1 0
43 73 29 4 1 1 0
17 74 29 4 1 1 0
25 76 29 8 2 1 0
33 76 29 4 2 1 0
37 76 29 1 4 1 0
25 78 29 4 2 1 0
29 78 29 2 2 1 0
33 78 29 4 2 1 0
38 78 29 1 2 1 0
23 33 29 4 1 1 0
27 33 29 1 1 1 0
40 33 29 1 1 1 0
39 56 29 1 3 1 0
20 58 29 1 4 1 0
43 59 29 1 4 1 0
21 61 29 1 1 1 0
20 70 29 3 2 1 0
40 73 29 3 1 1 0
21 74 29 3 2 1 0
21 76 29 3 1 1 0
22 77 29 3 1 1 0
34 8 29 1 4 1 0
28 12 29 3 1 1 0
24 58 29 2 1 1 0
38 58 29 1 1 1 0
43 58 29 1 1 1 0
16 66 29 1 1 1 0
23 78 29 2 1 1 0
39 78 29 2 1 1 0
30 11 29 4 1 1 0
24 9 30 4 1 1 0
36 9 30 4 1 1 0
14 24 30 2 1 1 0
48 24 30 1 2 1 0
49 26 30 1 4 1 0
42 49 30 1 4 1 0
48 52 30 1 2 1 0
13 59 30 1 4 1 0
14 64 30 3 1 1 0
30 2 30 2 8 1 0
32 2 30 2 8 1 0
28 3 30 2 8 1 0
34 3 30 2 8 1 0
27 4 30 1 4 1 0
36 5 30 1 4 1 0
26 8 30 2 1 1 0
37 8 30 1 1 1 0
17 11 30 2 3 1 0
19 11 30 1 4 1 0
22 11 30 8 2 1 0
34 11 30 8 2 1 0
43 11 30 2 4 1 0
45 11 30 1 3 1 0
46 12 30 1 2 1 0
20 12 30 1 3 1 0
16 15 30 3 2 1 0
19 15 30 1 1 1 0
44 15 30 3 1 1 0
15 16 30 1 4 1 0
45 16 30 3 1 1 0
47 17 30 2 3 1 0
16 18 30 1 2 1 0
14 20 30 1 4 1 0
49 20 30 1 4 1 0
13 21 30 1 2 1 0
15 20 30 1 2 1 0
48 20 30 1 2 1 0
50 21 30 1 2 1 0
49 24 30 1 1 1 0
14 25 30 1 4 1 0
14 29 30 1 4 1 0
16 29 30 1 4 1 0
17 29 30 4 1 1 0
21 29 30 4 1 1 0
25 29 30 4 1 1 0
29 29 30 4 1 1 0
33 29 30 2 1 1 0
39 29 30 1 4 1 0
40 29 30 4 1 1 0
44 29 30 4 1 1 0
34 30 30 1 4 1 0
47 30 30 1 4 1 0
49 30 30 1 3 1 0
13 32 30 1 4 1 0
50 32 30 1 4 1 0
16 33 30 1 3 1 0
17 34 30 4 1 1 0
21 34 30 4 1 1 0
28 34 30 4 1 1 0
32 34 30 4 1 1 0
41 34 30 4 1 1 0
45 34 30 4 1 1 0
27 35 30 2 2 1 0
29 35 30 1 1 1 0
34 35 30 3 1 1 0
47 35 30 3 1 1 0
23 35 30 2 2 1 0
30 36 30 1 4 1 0
31 36 30 3 1 1 0
35 36 30 2 1 1 0
39 34 30 2 3 1 0
29 37 30 1 2 1 0
33 37 30 1 3 1 0
31 39 30 2 2 1 0
40 50 30 2 8 1 0
20 51 30 2 8 1 0
23 51 30 2 8 1 0
39 51 30 1 4 1 0
43 51 30 1 4 1 0
13 52 30 1 4 1 0
14 52 30 1 2 1 0
19 52 30 1 2 1 0
25 52 30 1 4 1 0
38 52 30 1 4 1 0
44 52 30 1 2 1 0
15 53 30 2 1 1 0
47 53 30 1 4 1 0
49 53 30 2 1 1 0
16 54 30 1 4 1 0
26 54 30 1 4 1 0
37 54 30 1 4 1 0
50 54 30 1 4 1 0
13 56 30 1 3 1 0
42 56 30 2 3 1 0
47 57 30 1 4 1 0
16 58 30 1 4 1 0
50 58 30 1 4 1 0
23 60 30 4 1 1 0
27 60 30 4 1 1 0
31 60 30 4 1 1 0
35 60 30 4 1 1 0
39 60 30 1 4 1 0
23 61 30 1 2 1 0
47 61 30 1 4 1 0
16 62 30 1 2 1 0
24 62 30 1 4 1 0
50 62 30 1 3 1 0
31 83 30 2 3 1 0
30 83 30 1 3 1 0
23 64 30 1 2 1 0
39 64 30 1 4 1 0
48 64 30 2 1 1 0
24 66 30 1 2 1 0
33 83 30 1 2 1 0
23 67 30 1 3 1 0
39 68 30 1 4 1 0
47 65 30 2 4 1 0
15 66 30 2 4 1 0
24 69 30 1 3 1 0
47 69 30 1 4 1 0
16 70 30 1 4 1 0
46 70 30 1 4 1 0
17 71 30 1 4 1 0
23 71 30 1 3 1 0
39 72 30 1 4 1 0
24 73 30 1 4 1 0
45 73 30 1 4 1 0
18 74 30 1 4 1 0
17 75 30 1 1 1 0
23 75 30 1 2 1 0
46 74 30 1 2 1 0
19 76 30 1 3 1 0
25 76 30 4 1 1 0
29 76 30 4 1 1 0
33 76 30 4 1 1 0
37 76 30 3 1 1 0
44 76 30 1 3 1 0
20 77 30 1 2 1 0
43 77 30 1 2 1 0
45 77 30 1 1 1 0
21 78 30 8 2 1 0
35 78 30 8 2 1 0
26 10 30 2 1 1 0
36 10 30 2 1 1 0
21 12 30 1 2 1 0
42 12 30 1 2 1 0
22 13 30 4 1 1 0
26 13 30 4 1 1 0
30 10 30 2 4 1 0
32 10 30 2 4 1 0
34 13 30 4 1 1 0
38 13 30 4 1 1 0
35 33 30 4 1 1 0
39 33 30 1 1 1 0
14 34 30 2 2 1 0
36 34 30 3 1 1 0
49 34 30 1 1 1 0
22 51 30 1 4 1 0
42 53 30 1 3 1 0
27 57 30 8 2 1 0
35 57 30 2 2 1 0
22 55 30 1 4 1 0
25 56 30 1 3 1 0
26 58 30 1 1 1 0
37 58 30 4 1 1 0
41 58 30 1 1 1 0
15 65 30 2 1 1 0
29 78 30 4 2 1 0
33 78 30 2 2 1 0
38 56 30 2 2 1 0
39 55 30 1 1 1 0
23 9 31 4 1 1 0
37 9 31 4 1 1 0
48 24 31 1 2 1 0
27 35 31 3 1 1 0
29 38 31 2 1 1 0
30 1 31 2 8 1 0
32 1 31 2 8 1 0
29 2 31 1 4 1 0
34 2 31 1 4 1 0
27 3 31 2 8 1 0
35 3 31 1 4 1 0
36 4 31 1 4 1 0
26 5 31 1 4 1 0
37 6 31 1 3 1 0
24 8 31 2 1 1 0
38 8 31 2 1 1 0
18 11 31 2 4 1 0
24 11 31 8 2 1 0
32 11 31 8 2 1 0
43 11 31 2 4 1 0
17 12 31 1 4 1 0
45 12 31 1 4 1 0
46 13 31 1 3 1 0
16 15 31 1 2 1 0
18 15 31 2 1 1 0
44 15 31 1 1 1 0
47 15 31 1 2 1 0
15 16 31 1 4 1 0
48 16 31 1 4 1 0
14 17 31 1 2 1 0
15 20 31 1 2 1 0
48 20 31 1 2 1 0
13 21 31 1 3 1 0
14 21 31 1 1 1 0
49 21 31 1 3 1 0
50 22 31 1 2 1 0
14 23 31 1 4 1 0
49 25 31 1 4 1 0
14 27 31 1 4 1 0
16 29 31 4 1 1 0
20 29 31 4 1 1 0
24 29 31 4 1 1 0
28 29 31 4 1 1 0
32 29 31 3 1 1 0
39 29 31 4 1 1 0
43 29 31 4 1 1 0
47 29 31 1 4 1 0
49 29 31 1 4 1 0
16 30 31 1 4 1 0
34 30 31 1 4 1 0
39 30 31 1 4 1 0
14 31 31 1 2 1 0
13 32 31 1 4 1 0
50 32 31 1 4 1 0
47 33 31 1 3 1 0
17 34 31 4 1 1 0
21 34 31 4 1 1 0
28 34 31 4 1 1 0
32 34 31 4 1 1 0
41 34 31 4 1 1 0
45 34 31 2 1 1 0
14 34 31 3 2 1 0
23 35 31 2 1 1 0
34 35 31 2 1 1 0
39 34 31 2 2 1 0
30 36 31 4 1 1 0
30 37 31 1 1 1 0
33 37 31 1 3 1 0
30 39 31 3 1 1 0
31 40 31 2 1 1 0
41 49 31 2 4 1 0
39 50 31 2 8 1 0
43 50 31 1 4 1 0
19 51 31 4 2 1 0
23 51 31 2 8 1 0
38 51 31 1 4 1 0
44 51 31 1 3 1 0
25 52 31 1 4 1 0
30 85 31 4 2 1 0
13 53 31 2 8 1 0
15 53 31 2 8 1 0
19 53 31 4 1 1 0
47 53 31 2 8 1 0
49 53 31 2 8 1 0
26 54 31 1 4 1 0
37 54 31 1 4 1 0
41 54 31 3 1 1 0
20 54 31 3 2 1 0
41 55 31 2 1 1 0
20 57 31 3 2 1 0
41 57 31 3 2 1 0
23 60 31 4 1 1 0
27 60 31 4 1 1 0
31 60 31 4 1 1 0
35 60 31 4 1 1 0
39 60 31 1 4 1 0
23 61 31 1 2 1 0
24 62 31 1 4 1 0
29 83 31 1 3 1 0
13 63 31 4 2 1 0
23 64 31 1 2 1 0
39 64 31 1 4 1 0
47 63 31 4 2 1 0
24 66 31 1 2 1 0
31 83 31 4 2 1 0
23 67 31 1 3 1 0
39 68 31 1 4 1 0
47 65 31 2 4 1 0
15 66 31 2 4 1 0
24 69 31 1 3 1 0
47 69 31 1 4 1 0
16 70 31 1 4 1 0
46 70 31 1 4 1 0
17 71 31 1 4 1 0
23 71 31 1 3 1 0
39 72 31 1 4 1 0
24 73 31 1 4 1 0
45 73 31 1 4 1 0
18 74 31 1 4 1 0
23 75 31 1 2 1 0
46 74 31 1 2 1 0
17 75 31 1 2 1 0
19 76 31 1 3 1 0
25 76 31 4 1 1 0
29 76 31 4 1 1 0
33 76 31 4 1 1 0
37 76 31 3 1 1 0
44 76 31 1 3 1 0
20 77 31 1 3 1 0
43 77 31 1 2 1 0
45 77 31 1 1 1 0
35 78 31 8 2 1 0
30 82 31 4 1 1 0
25 10 31 2 1 1 0
35 10 31 4 1 1 0
20 12 31 4 2 1 0
40 12 31 3 2 1 0
20 14 31 4 1 1 0
24 13 31 8 2 1 0
32 13 31 8 2 1 0
40 14 31 3 1 1 0
35 32 31 4 2 1 0
48 34 31 2 2 1 0
21 56 31 2 1 1 0
41 56 31 1 1 1 0
27 57 31 8 2 1 0
35 57 31 2 2 1 0
25 56 31 1 3 1 0
26 58 31 1 1 1 0
37 58 31 4 1 1 0
13 61 31 4 2 1 0
47 61 31 4 2 1 0
15 65 31 2 1 1 0
21 78 31 8 2 1 0
29 78 31 4 2 1 0
33 78 31 2 2 1 0
34 8 31 3 2 1 0
38 55 31 1 3 1 0
30 83 31 1 2 1 0
34 7 31 2 1 1 0
41 53 31 2 1 1 0
34 6 31 1 1 1 0
29 6 31 1 4 1 0
29 10 31 4 1 1 0
33 10 31 2 1 1 0
30 9 31 4 1 1 0
47 20 32 2 1 1 0
14 21 32 2 1 1 0
13 22 32 1 2 1 0
48 24 32 2 1 1 0
13 29 32 1 4 1 0
39 31 32 1 4 1 0
13 35 32 1 2 1 0
29 38 32 2 1 1 0
30 39 32 1 1 1 0
31 40 32 2 1 1 0
30 0 32 2 8 1 0
32 0 32 2 8 1 0
29 1 32 1 4 1 0
34 1 32 1 4 1 0
28 2 32 1 4 1 0
35 2 32 1 4 1 0
27 3 32 1 4 1 0
36 3 32 1 4 1 0
26 4 32 1 4 1 0
37 5 32 1 4 1 0
25 7 32 1 4 1 0
38 7 32 1 4 1 0
23 8 32 2 2 1 0
39 8 32 2 2 1 0
19 11 32 2 4 1 0
32 11 32 8 2 1 0
43 11 32 2 4 1 0
18 12 32 1 4 1 0
45 12 32 1 4 1 0
17 13 32 1 3 1 0
46 13 32 1 3 1 0
15 15 32 1 3 1 0
16 15 32 1 1 1 0
19 15 32 1 1 1 0
44 15 32 1 1 1 0
47 15 32 1 2 1 0
48 16 32 1 4 1 0
14 17 32 1 3 1 0
15 19 32 1 2 1 0
48 21 32 2 1 1 0
49 22 32 2 2 1 0
14 23 32 1 4 1 0
49 25 32 1 4 1 0
13 26 32 1 3 1 0
16 29 32 1 4 1 0
17 29 32 4 1 1 0
21 29 32 4 1 1 0
25 29 32 4 1 1 0
29 29 32 4 1 1 0
33 29 32 2 1 1 0
39 29 32 4 1 1 0
43 29 32 4 1 1 0
47 29 32 1 4 1 0
49 29 32 2 3 1 0
14 28 32 1 4 1 0
50 32 32 1 4 1 0
16 33 32 1 4 1 0
47 33 32 1 4 1 0
34 31 32 2 4 1 0
15 35 32 1 2 1 0
48 35 32 1 2 1 0
14 36 32 1 1 1 0
30 36 32 4 1 1 0
49 36 32 2 1 1 0
30 37 32 1 1 1 0
33 37 32 1 3 1 0
31 84 32 2 4 1 0
32 39 32 1 1 1 0
39 50 32 2 8 1 0
42 50 32 2 4 1 0
19 51 32 4 2 1 0
23 51 32 2 4 1 0
38 51 32 1 4 1 0
44 51 32 1 2 1 0
25 52 32 1 4 1 0
33 83 32 1 4 1 0
30 83 32 1 4 1 0
20 53 32 3 2 1 0
41 54 32 3 1 1 0
21 55 32 4 1 1 0
41 55 32 2 1 1 0
22 56 32 4 1 1 0
41 56 32 1 1 1 0
23 57 32 3 1 1 0
38 55 32 1 3 1 0
23 60 32 4 1 1 0
27 60 32 4 1 1 0
31 60 32 4 1 1 0
35 60 32 4 1 1 0
39 60 32 1 4 1 0
23 61 32 1 2 1 0
24 62 32 1 4 1 0
34 82 32 1 4 1 0
29 82 32 1 4 1 0
23 64 32 1 2 1 0
39 64 32 1 4 1 0
24 66 32 1 2 1 0
23 67 32 1 3 1 0
39 68 32 1 4 1 0
24 69 32 1 3 1 0
23 71 32 1 3 1 0
39 72 32 1 4 1 0
24 73 32 1 4 1 0
23 75 32 1 2 1 0
25 76 32 4 1 1 0
29 76 32 4 1 1 0
33 76 32 4 1 1 0
37 76 32 3 1 1 0
30 81 32 4 2 1 0
24 10 32 1 4 1 0
21 12 32 2 3 1 0
23 12 32 1 3 1 0
40 12 32 2 3 1 0
42 12 32 1 3 1 0
24 14 32 4 1 1 0
28 7 32 2 8 1 0
30 13 32 8 2 1 0
38 13 32 2 2 1 0
14 27 32 1 1 1 0
34 30 32 4 1 1 0
38 30 32 1 3 1 0
39 30 32 1 1 1 0
36 31 32 2 2 1 0
41 50 32 1 4 1 0
30 9 32 8 2 1 0
25 11 32 2 3 1 0
27 10 32 1 4 1 0
28 6 32 2 1 1 0
27 7 32 1 3 1 0
26 8 32 1 3 1 0
34 6 32 2 3 1 0
36 7 32 1 2 1 0
30 11 32 2 2 1 0
31 83 32 2 1 1 0
34 5 32 1 1 1 0
29 5 32 1 1 1 0
30 8 32 4 1 1 0
22 8 33 4 1 1 0
38 8 33 4 1 1 0
15 20 33 2 1 1 0
47 20 33 2 1 1 0
49 25 33 1 4 1 0
50 29 33 1 4 1 0
13 29 33 1 4 1 0
39 30 33 1 4 1 0
13 35 33 1 3 1 0
19 51 33 4 1 1 0
41 51 33 4 1 1 0
34 85 33 4 1 1 0
34 82 33 4 1 1 0
30 0 33 2 8 1 0
32 0 33 2 8 1 0
29 1 33 1 4 1 0
34 1 33 1 4 1 0
28 2 33 1 4 1 0
35 2 33 1 4 1 0
27 3 33 1 4 1 0
36 3 33 1 4 1 0
26 4 33 1 4 1 0
37 5 33 1 4 1 0
23 7 33 3 1 1 0
38 7 33 3 1 1 0
37 9 33 4 1 1 0
19 11 33 2 4 1 0
33 11 33 8 2 1 0
43 11 33 2 4 1 0
18 12 33 1 4 1 0
45 12 33 1 4 1 0
17 13 33 1 3 1 0
46 13 33 1 3 1 0
33 86 33 2 4 1 0
29 82 33 2 8 1 0
16 15 33 1 2 1 0
43 15 33 2 1 1 0
47 15 33 1 2 1 0
15 16 33 1 4 1 0
18 16 33 2 1 1 0
44 16 33 2 1 1 0
48 16 33 1 4 1 0
14 17 33 1 2 1 0
14 21 33 1 4 1 0
15 21 33 1 1 1 0
49 21 33 1 4 1 0
13 22 33 1 2 1 0
48 21 33 1 2 1 0
50 22 33 1 2 1 0
14 25 33 1 2 1 0
13 26 33 1 3 1 0
16 29 33 4 1 1 0
20 29 33 4 1 1 0
24 29 33 4 1 1 0
28 29 33 4 1 1 0
32 29 33 4 1 1 0
40 29 33 4 1 1 0
44 29 33 4 1 1 0
16 30 33 1 4 1 0
47 30 33 1 4 1 0
34 30 33 2 4 1 0
50 33 33 1 4 1 0
16 34 33 1 4 1 0
47 34 33 1 4 1 0
15 36 33 1 2 1 0
30 36 33 4 1 1 0
48 36 33 1 2 1 0
35 86 33 2 2 1 0
14 37 33 1 1 1 0
30 37 33 1 3 1 0
33 37 33 1 3 1 0
49 37 33 2 1 1 0
27 84 33 2 4 1 0
31 39 33 2 2 1 0
39 50 33 2 4 1 0
41 50 33 1 1 1 0
23 51 33 2 4 1 0
38 51 33 1 2 1 0
26 85 33 1 2 1 0
20 52 33 3 2 1 0
41 52 33 3 2 1 0
39 54 33 4 1 1 0
21 54 33 2 2 1 0
23 55 33 1 1 1 0
39 55 33 3 1 1 0
23 60 33 4 1 1 0
27 60 33 4 1 1 0
31 60 33 4 1 1 0
35 60 33 4 1 1 0
39 60 33 1 4 1 0
23 61 33 1 2 1 0
24 62 33 1 4 1 0
23 64 33 1 2 1 0
39 64 33 1 4 1 0
24 66 33 1 2 1 0
23 67 33 1 3 1 0
39 68 33 1 4 1 0
24 69 33 1 3 1 0
23 71 33 1 3 1 0
39 72 33 1 4 1 0
24 73 33 1 4 1 0
23 75 33 1 2 1 0
25 76 33 4 1 1 0
29 76 33 4 1 1 0
33 76 33 4 1 1 0
37 76 33 3 1 1 0
26 82 33 3 2 1 0
29 79 33 4 2 1 0
33 79 33 2 3 1 0
28 80 33 1 2 1 0
27 81 33 1 1 1 0
35 81 33 2 1 1 0
23 9 33 8 2 1 0
36 10 33 4 1 1 0
23 11 33 8 2 1 0
21 12 33 2 3 1 0
41 12 33 2 3 1 0
23 13 33 8 2 1 0
31 13 33 8 2 1 0
39 13 33 2 2 1 0
19 15 33 1 1 1 0
31 81 33 2 8 1 0
36 29 33 3 2 1 0
39 29 33 1 1 1 0
33 83 33 4 2 1 0
29 81 33 2 1 1 0
28 6 33 2 3 1 0
27 7 33 1 2 1 0
26 8 33 1 1 1 0
34 6 33 2 4 1 0
36 7 33 1 3 1 0
32 10 33 4 1 1 0
31 9 33 1 4 1 0
32 11 33 1 2 1 0
33 85 33 1 1 1 0
33 82 33 1 1 1 0
34 5 33 1 1 1 0
29 5 33 1 1 1 0
32 8 33 2 2 1 0
30 8 33 2 1 1 0
20 11 34 1 4 1 0
43 11 34 1 4 1 0
49 23 34 2 1 1 0
13 28 34 1 4 1 0
39 28 34 1 4 1 0
13 36 34 1 2 1 0
31 39 34 1 2 1 0
30 0 34 2 8 1 0
32 0 34 2 8 1 0
29 1 34 1 4 1 0
34 1 34 1 4 1 0
28 2 34 1 4 1 0
35 2 34 1 4 1 0
27 3 34 1 4 1 0
36 3 34 1 4 1 0
26 4 34 1 4 1 0
37 5 34 1 4 1 0
22 7 34 2 2 1 0
40 7 34 1 4 1 0
41 7 34 1 2 1 0
22 11 34 8 2 1 0
40 11 34 2 4 1 0
32 85 34 2 8 1 0
29 85 34 2 8 1 0
18 12 34 2 4 1 0
44 12 34 2 4 1 0
35 84 34 2 8 1 0
27 84 34 2 8 1 0
37 87 34 1 4 1 0
26 87 34 1 4 1 0
38 86 34 1 4 1 0
25 86 34 1 4 1 0
17 15 34 1 2 1 0
43 15 34 1 1 1 0
46 15 34 1 3 1 0
15 16 34 2 4 1 0
18 16 34 2 1 1 0
23 16 34 2 8 1 0
39 16 34 2 8 1 0
44 16 34 2 1 1 0
47 16 34 2 4 1 0
18 17 34 1 4 1 0
20 17 34 2 8 1 0
42 17 34 2 8 1 0
45 17 34 1 1 1 0
44 18 34 1 4 1 0
24 85 34 1 4 1 0
14 21 34 4 2 1 0
46 21 34 4 2 1 0
13 22 34 1 2 1 0
14 23 34 1 3 1 0
49 24 34 1 4 1 0
13 25 34 1 3 1 0
49 28 34 2 1 1 0
50 29 34 1 4 1 0
16 30 34 1 4 1 0
47 30 34 1 4 1 0
34 24 34 2 8 1 0
50 33 34 1 4 1 0
16 34 34 1 4 1 0
47 34 34 1 4 1 0
30 36 34 1 4 1 0
31 36 34 3 1 1 0
39 84 34 1 4 1 0
14 37 34 2 1 1 0
33 37 34 1 3 1 0
48 37 34 3 1 1 0
32 39 34 1 1 1 0
21 51 34 2 4 1 0
23 51 34 2 2 1 0
39 51 34 4 2 1 0
39 53 34 4 1 1 0
23 53 34 1 2 1 0
40 54 34 2 1 1 0
23 60 34 1 4 1 0
24 60 34 4 1 1 0
28 60 34 4 1 1 0
32 60 34 4 1 1 0
36 60 34 4 1 1 0
39 61 34 1 4 1 0
24 62 34 1 2 1 0
23 83 34 1 3 1 0
23 64 34 1 4 1 0
24 65 34 1 3 1 0
39 65 34 1 4 1 0
23 68 34 1 4 1 0
24 69 34 1 3 1 0
39 69 34 1 4 1 0
23 72 34 1 4 1 0
24 73 34 1 2 1 0
39 73 34 1 4 1 0
23 76 34 4 1 1 0
35 76 34 4 1 1 0
26 78 34 8 2 1 0
36 78 34 2 4 1 0
25 79 34 1 4 1 0
38 79 34 1 4 1 0
24 80 34 1 4 1 0
39 80 34 1 4 1 0
24 8 34 8 2 1 0
38 8 34 2 4 1 0
23 9 34 1 2 1 0
35 7 34 2 4 1 0
34 11 34 2 4 1 0
37 11 34 1 4 1 0
31 89 34 1 4 1 0
21 12 34 1 3 1 0
36 12 34 1 3 1 0
42 12 34 1 3 1 0
34 88 34 1 4 1 0
22 13 34 8 2 1 0
30 11 34 2 4 1 0
32 11 34 2 4 1 0
38 12 34 2 3 1 0
25 16 34 2 8 1 0
27 16 34 2 8 1 0
29 16 34 2 8 1 0
31 16 34 2 8 1 0
33 16 34 2 8 1 0
35 16 34 2 8 1 0
37 16 34 2 8 1 0
22 17 34 1 4 1 0
41 17 34 1 4 1 0
19 18 34 1 4 1 0
45 19 34 1 4 1 0
46 19 34 1 2 1 0
15 20 34 3 1 1 0
47 20 34 1 1 1 0
16 23 34 2 4 1 0
46 23 34 2 4 1 0
30 24 34 4 1 1 0
22 25 34 8 2 1 0
33 25 34 1 4 1 0
30 26 34 2 4 1 0
32 26 34 1 4 1 0
16 27 34 8 2 1 0
40 27 34 8 2 1 0
16 29 34 4 1 1 0
20 29 34 4 1 1 0
24 28 34 4 2 1 0
28 27 34 2 3 1 0
33 29 34 1 1 1 0
36 26 34 2 4 1 0
38 26 34 1 4 1 0
40 29 34 4 1 1 0
44 29 34 4 1 1 0
27 76 34 8 2 1 0
35 77 34 2 1 1 0
18 21 34 1 4 1 0
22 21 34 1 4 1 0
41 21 34 1 4 1 0
19 22 34 1 4 1 0
44 22 34 1 4 1 0
45 23 34 1 4 1 0
23 24 34 4 1 1 0
27 24 34 3 1 1 0
36 24 34 4 2 1 0
40 24 34 1 3 1 0
18 25 34 1 2 1 0
20 25 34 2 2 1 0
41 25 34 3 2 1 0
19 26 34 1 1 1 0
39 26 34 1 2 1 0
44 26 34 1 1 1 0
24 27 34 4 1 1 0
37 83 34 1 4 1 0
38 83 34 1 3 1 0
25 83 34 2 3 1 0
24 84 34 1 1 1 0
34 78 34 2 4 1 0
26 80 34 8 2 1 0
27 7 34 3 1 1 0
24 10 34 4 1 1 0
37 9 34 1 2 1 0
31 85 34 1 4 1 0
26 86 34 1 1 1 0
34 84 34 1 4 1 0
29 82 34 8 2 1 0
37 82 34 1 1 1 0
27 82 34 2 2 1 0
26 82 34 1 1 1 0
28 6 34 2 1 1 0
34 6 34 2 1 1 0
33 8 34 2 3 1 0
28 10 34 4 1 1 0
29 84 34 4 1 1 0
34 5 34 1 1 1 0
29 5 34 1 1 1 0
34 7 34 1 1 1 0
33 84 34 1 1 1 0
32 8 34 1 3 1 0
21 7 35 2 1 1 0
41 7 35 1 2 1 0
22 8 35 2 1 1 0
40 8 35 1 1 1 0
31 19 35 2 1 1 0
13 23 35 4 1 1 0
47 23 35 4 1 1 0
39 28 35 1 3 1 0
13 28 35 1 4 1 0
13 36 35 1 2 1 0
31 39 35 1 2 1 0
23 60 35 4 1 1 0
23 67 35 2 1 1 0
23 69 35 2 1 1 0
30 0 35 2 8 1 0
32 0 35 2 8 1 0
28 2 35 2 8 1 0
34 2 35 2 8 1 0
27 3 35 1 4 1 0
36 3 35 1 4 1 0
26 4 35 1 4 1 0
37 5 35 1 4 1 0
23 10 35 2 4 1 0
37 10 35 4 2 1 0
21 11 35 2 4 1 0
41 11 35 2 4 1 0
28 91 35 8 2 1 0
18 12 35 3 2 1 0
36 84 35 2 8 1 0
26 84 35 2 8 1 0
43 12 35 3 2 1 0
38 87 35 1 4 1 0
25 87 35 1 4 1 0
18 14 35 3 1 1 0
43 14 35 3 1 1 0
39 86 35 1 4 1 0
24 86 35 1 4 1 0
19 15 35 2 1 1 0
43 15 35 2 1 1 0
18 16 35 1 4 1 0
19 16 35 1 1 1 0
23 16 35 4 1 1 0
27 16 35 4 1 1 0
31 16 35 4 1 1 0
35 16 35 4 1 1 0
39 16 35 2 1 1 0
44 16 35 1 4 1 0
16 17 35 2 4 1 0
20 17 35 4 1 1 0
40 17 35 4 1 1 0
46 17 35 2 4 1 0
19 18 35 2 1 1 0
43 18 35 1 1 1 0
15 20 35 1 3 1 0
45 17 35 1 4 1 0
48 20 35 1 3 1 0
14 21 35 1 2 1 0
16 21 35 2 2 1 0
49 22 35 1 1 1 0
46 21 35 1 3 1 0
29 24 35 4 1 1 0
33 24 35 2 2 1 0
13 25 35 4 2 1 0
29 25 35 1 2 1 0
30 26 35 4 1 1 0
31 27 35 1 3 1 0
34 28 35 2 3 1 0
43 28 35 8 2 1 0
16 31 35 1 4 1 0
47 31 35 1 4 1 0
50 31 35 1 4 1 0
16 35 35 1 3 1 0
47 35 35 1 3 1 0
50 35 35 1 3 1 0
30 36 35 4 1 1 0
23 84 35 1 4 1 0
14 37 35 2 1 1 0
30 37 35 1 3 1 0
33 37 35 1 3 1 0
48 37 35 2 1 1 0
32 39 35 1 1 1 0
40 83 35 1 4 1 0
22 52 35 2 2 1 0
40 52 35 2 2 1 0
27 60 35 4 1 1 0
31 60 35 4 1 1 0
35 60 35 4 1 1 0
39 60 35 1 4 1 0
24 61 35 1 4 1 0
39 64 35 1 4 1 0
24 65 35 1 2 1 0
24 68 35 1 1 1 0
39 68 35 1 4 1 0
24 70 35 1 4 1 0
39 72 35 1 4 1 0
24 74 35 1 3 1 0
25 76 35 4 1 1 0
36 76 35 4 1 1 0
25 78 35 8 2 1 0
35 78 35 4 2 1 0
24 79 35 1 4 1 0
39 79 35 1 4 1 0
23 81 35 1 3 1 0
40 81 35 1 2 1 0
26 8 35 2 3 1 0
36 9 35 2 1 1 0
25 10 35 1 4 1 0
33 10 35 4 1 1 0
28 11 35 8 2 1 0
26 12 35 2 3 1 0
36 12 35 4 2 1 0
23 14 35 3 1 1 0
28 13 35 8 2 1 0
36 14 35 4 1 1 0
40 12 35 1 3 1 0
14 24 35 3 1 1 0
47 24 35 2 4 1 0
49 24 35 1 4 1 0
13 27 35 4 1 1 0
17 28 35 8 2 1 0
25 28 35 4 2 1 0
29 28 35 2 2 1 0
40 28 35 3 2 1 0
14 29 35 3 2 1 0
47 30 35 4 1 1 0
29 76 35 4 2 1 0
33 76 35 2 8 1 0
35 76 35 1 2 1 0
26 77 35 3 1 1 0
36 77 35 2 1 1 0
14 28 35 3 1 1 0
27 7 35 1 1 1 0
36 7 35 1 2 1 0
28 10 35 4 1 1 0
28 89 35 8 2 1 0
28 87 35 8 2 1 0
47 21 35 1 2 1 0
38 83 35 1 4 1 0
25 83 35 1 4 1 0
39 83 35 1 3 1 0
24 83 35 1 3 1 0
36 80 35 2 4 1 0
38 80 35 1 3 1 0
25 81 35 8 2 1 0
25 80 35 4 1 1 0
35 80 35 1 4 1 0
28 85 35 8 2 1 0
26 83 35 4 1 1 0
32 84 35 4 1 1 0
28 84 35 4 1 1 0
29 80 35 4 1 1 0
30 8 35 4 2 1 0
32 10 35 1 1 1 0
30 83 35 3 1 1 0
13 23 36 4 1 1 0
31 24 36 1 4 1 0
13 30 36 1 2 1 0
13 36 36 1 2 1 0
31 39 36 1 2 1 0
29 2 36 2 8 1 0
33 2 36 2 8 1 0
27 3 36 2 8 1 0
35 3 36 1 4 1 0
36 4 36 1 4 1 0
26 6 36 1 4 1 0
36 8 36 2 3 1 0
25 9 36 1 4 1 0
38 9 36 1 4 1 0
23 10 36 2 4 1 0
39 10 36 2 4 1 0
15 11 36 2 4 1 0
17 11 36 1 4 1 0
20 11 36 2 4 1 0
42 11 36 2 4 1 0
46 11 36 2 4 1 0
34 85 36 2 8 1 0
28 85 36 2 8 1 0
36 84 36 2 8 1 0
26 84 36 2 8 1 0
48 12 36 1 3 1 0
38 87 36 1 4 1 0
25 87 36 1 4 1 0
39 86 36 1 4 1 0
24 86 36 1 4 1 0
18 16 36 2 4 1 0
44 16 36 2 4 1 0
20 17 36 4 1 1 0
40 14 36 1 4 1 0
41 17 36 3 1 1 0
17 18 36 1 4 1 0
20 18 36 1 1 1 0
43 18 36 1 1 1 0
46 18 36 1 4 1 0
16 19 36 1 4 1 0
31 19 36 2 3 1 0
47 19 36 1 4 1 0
15 20 36 1 3 1 0
18 20 36 1 1 1 0
45 20 36 1 1 1 0
48 21 36 1 4 1 0
14 22 36 1 1 1 0
17 22 36 1 1 1 0
49 22 36 1 2 1 0
46 22 36 1 2 1 0
15 24 36 1 4 1 0
29 24 36 2 3 1 0
32 24 36 3 2 1 0
47 23 36 1 3 1 0
32 26 36 2 1 1 0
48 26 36 1 4 1 0
14 27 36 1 4 1 0
16 30 36 1 4 1 0
47 30 36 1 4 1 0
48 30 36 3 1 1 0
50 31 36 1 4 1 0
16 34 36 1 4 1 0
47 34 36 1 4 1 0
50 35 36 1 3 1 0
40 84 36 1 4 1 0
30 36 36 1 4 1 0
31 36 36 3 1 1 0
23 84 36 1 4 1 0
14 37 36 2 1 1 0
33 37 36 1 3 1 0
48 37 36 2 1 1 0
32 39 36 1 1 1 0
24 60 36 2 8 1 0
38 60 36 2 8 1 0
24 69 36 2 8 1 0
38 69 36 2 8 1 0
25 78 36 8 2 1 0
37 78 36 2 4 1 0
24 79 36 1 4 1 0
39 79 36 1 4 1 0
23 81 36 1 3 1 0
40 81 36 1 3 1 0
31 2 36 2 8 1 0
26 10 36 1 1 1 0
22 11 36 1 4 1 0
28 11 36 8 2 1 0
41 11 36 1 4 1 0
32 85 36 2 8 1 0
30 85 36 2 8 1 0
18 12 36 2 3 1 0
26 12 36 2 4 1 0
36 12 36 2 4 1 0
44 12 36 2 3 1 0
19 15 36 4 1 1 0
41 15 36 4 1 1 0
23 14 36 2 3 1 0
25 13 36 1 4 1 0
26 16 36 4 1 1 0
30 13 36 2 4 1 0
32 13 36 2 4 1 0
34 13 36 2 4 1 0
36 16 36 4 1 1 0
43 16 36 1 1 1 0
48 25 36 1 1 1 0
15 28 36 1 3 1 0
26 60 36 2 8 1 0
28 60 36 2 8 1 0
30 60 36 8 2 1 0
30 65 36 8 2 1 0
30 67 36 1 4 1 0
33 67 36 2 8 1 0
24 68 36 4 1 1 0
36 68 36 4 1 1 0
31 69 36 2 8 1 0
26 70 36 2 8 1 0
36 70 36 2 8 1 0
28 13 36 2 3 1 0
38 14 36 2 2 1 0
30 62 36 8 2 1 0
30 64 36 4 1 1 0
34 64 36 4 1 1 0
35 67 36 1 4 1 0
36 67 36 2 1 1 0
28 68 36 2 8 1 0
26 69 36 2 1 1 0
36 69 36 2 1 1 0
30 71 36 1 4 1 0
35 71 36 1 4 1 0
30 75 36 1 3 1 0
33 75 36 2 8 1 0
35 75 36 1 4 1 0
35 7 36 1 4 1 0
38 13 36 1 1 1 0
38 83 36 2 3 1 0
24 83 36 2 3 1 0
28 76 36 2 2 1 0
31 77 36 2 1 1 0
25 80 36 8 2 1 0
29 10 36 4 1 1 0
33 10 36 2 1 1 0
25 86 36 1 1 1 0
38 86 36 1 1 1 0
36 78 36 1 4 1 0
35 82 36 3 2 1 0
38 82 36 1 1 1 0
35 79 36 1 3 1 0
25 82 36 4 1 1 0
26 83 36 4 1 1 0
32 84 36 4 1 1 0
28 84 36 4 1 1 0
31 83 36 4 1 1 0
29 82 36 4 1 1 0
30 83 36 1 1 1 0
19 84 37 1 1 1 0
15 21 37 3 1 1 0
29 24 37 1 3 1 0
34 24 37 1 2 1 0
31 26 37 1 2 1 0
43 84 37 2 1 1 0
31 2 37 2 8 1 0
28 3 37 2 8 1 0
34 3 37 2 8 1 0
27 4 37 1 4 1 0
36 4 37 1 4 1 0
26 8 37 2 3 1 0
36 8 37 2 3 1 0
25 9 37 1 2 1 0
38 9 37 1 2 1 0
24 10 37 1 4 1 0
39 10 37 1 4 1 0
15 11 37 8 2 1 0
29 11 37 4 1 1 0
33 11 37 2 1 1 0
41 11 37 8 2 1 0
34 85 37 2 8 1 0
30 92 37 4 1 1 0
28 85 37 2 8 1 0
36 84 37 2 8 1 0
26 84 37 2 8 1 0
14 12 37 1 2 1 0
38 87 37 1 4 1 0
25 87 37 1 4 1 0
15 13 37 8 2 1 0
41 13 37 8 2 1 0
24 86 37 1 4 1 0
18 16 37 2 4 1 0
21 17 37 4 1 1 0
38 14 37 2 4 1 0
40 17 37 4 1 1 0
44 17 37 2 3 1 0
39 85 37 1 4 1 0
17 18 37 1 3 1 0
20 18 37 2 1 1 0
42 18 37 2 1 1 0
46 18 37 1 4 1 0
16 19 37 1 2 1 0
31 19 37 2 3 1 0
18 20 37 1 1 1 0
30 20 37 1 2 1 0
33 20 37 1 2 1 0
45 20 37 1 1 1 0
47 20 37 1 2 1 0
30 25 37 1 2 1 0
33 25 37 1 2 1 0
32 26 37 1 1 1 0
13 30 37 4 2 1 0
47 30 37 4 2 1 0
16 32 37 1 4 1 0
47 32 37 1 4 1 0
50 32 37 1 4 1 0
23 84 37 1 4 1 0
13 36 37 4 2 1 0
30 36 37 4 1 1 0
30 37 37 1 3 1 0
33 37 37 1 3 1 0
47 36 37 4 2 1 0
31 39 37 2 1 1 0
40 83 37 1 4 1 0
26 60 37 8 2 1 0
36 60 37 2 8 1 0
30 66 37 4 1 1 0
30 67 37 1 3 1 0
33 67 37 1 3 1 0
31 69 37 2 1 1 0
29 75 37 2 8 1 0
33 75 37 2 8 1 0
25 78 37 4 2 1 0
35 78 37 4 2 1 0
37 82 37 4 1 1 0
24 79 37 1 4 1 0
39 79 37 1 3 1 0
23 81 37 1 3 1 0
30 3 37 1 4 1 0
33 3 37 1 4 1 0
23 11 37 1 4 1 0
40 11 37 1 4 1 0
33 88 37 1 4 1 0
30 88 37 1 4 1 0
31 12 37 2 4 1 0
31 83 37 2 8 1 0
25 13 37 4 2 1 0
29 13 37 2 4 1 0
33 13 37 4 2 1 0
37 13 37 1 4 1 0
38 13 37 1 1 1 0
19 15 37 4 1 1 0
40 15 37 4 1 1 0
44 15 37 1 2 1 0
23 15 37 4 2 1 0
27 15 37 2 2 1 0
31 16 37 4 1 1 0
35 15 37 2 2 1 0
43 16 37 1 1 1 0
34 60 37 2 2 1 0
26 62 37 2 8 1 0
36 68 37 2 8 1 0
26 70 37 2 8 1 0
28 75 37 1 3 1 0
35 75 37 1 3 1 0
36 76 37 2 2 1 0
31 77 37 2 4 1 0
30 10 37 4 1 1 0
33 15 37 2 1 1 0
25 83 37 1 4 1 0
24 83 37 1 3 1 0
38 83 37 2 2 1 0
25 80 37 4 2 1 0
35 80 37 4 2 1 0
30 7 37 1 3 1 0
33 7 37 1 3 1 0
24 14 37 1 1 1 0
38 85 37 1 2 1 0
25 82 37 4 1 1 0
34 83 37 4 1 1 0
26 83 37 4 1 1 0
33 84 37 1 4 1 0
30 84 37 1 4 1 0
34 84 37 2 1 1 0
28 84 37 2 1 1 0
31 81 37 2 2 1 0
35 82 37 2 1 1 0
33 83 37 1 1 1 0
30 83 37 1 1 1 0
37 8 38 1 3 1 0
38 10 38 2 1 1 0
29 24 38 1 3 1 0
34 24 38 1 3 1 0
13 36 38 4 1 1 0
19 84 38 2 1 1 0
19 83 38 1 1 1 0
30 3 38 2 8 1 0
32 3 38 2 8 1 0
29 4 38 1 4 1 0
34 4 38 1 4 1 0
28 5 38 1 4 1 0
35 5 38 1 4 1 0
25 8 38 2 3 1 0
24 9 38 1 2 1 0
38 9 38 1 1 1 0
15 11 38 8 2 1 0
31 11 38 2 1 1 0
40 11 38 8 2 1 0
48 11 38 1 4 1 0
34 85 38 2 8 1 0
30 92 38 4 1 1 0
28 85 38 2 8 1 0
36 84 38 2 8 1 0
26 84 38 2 8 1 0
14 12 38 1 2 1 0
23 12 38 1 4 1 0
38 87 38 1 4 1 0
25 88 38 1 3 1 0
15 13 38 8 2 1 0
45 13 38 3 2 1 0
24 86 38 1 4 1 0
19 16 38 4 2 1 0
41 16 38 4 2 1 0
18 17 38 1 2 1 0
24 14 38 1 4 1 0
38 14 38 2 4 1 0
45 17 38 1 2 1 0
39 85 38 1 4 1 0
19 18 38 3 1 1 0
42 18 38 3 1 1 0
31 19 38 2 3 1 0
29 20 38 2 2 1 0
33 20 38 2 2 1 0
30 25 38 1 2 1 0
33 25 38 1 2 1 0
31 26 38 2 2 1 0
13 31 38 4 2 1 0
47 31 38 2 4 1 0
49 31 38 2 4 1 0
16 33 38 1 3 1 0
23 84 38 1 4 1 0
30 36 38 1 4 1 0
31 36 38 3 1 1 0
47 35 38 4 2 1 0
33 37 38 1 3 1 0
31 39 38 2 1 1 0
40 83 38 1 4 1 0
26 60 38 2 8 1 0
36 60 38 2 8 1 0
43 83 38 2 2 1 0
30 66 38 1 4 1 0
31 66 38 3 1 1 0
33 67 38 1 3 1 0
31 69 38 2 1 1 0
29 75 38 2 8 1 0
33 75 38 2 8 1 0
25 78 38 2 4 1 0
37 78 38 2 4 1 0
37 82 38 4 1 1 0
24 79 38 1 4 1 0
39 79 38 1 3 1 0
23 81 38 1 3 1 0
27 9 38 3 2 1 0
34 9 38 3 2 1 0
33 88 38 1 4 1 0
30 88 38 1 4 1 0
31 83 38 2 8 1 0
24 13 38 4 1 1 0
28 13 38 8 2 1 0
36 13 38 2 4 1 0
38 13 38 4 1 1 0
42 13 38 3 1 1 0
40 14 38 4 2 1 0
20 15 38 3 1 1 0
25 15 38 8 2 1 0
33 15 38 3 2 1 0
23 16 38 1 2 1 0
40 16 38 1 2 1 0
25 83 38 1 4 1 0
28 60 38 8 2 1 0
26 68 38 2 8 1 0
36 68 38 2 8 1 0
28 75 38 1 4 1 0
35 75 38 1 4 1 0
26 76 38 2 2 1 0
36 76 38 2 2 1 0
31 77 38 2 4 1 0
29 8 38 1 1 1 0
34 8 38 1 1 1 0
24 83 38 1 3 1 0
38 83 38 2 2 1 0
27 78 38 1 4 1 0
36 78 38 1 4 1 0
25 14 38 3 1 1 0
38 85 38 1 2 1 0
25 82 38 4 1 1 0
34 83 38 4 1 1 0
26 83 38 4 1 1 0
28 79 38 1 3 1 0
35 79 38 1 4 1 0
36 82 38 1 1 1 0
33 84 38 1 4 1 0
30 84 38 1 4 1 0
34 84 38 2 1 1 0
28 84 38 2 1 1 0
31 81 38 2 2 1 0
33 83 38 1 1 1 0
30 83 38 1 1 1 0
16 34 39 1 1 1 0
25 8 39 1 3 1 0
35 10 39 4 1 1 0
39 10 39 1 1 1 0
47 34 39 3 1 1 0
30 5 39 2 4 1 0
32 5 39 1 4 1 0
33 6 39 1 4 1 0
37 8 39 2 2 1 0
24 9 39 1 2 1 0
26 9 39 2 2 1 0
36 9 39 1 1 1 0
30 9 39 3 2 1 0
33 10 39 1 1 1 0
16 11 39 4 2 1 0
21 11 39 2 4 1 0
31 11 39 2 1 1 0
41 11 39 4 2 1 0
46 11 39 2 4 1 0
15 12 39 1 3 1 0
23 12 39 2 4 1 0
39 12 39 2 4 1 0
48 12 39 1 3 1 0
33 83 39 2 8 1 0
28 83 39 2 8 1 0
16 13 39 2 2 1 0
19 13 39 2 2 1 0
35 82 39 2 8 1 0
27 86 39 1 4 1 0
41 13 39 4 2 1 0
20 15 39 3 1 1 0
41 15 39 3 1 1 0
37 85 39 1 4 1 0
26 85 39 1 4 1 0
31 19 39 2 3 1 0
30 20 39 1 2 1 0
33 20 39 1 2 1 0
30 36 39 4 1 1 0
30 37 39 1 3 1 0
33 37 39 1 3 1 0
31 39 39 2 1 1 0
38 83 39 1 4 1 0
25 83 39 1 4 1 0
43 83 39 2 3 1 0
18 84 39 3 2 1 0
30 66 39 4 1 1 0
30 67 39 1 3 1 0
33 67 39 1 3 1 0
31 69 39 2 1 1 0
18 83 39 3 1 1 0
29 77 39 4 2 1 0
33 77 39 1 4 1 0
28 78 39 1 4 1 0
34 78 39 2 4 1 0
27 79 39 1 4 1 0
36 79 39 1 3 1 0
26 80 39 1 4 1 0
37 80 39 1 4 1 0
25 81 39 1 2 1 0
38 81 39 1 2 1 0
20 11 39 1 2 1 0
45 11 39 1 3 1 0
31 83 39 2 8 1 0
30 87 39 1 4 1 0
18 13 39 1 1 1 0
25 13 39 8 2 1 0
33 13 39 4 2 1 0
37 13 39 2 3 1 0
25 15 39 4 1 1 0
29 15 39 4 1 1 0
33 15 39 4 1 1 0
37 84 39 1 1 1 0
26 84 39 2 1 1 0
27 85 39 1 1 1 0
27 83 39 1 1 1 0
29 79 39 4 2 1 0
28 82 39 4 1 1 0
30 83 39 1 4 1 0
29 81 39 4 1 1 0
33 81 39 1 2 1 0
34 82 39 1 1 1 0
32 82 39 1 1 1 0
24 10 40 4 1 1 0
30 10 40 4 1 1 0
21 15 40 4 1 1 0
24 9 40 3 1 1 0
31 9 40 2 1 1 0
36 9 40 4 2 1 0
19 11 40 2 4 1 0
21 11 40 1 3 1 0
31 11 40 2 1 1 0
42 11 40 2 4 1 0
44 11 40 1 4 1 0
34 85 40 2 8 1 0
27 85 40 2 8 1 0
36 84 40 2 8 1 0
26 88 40 1 4 1 0
41 12 40 1 4 1 0
38 87 40 1 4 1 0
25 87 40 1 4 1 0
23 13 40 4 2 1 0
29 13 40 4 2 1 0
33 13 40 2 3 1 0
36 13 40 4 2 1 0
24 86 40 1 4 1 0
22 14 40 1 1 1 0
42 15 40 1 1 1 0
39 85 40 1 4 1 0
30 20 40 4 2 1 0
40 84 40 1 4 1 0
23 84 40 1 4 1 0
30 36 40 1 4 1 0
31 36 40 3 1 1 0
33 37 40 1 3 1 0
31 39 40 2 1 1 0
42 84 40 4 2 1 0
19 83 40 2 3 1 0
18 83 40 1 3 1 0
21 83 40 1 2 1 0
30 66 40 1 4 1 0
31 66 40 3 1 1 0
33 67 40 1 3 1 0
31 69 40 2 1 1 0
29 75 40 2 8 1 0
32 75 40 2 8 1 0
42 83 40 4 1 1 0
27 76 40 2 8 1 0
35 76 40 2 8 1 0
26 77 40 1 4 1 0
37 77 40 1 4 1 0
25 78 40 1 4 1 0
38 78 40 1 4 1 0
24 79 40 1 4 1 0
39 79 40 1 4 1 0
23 81 40 1 3 1 0
40 81 40 1 3 1 0
32 85 40 2 8 1 0
30 85 40 2 8 1 0
29 89 40 1 4 1 0
40 13 40 1 3 1 0
27 14 40 2 2 1 0
35 14 40 1 2 1 0
25 15 40 2 1 1 0
29 15 40 4 1 1 0
36 15 40 4 1 1 0
31 75 40 1 4 1 0
34 76 40 1 4 1 0
24 83 40 2 3 1 0
38 83 40 2 2 1 0
38 85 40 1 2 1 0
26 84 40 1 4 1 0
25 86 40 1 1 1 0
37 82 40 2 1 1 0
25 82 40 2 1 1 0
37 83 40 1 1 1 0
26 83 40 1 1 1 0
26 81 40 1 1 1 0
37 81 40 1 1 1 0
29 85 40 1 4 1 0
27 84 40 4 1 1 0
31 79 40 1 4 1 0
34 80 40 1 4 1 0
32 84 40 4 1 1 0
31 83 40 1 2 1 0
32 83 40 2 1 1 0
29 83 40 2 1 1 0
36 9 41 4 1 1 0
30 10 41 4 1 1 0
42 12 41 3 1 1 0
22 15 41 4 1 1 0
42 82 41 1 4 1 0
24 9 41 3 2 1 0
31 9 41 2 1 1 0
37 10 41 2 1 1 0
28 91 41 8 2 1 0
36 88 41 1 4 1 0
26 84 41 2 8 1 0
19 12 41 2 2 1 0
37 83 41 2 8 1 0
24 13 41 4 2 1 0
28 13 41 3 2 1 0
33 13 41 4 2 1 0
37 13 41 2 3 1 0
43 13 41 2 1 1 0
24 82 41 2 8 1 0
23 14 41 1 1 1 0
39 14 41 2 2 1 0
39 85 41 1 4 1 0
30 36 41 4 1 1 0
30 37 41 1 3 1 0
33 37 41 1 3 1 0
31 39 41 2 1 1 0
40 83 41 1 4 1 0
23 83 41 1 4 1 0
43 84 41 3 2 1 0
18 84 41 4 2 1 0
41 84 41 1 1 1 0
22 84 41 1 1 1 0
30 66 41 4 1 1 0
30 67 41 1 3 1 0
33 67 41 1 3 1 0
31 69 41 2 1 1 0
31 75 41 2 8 1 0
43 83 41 2 1 1 0
28 76 41 2 8 1 0
34 76 41 2 8 1 0
26 77 41 2 4 1 0
36 77 41 2 4 1 0
25 78 41 1 4 1 0
38 78 41 1 4 1 0
37 82 41 4 1 1 0
18 82 41 4 2 1 0
24 79 41 1 3 1 0
39 80 41 1 2 1 0
23 81 41 1 2 1 0
31 14 41 2 2 1 0
26 15 41 4 1 1 0
30 15 41 1 1 1 0
33 15 41 4 1 1 0
30 76 41 1 4 1 0
33 76 41 1 4 1 0
28 89 41 8 2 1 0
39 83 41 1 2 1 0
36 81 41 2 1 1 0
28 87 41 8 2 1 0
36 84 41 1 4 1 0
26 81 41 2 3 1 0
28 85 41 8 2 1 0
32 84 41 4 1 1 0
28 84 41 4 1 1 0
36 82 41 1 2 1 0
30 83 41 4 1 1 0
30 80 41 1 3 1 0
33 80 41 1 3 1 0
25 9 42 2 1 1 0
37 9 42 2 1 1 0
30 10 42 4 1 1 0
31 9 42 2 1 1 0
33 85 42 2 8 1 0
29 85 42 2 8 1 0
35 88 42 1 4 1 0
28 88 42 1 4 1 0
36 83 42 2 8 1 0
26 83 42 2 8 1 0
28 13 42 8 2 1 0
38 86 42 1 4 1 0
25 86 42 1 4 1 0
24 14 42 4 2 1 0
36 14 42 4 2 1 0
24 85 42 1 4 1 0
24 16 42 4 1 1 0
35 16 42 4 1 1 0
39 84 42 1 4 1 0
30 36 42 1 4 1 0
31 36 42 3 1 1 0
33 37 42 1 3 1 0
31 39 42 2 1 1 0
43 83 42 2 3 1 0
19 83 42 2 3 1 0
23 83 42 3 2 1 0
30 66 42 1 4 1 0
31 66 42 3 1 1 0
33 67 42 1 3 1 0
31 69 42 2 1 1 0
29 76 42 2 8 1 0
33 76 42 2 8 1 0
27 77 42 2 4 1 0
35 77 42 2 4 1 0
26 78 42 1 4 1 0
37 78 42 1 4 1 0
25 79 42 1 4 1 0
38 79 42 1 4 1 0
24 80 42 1 3 1 0
39 81 42 1 3 1 0
31 85 42 2 8 1 0
28 15 42 4 2 1 0
32 15 42 3 2 1 0
31 76 42 2 8 1 0
35 15 42 1 1 1 0
38 83 42 1 3 1 0
25 85 42 1 1 1 0
35 82 42 3 1 1 0
26 82 42 3 1 1 0
35 81 42 2 1 1 0
35 84 42 1 4 1 0
31 84 42 4 1 1 0
28 84 42 3 1 1 0
27 81 42 2 1 1 0
28 85 42 1 3 1 0
35 83 42 1 1 1 0
28 83 42 1 1 1 0
25 8 43 1 1 1 0
38 8 43 1 1 1 0
30 10 43 3 1 1 0
31 36 43 2 1 1 0
30 37 43 1 3 1 0
33 37 43 1 3 1 0
31 9 43 2 1 1 0
33 85 43 2 8 1 0
29 85 43 2 8 1 0
35 83 43 2 8 1 0
27 83 43 2 8 1 0
26 86 43 1 4 1 0
28 14 43 8 2 1 0
26 15 43 2 2 1 0
36 15 43 2 2 1 0
37 85 43 1 4 1 0
25 85 43 1 4 1 0
38 84 43 1 4 1 0
31 39 43 2 1 1 0
24 83 43 1 4 1 0
43 83 43 2 2 1 0
39 83 43 1 2 1 0
19 83 43 2 2 1 0
30 66 43 4 1 1 0
30 67 43 1 3 1 0
33 67 43 1 3 1 0
31 69 43 2 1 1 0
29 76 43 2 8 1 0
33 76 43 2 8 1 0
27 78 43 2 4 1 0
35 78 43 2 4 1 0
24 82 43 4 1 1 0
26 79 43 1 3 1 0
37 79 43 1 4 1 0
25 80 43 1 2 1 0
38 80 43 1 4 1 0
31 85 43 2 8 1 0
28 16 43 4 1 1 0
32 16 43 4 1 1 0
31 76 43 2 8 1 0
37 83 43 1 2 1 0
25 83 43 2 2 1 0
26 85 43 1 1 1 0
31 84 43 4 1 1 0
29 84 43 2 1 1 0
35 82 43 2 1 1 0
28 82 43 1 1 1 0
44 84 44 1 1 1 0
29 15 44 4 1 1 0
33 15 44 2 1 1 0
31 36 44 2 1 1 0
30 37 44 1 3 1 0
33 37 44 1 3 1 0
31 9 44 2 2 1 0
32 85 44 2 8 1 0
30 85 44 2 8 1 0
34 87 44 1 4 1 0
29 87 44 1 4 1 0
35 86 44 1 4 1 0
28 86 44 1 4 1 0
36 85 44 1 4 1 0
26 81 44 2 8 1 0
30 16 44 4 1 1 0
37 84 44 1 4 1 0
31 39 44 2 1 1 0
25 83 44 1 4 1 0
38 82 44 1 4 1 0
30 66 44 1 4 1 0
31 66 44 3 1 1 0
33 67 44 1 3 1 0
31 69 44 2 1 1 0
30 76 44 2 8 1 0
32 76 44 2 8 1 0
25 82 44 1 1 1 0
28 78 44 2 8 1 0
34 78 44 2 8 1 0
27 79 44 1 2 1 0
36 79 44 1 4 1 0
26 80 44 1 1 1 0
37 81 44 1 3 1 0
36 83 44 1 2 1 0
30 84 44 4 1 1 0
34 86 44 1 1 1 0
29 86 44 1 1 1 0
31 9 45 1 1 1 0
31 36 45 2 1 1 0
30 37 45 1 3 1 0
33 37 45 1 3 1 0
32 82 45 2 8 1 0
30 82 45 2 8 1 0
34 85 45 1 4 1 0
28 81 45 2 8 1 0
35 84 45 1 4 1 0
27 84 45 1 4 1 0
31 39 45 2 1 1 0
36 83 45 1 4 1 0
26 83 45 1 3 1 0
30 66 45 4 1 1 0
30 67 45 1 3 1 0
33 67 45 1 3 1 0
31 69 45 2 1 1 0
34 82 45 3 1 1 0
29 79 45 4 2 1 0
33 79 45 2 3 1 0
28 80 45 1 1 1 0
35 80 45 1 2 1 0
27 81 45 1 3 1 0
34 83 45 1 2 1 0
30 81 45 3 1 1 0
35 83 45 1 1 1 0
31 36 46 2 1 1 0
30 37 46 1 3 1 0
33 37 46 1 3 1 0
31 88 46 4 1 1 0
29 87 46 2 2 1 0
35 84 46 1 4 1 0
33 87 46 2 1 1 0
28 84 46 1 4 1 0
31 39 46 2 1 1 0
36 83 46 1 4 1 0
34 86 46 1 1 1 0
29 86 46 1 1 1 0
27 83 46 1 4 1 0
30 66 46 1 4 1 0
31 66 46 3 1 1 0
33 67 46 1 3 1 0
31 69 46 2 1 1 0
35 82 46 2 1 1 0
30 79 46 4 2 1 0
28 80 46 1 4 1 0
34 80 46 2 2 1 0
33 81 46 1 1 1 0
29 80 46 1 2 1 0
27 81 46 1 2 1 0
35 83 46 1 1 1 0
30 36 47 3 1 1 0
33 37 47 1 3 1 0
31 88 47 4 1 1 0
29 87 47 2 2 1 0
35 84 47 1 4 1 0
33 87 47 2 1 1 0
28 84 47 1 4 1 0
30 37 47 1 3 1 0
31 39 47 2 1 1 0
36 83 47 1 4 1 0
34 86 47 1 1 1 0
29 86 47 1 1 1 0
27 83 47 1 4 1 0
31 65 47 2 2 1 0
30 66 47 1 4 1 0
33 66 47 1 4 1 0
29 67 47 1 2 1 0
31 69 47 2 2 1 0
35 82 47 2 1 1 0
30 79 47 4 2 1 0
28 80 47 1 4 1 0
34 80 47 2 2 1 0
33 81 47 1 1 1 0
29 80 47 1 2 1 0
27 81 47 1 2 1 0
35 83 47 1 1 1 0
31 36 48 2 1 1 0
30 37 48 1 3 1 0
33 37 48 1 2 1 0
31 39 48 2 1 1 0
31 64 48 1 3 1 0
33 64 48 1 4 1 0
29 65 48 1 4 1 0
34 66 48 1 1 1 0
28 67 48 1 1 1 0
33 68 48 3 1 1 0
28 69 48 4 1 1 0
34 69 48 1 2 1 0
30 70 48 1 2 1 0
32 69 48 1 3 1 0
32 37 48 1 1 1 0
32 65 48 1 2 1 0
30 66 48 1 3 1 0
33 69 48 1 1 1 0
31 70 48 1 1 1 0
31 36 49 2 1 1 0
30 37 49 1 3 1 0
33 37 49 1 2 1 0
31 39 49 2 1 1 0
32 37 49 1 1 1 0
29 63 49 2 8 1 0
33 63 49 2 8 1 0
28 64 49 1 4 1 0
35 64 49 1 4 1 0
27 65 49 1 4 1 0
36 65 49 1 4 1 0
35 69 49 2 1 1 0
27 69 49 2 2 1 0
28 71 49 4 1 1 0
32 71 49 4 1 1 0
29 72 49 4 1 1 0
33 72 49 1 1 1 0
31 63 49 2 4 1 0
31 69 49 2 2 1 0
35 70 49 1 1 1 0
28 68 49 1 1 1 0
35 68 49 1 1 1 0
31 36 50 2 1 1 0
30 37 50 1 3 1 0
33 37 50 1 2 1 0
31 39 50 2 1 1 0
32 37 50 1 1 1 0
29 63 50 2 8 1 0
33 63 50 2 8 1 0
28 64 50 1 4 1 0
35 64 50 1 4 1 0
27 65 50 1 4 1 0
36 65 50 1 4 1 0
35 69 50 2 1 1 0
27 69 50 2 2 1 0
28 71 50 4 1 1 0
32 71 50 4 1 1 0
29 72 50 4 1 1 0
33 72 50 2 1 1 0
31 63 50 2 4 1 0
31 69 50 2 2 1 0
35 70 50 1 1 1 0
28 68 50 1 1 1 0
35 68 50 1 1 1 0
31 36 51 2 1 1 0
30 37 51 1 3 1 0
33 37 51 1 2 1 0
31 39 51 2 1 1 0
32 37 51 1 1 1 0
30 66 51 4 1 1 0
30 67 51 1 3 1 0
33 67 51 1 4 1 0
31 69 51 2 1 1 0
32 70 51 1 1 1 0
34 70 51 1 4 1 0
33 71 51 1 2 1 0
35 72 51 1 4 1 0
36 74 51 1 4 1 0
37 76 51 1 2 1 0
31 36 52 2 1 1 0
30 37 52 1 3 1 0
33 37 52 1 2 1 0
31 39 52 2 1 1 0
40 81 52 1 3 1 0
32 37 52 1 1 1 0
30 66 52 1 4 1 0
31 66 52 3 1 1 0
33 67 52 1 3 1 0
31 69 52 2 1 1 0
35 74 52 2 2 1 0
36 76 52 2 2 1 0
38 77 52 1 4 1 0
39 79 52 1 4 1 0
37 78 52 1 1 1 0
43 85 53 1 4 1 0
31 36 53 2 1 1 0
30 37 53 1 3 1 0
33 37 53 1 2 1 0
31 39 53 2 1 1 0
42 84 53 1 4 1 0
32 37 53 1 1 1 0
41 83 53 1 4 1 0
40 81 53 1 4 1 0
30 66 53 4 1 1 0
30 67 53 1 3 1 0
33 67 53 1 3 1 0
31 69 53 2 1 1 0
39 79 53 1 4 1 0
38 79 53 1 2 1 0
43 85 54 1 4 1 0
31 36 54 2 1 1 0
30 37 54 1 3 1 0
33 37 54 1 2 1 0
31 39 54 2 1 1 0
41 84 54 1 3 1 0
42 85 54 1 3 1 0
32 37 54 1 1 1 0
30 66 54 1 4 1 0
31 66 54 3 1 1 0
33 67 54 1 3 1 0
31 69 54 2 1 1 0
31 36 55 2 1 1 0
30 37 55 1 3 1 0
33 37 55 1 2 1 0
31 39 55 2 1 1 0
32 37 55 1 1 1 0
30 66 55 4 1 1 0
30 67 55 1 3 1 0
33 67 55 1 3 1 0
31 69 55 2 1 1 0
31 36 56 2 1 1 0
30 37 56 1 3 1 0
33 37 56 1 2 1 0
31 39 56 2 1 1 0
33 67 56 1 4 1 0
32 37 56 1 1 1 0
30 66 56 1 4 1 0
31 66 56 3 1 1 0
31 69 56 2 1 1 0
33 37 57 1 2 1 0
30 39 57 3 1 1 0
33 67 57 1 4 1 0
31 36 57 2 2 1 0
30 37 57 1 2 1 0
30 66 57 4 1 1 0
30 67 57 1 3 1 0
31 69 57 2 1 1 0
33 37 58 1 2 1 0
30 39 58 3 1 1 0
33 67 58 1 4 1 0
31 36 58 2 2 1 0
30 37 58 1 2 1 0
30 66 58 1 4 1 0
31 66 58 3 1 1 0
31 69 58 2 1 1 0
33 37 59 1 2 1 0
30 39 59 3 1 1 0
33 67 59 1 4 1 0
31 36 59 2 2 1 0
30 37 59 1 2 1 0
30 66 59 4 1 1 0
30 67 59 1 3 1 0
31 69 59 2 1 1 0
33 37 60 1 2 1 0
30 39 60 3 1 1 0
33 67 60 1 4 1 0
31 36 60 2 2 1 0
30 37 60 1 2 1 0
30 66 60 1 4 1 0
31 66 60 3 1 1 0
31 69 60 2 1 1 0
33 67 61 1 4 1 0
31 36 61 2 2 1 0
30 37 61 1 3 1 0
33 37 61 1 2 1 0
31 39 61 2 1 1 0
30 66 61 4 1 1 0
29 67 61 2 2 1 0
32 68 61 1 2 1 0
30 69 61 2 1 1 0
32 38 61 1 1 1 0
30 37 62 1 2 1 0
31 39 62 2 1 1 0
8 65 62 1 2 1 0
33 67 62 1 4 1 0
31 36 62 2 2 1 0
33 37 62 1 2 1 0
11 65 62 8 2 1 0
48 65 62 8 2 1 0
9 66 62 2 1 1 0
30 66 62 1 4 1 0
32 68 62 1 2 1 0
31 69 62 1 1 1 0
32 38 62 1 1 1 0
19 65 62 8 2 1 0
27 65 62 3 2 1 0
30 65 62 4 1 1 0
34 65 62 8 2 1 0
42 65 62 4 2 1 0
46 65 62 2 2 1 0
31 66 62 3 1 1 0
30 37 63 1 2 1 0
31 39 63 2 1 1 0
8 65 63 1 2 1 0
32 68 63 3 1 1 0
33 69 63 1 2 1 0
31 36 63 2 2 1 0
33 37 63 1 2 1 0
11 65 63 2 2 1 0
16 65 63 8 2 1 0
48 65 63 8 2 1 0
9 66 63 2 1 1 0
13 66 63 3 1 1 0
33 65 63 1 3 1 0
29 65 63 2 4 1 0
30 69 63 3 1 1 0
32 38 63 1 1 1 0
24 65 63 4 2 1 0
28 65 63 1 2 1 0
31 65 63 2 2 1 0
34 65 63 8 2 1 0
42 65 63 4 2 1 0
46 65 63 2 2 1 0
33 67 64 1 4 1 0
31 36 64 1 2 1 0
30 37 64 1 2 1 0
31 39 64 2 1 1 0
30 69 64 3 1 1 0
34 66 64 1 3 1 0
29 66 64 2 3 1 0
31 66 64 3 1 1 0
32 37 64 2 2 1 0
32 67 64 1 2 1 0
33 67 65 1 4 1 0
31 36 65 1 2 1 0
30 37 65 1 2 1 0
31 39 65 2 1 1 0
30 69 65 3 1 1 0
30 66 65 1 3 1 0
31 66 65 3 1 1 0
32 37 65 2 2 1 0
32 67 65 1 2 1 0
29 69 66 4 1 1 0
32 68 66 3 1 1 0
29 67 66 2 1 1 0
31 66 66 4 1 1 0
30 70 66 3 1 1 0
33 69 66 1 1 1 0
30 68 66 1 1 1 0
30 66 66 1 1 1 0
31 65 66 3 1 1 0
30 37 66 4 2 1 0
31 39 66 2 1 1 0
32 67 66 2 1 1 0
32 64 67 2 8 1 0
29 64 67 2 8 1 0
34 67 67 1 4 1 0
28 67 67 1 4 1 0
35 66 67 1 4 1 0
34 65 67 2 1 1 0
28 65 67 1 2 1 0
34 64 67 1 1 1 0
30 37 67 4 2 1 0
31 39 67 2 1 1 0
31 69 67 1 3 1 0
31 64 67 1 3 1 0
34 66 67 1 1 1 0
30 38 68 4 1 1 0
32 64 68 2 8 1 0
29 64 68 2 8 1 0
34 67 68 1 4 1 0
28 67 68 1 4 1 0
35 66 68 1 4 1 0
34 65 68 2 1 1 0
28 65 68 1 2 1 0
34 64 68 1 1 1 0
30 37 68 3 1 1 0
31 39 68 2 1 1 0
31 68 68 1 4 1 0
31 64 68 1 4 1 0
34 66 68 1 1 1 0
30 67 69 4 1 1 0
30 38 69 4 1 1 0
33 70 69 2 2 1 0
32 68 69 1 3 1 0
33 69 69 1 1 1 0
31 68 69 1 2 1 0
30 68 69 1 1 1 0
31 66 69 2 1 1 0
30 37 69 3 1 1 0
31 39 69 2 1 1 0
30 67 70 4 1 1 0
35 74 70 2 2 1 0
34 70 70 1 4 1 0
35 72 70 1 2 1 0
33 70 70 1 3 1 0
31 68 70 2 2 1 0
30 68 70 1 1 1 0
31 66 70 2 1 1 0
30 37 70 3 2 1 0
31 39 70 2 1 1 0
30 67 71 4 1 1 0
36 76 71 2 2 1 0
35 72 71 1 4 1 0
36 74 71 1 2 1 0
34 72 71 1 2 1 0
31 68 71 2 2 1 0
30 68 71 1 1 1 0
31 66 71 2 1 1 0
30 37 71 3 2 1 0
31 39 71 2 1 1 0
39 80 72 1 1 1 0
30 67 72 4 1 1 0
37 78 72 2 2 1 0
36 74 72 1 4 1 0
37 76 72 1 2 1 0
35 74 72 1 2 1 0
31 68 72 2 2 1 0
30 68 72 1 1 1 0
31 66 72 2 1 1 0
30 36 72 2 4 1 0
32 36 72 2 4 1 0
29 37 72 1 2 1 0
40 81 73 1 3 1 0
30 67 73 4 1 1 0
7 35 73 1 3 1 0
12 35 73 1 3 1 0
46 35 73 1 3 1 0
56 35 73 1 3 1 0
1 36 73 4 1 1 0
59 36 73 4 1 1 0
17 35 73 1 3 1 0
51 35 73 1 3 1 0
39 79 73 1 4 1 0
38 78 73 1 4 1 0
37 78 73 1 2 1 0
31 68 73 2 2 1 0
30 68 73 1 1 1 0
31 66 73 2 1 1 0
16 35 73 1 2 1 0
21 35 73 2 3 1 0
26 35 73 2 3 1 0
30 35 73 2 4 1 0
32 35 73 1 4 1 0
36 35 73 4 2 1 0
40 35 73 3 2 1 0
52 35 73 1 2 1 0
5 36 73 2 1 1 0
8 36 73 4 1 1 0
13 36 73 3 1 1 0
18 36 73 3 1 1 0
23 36 73 3 1 1 0
28 36 73 2 1 1 0
33 36 73 3 1 1 0
43 36 73 3 1 1 0
47 36 73 4 1 1 0
53 36 73 3 1 1 0
57 36 73 2 1 1 0
36 37 73 2 1 1 0
41 37 73 2 1 1 0
29 37 73 1 2 1 0
30 39 73 4 1 1 0
33 37 73 1 2 1 0
41 83 74 1 3 1 0
42 84 74 1 1 1 0
38 80 74 2 1 1 0
30 67 74 4 1 1 0
0 36 74 4 1 1 0
60 36 74 4 1 1 0
40 81 74 1 4 1 0
39 81 74 1 3 1 0
31 68 74 2 2 1 0
30 68 74 1 1 1 0
31 66 74 2 1 1 0
5 35 74 2 3 1 0
7 35 74 1 3 1 0
11 35 74 2 3 1 0
16 35 74 2 3 1 0
21 35 74 2 3 1 0
26 35 74 2 3 1 0
30 35 74 2 4 1 0
32 35 74 2 2 1 0
36 35 74 2 3 1 0
41 35 74 2 3 1 0
46 35 74 2 3 1 0
51 35 74 2 3 1 0
56 35 74 2 3 1 0
58 35 74 1 3 1 0
4 36 74 1 1 1 0
8 36 74 3 1 1 0
13 36 74 3 1 1 0
18 36 74 3 1 1 0
23 36 74 3 1 1 0
28 36 74 2 1 1 0
34 36 74 2 1 1 0
38 36 74 3 1 1 0
43 36 74 3 1 1 0
48 36 74 3 1 1 0
53 36 74 3 1 1 0
59 36 74 1 1 1 0
32 38 74 2 2 1 0
30 39 74 2 1 1 0
32 37 74 1 1 1 0
43 86 75 1 3 1 0
30 67 75 4 1 1 0
0 36 75 4 1 1 0
60 36 75 4 1 1 0
11 36 75 1 2 1 0
16 36 75 1 2 1 0
47 36 75 1 2 1 0
52 36 75 1 2 1 0
42 84 75 1 4 1 0
41 83 75 1 4 1 0
40 83 75 1 2 1 0
31 68 75 2 2 1 0
30 68 75 1 1 1 0
31 66 75 2 1 1 0
30 35 75 4 2 1 0
4 36 75 4 1 1 0
8 36 75 3 1 1 0
12 36 75 4 1 1 0
17 36 75 4 1 1 0
23 36 75 4 1 1 0
27 36 75 3 1 1 0
35 36 75 4 1 1 0
39 36 75 4 1 1 0
43 36 75 4 1 1 0
48 36 75 4 1 1 0
53 36 75 4 1 1 0
57 36 75 3 1 1 0
5 37 75 2 1 1 0
21 36 75 2 2 1 0
26 37 75 2 1 1 0
36 37 75 2 1 1 0
41 37 75 2 1 1 0
57 37 75 2 1 1 0
29 37 75 4 2 1 0
33 37 75 2 2 1 0
30 39 75 4 1 1 0
34 36 75 1 1 1 0
42 85 76 1 3 1 0
30 67 76 4 1 1 0
44 89 76 2 2 1 0
43 86 76 1 4 1 0
44 87 76 1 2 1 0
31 68 76 2 2 1 0
30 68 76 1 1 1 0
31 66 76 2 1 1 0
31 36 76 2 4 1 0
30 37 76 1 3 1 0
33 37 76 1 2 1 0
30 67 77 4 1 1 0
44 89 77 2 3 1 0
43 88 77 1 2 1 0
44 88 77 1 1 1 0
31 68 77 2 2 1 0
30 68 77 1 1 1 0
31 66 77 2 1 1 0
31 34 77 2 8 1 0
28 35 77 2 4 1 0
34 35 77 2 4 1 0
28 39 77 3 1 1 0
33 39 77 3 1 1 0
29 40 77 2 2 1 0
33 40 77 2 2 1 0
30 35 77 1 4 1 0
33 35 77 1 4 1 0
30 67 78 4 1 1 0
31 68 78 2 2 1 0
30 68 78 1 1 1 0
31 66 78 2 1 1 0
29 33 78 2 8 1 0
32 33 78 2 8 1 0
28 34 78 1 4 1 0
34 34 78 2 8 1 0
27 35 78 1 4 1 0
36 35 78 1 4 1 0
27 39 78 2 2 1 0
36 39 78 1 2 1 0
28 41 78 4 1 1 0
29 42 78 4 1 1 0
33 42 78 2 1 1 0
31 33 78 1 4 1 0
28 38 78 1 1 1 0
31 37 78 1 4 1 0
32 41 78 2 1 1 0
30 67 79 4 1 1 0
31 68 79 2 2 1 0
30 68 79 1 1 1 0
31 66 79 2 1 1 0
29 33 79 2 8 1 0
33 33 79 2 8 1 0
28 34 79 1 4 1 0
35 34 79 1 4 1 0
27 35 79 1 4 1 0
36 36 79 1 4 1 0
27 39 79 2 2 1 0
35 40 79 2 1 1 0
28 41 79 4 1 1 0
32 41 79 4 1 1 0
29 42 79 4 1 1 0
33 42 79 2 1 1 0
31 33 79 2 8 1 0
28 38 79 1 1 1 0
35 38 79 1 2 1 0
30 67 80 4 1 1 0
31 68 80 2 2 1 0
30 68 80 1 1 1 0
31 66 80 2 1 1 0
29 33 80 2 8 1 0
33 33 80 2 8 1 0
28 34 80 1 4 1 0
35 34 80 1 4 1 0
27 35 80 1 4 1 0
36 35 80 1 4 1 0
26 37 80 1 3 1 0
35 39 80 2 2 1 0
27 39 80 2 3 1 0
32 41 80 4 1 1 0
28 42 80 4 1 1 0
32 42 80 3 1 1 0
30 43 80 3 1 1 0
31 33 80 2 8 1 0
35 38 80 1 1 1 0
29 41 80 3 1 1 0
28 38 80 1 1 1 0
30 67 81 4 1 1 0
31 68 81 2 2 1 0
30 68 81 1 1 1 0
31 66 81 2 1 1 0
30 33 81 2 8 1 0
32 33 81 2 8 1 0
28 34 81 2 8 1 0
34 34 81 2 8 1 0
27 35 81 1 4 1 0
36 36 81 1 4 1 0
27 39 81 1 2 1 0
29 42 81 4 1 1 0
33 42 81 2 1 1 0
30 41 81 4 1 1 0
31 39 82 1 4 1 0
31 66 82 2 4 1 0
33 67 82 1 2 1 0
30 67 82 1 2 1 0
30 34 82 2 4 1 0
32 34 82 2 8 1 0
28 35 82 2 4 1 0
34 35 82 1 4 1 0
35 36 82 1 4 1 0
28 39 82 3 2 1 0
29 41 82 2 1 1 0
34 39 82 1 3 1 0
30 38 82 2 1 1 0
31 66 83 2 4 1 0
33 67 83 1 2 1 0
30 67 83 1 2 1 0
31 35 83 2 4 1 0
30 36 83 1 4 1 0
33 36 83 1 4 1 0
29 37 83 1 2 1 0
34 37 83 1 2 1 0
31 39 83 2 2 1 0
31 66 84 2 4 1 0
33 66 84 1 3 1 0
29 67 84 2 2 1 0
30 66 84 1 1 1 0
31 37 84 2 2 1 0
55 66 85 4 1 1 0
5 66 85 4 1 1 0
52 65 85 1 2 1 0
48 65 85 1 2 1 0
44 65 85 1 2 1 0
19 65 85 1 2 1 0
15 65 85 1 2 1 0
30 68 85 4 2 1 0
29 66 85 1 3 1 0
53 66 85 2 1 1 0
49 66 85 3 1 1 0
45 66 85 3 1 1 0
40 66 85 4 1 1 0
36 66 85 4 1 1 0
32 66 85 4 1 1 0
25 66 85 4 1 1 0
21 66 85 4 1 1 0
20 66 85 1 1 1 0
16 66 85 3 1 1 0
11 66 85 4 1 1 0
9 66 85 2 1 1 0
39 65 85 2 1 1 0
35 65 85 2 1 1 0
30 65 85 4 1 1 0
27 65 85 2 1 1 0
10 65 85 2 1 1 0
31 37 85 2 2 1 0
30 67 85 4 1 1 0
30 66 85 2 1 1 0
57 66 86 4 1 1 0
32 66 86 2 4 1 0
30 66 86 2 4 1 0
3 65 86 8 2 1 0
56 65 86 4 1 1 0
31 37 86 2 2 1 0
53 66 86 4 1 1 0
45 65 86 8 2 1 0
37 65 86 8 2 1 0
34 65 86 3 2 1 0
22 65 86 8 2 1 0
14 65 86 8 2 1 0
11 65 86 3 2 1 0
53 65 86 3 1 1 0
30 65 86 4 1 1 0
57 66 87 4 1 1 0
30 68 87 4 2 1 0
34 65 87 1 4 1 0
29 65 87 1 4 1 0
3 65 87 8 2 1 0
56 65 87 4 1 1 0
31 37 87 2 2 1 0
53 66 87 4 1 1 0
45 65 87 8 2 1 0
37 65 87 8 2 1 0
35 65 87 2 2 1 0
21 65 87 8 2 1 0
13 65 87 8 2 1 0
11 65 87 2 2 1 0
53 65 87 3 1 1 0
30 65 87 4 2 1 0
30 67 87 4 1 1 0
28 67 88 4 1 1 0
32 67 88 2 4 1 0
29 68 88 2 3 1 0
34 66 88 1 4 1 0
30 65 88 4 2 1 0
29 65 88 1 2 1 0
31 37 88 2 2 1 0
31 68 88 1 3 1 0
28 67 89 4 1 1 0
30 69 89 4 2 1 0
29 68 89 1 3 1 0
34 66 89 1 4 1 0
30 65 89 4 2 1 0
29 65 89 1 2 1 0
31 37 89 2 2 1 0
30 68 89 4 1 1 0
32 67 89 2 1 1 0
31 38 90 1 1 1 0
31 67 90 2 2 1 0
31 67 91 2 2 1 0
31 67 92 2 2 1 0
31 67 93 2 2 1 0
31 67 94 2 2 1 0
31 67 95 2 2 1 0
31 67 96 2 2 1 0
31 67 97 2 2 1 0
31 67 98 2 2 1 0
31 67 99 2 2 1 0
