13 23 0 1 4 1 0
13 27 0 2 1 1 0
13 28 0 4 2 1 0
14 21 0 1 4 1 0
14 25 0 1 2 1 0
14 30 0 4 2 1 0
15 20 0 2 8 1 0
17 19 0 2 8 1 0
17 27 0 2 2 1 0
17 29 0 1 1 1 0
17 32 0 2 1 1 0
18 29 0 4 2 1 0
18 31 0 3 1 1 0
19 20 0 2 8 1 0
19 28 0 4 1 1 0
21 21 0 1 4 1 0
21 25 0 1 3 1 0
22 24 0 1 4 1 0
12 20 1 1 4 1 0
12 24 1 2 8 1 0
13 19 1 1 4 1 0
13 23 1 1 1 1 0
13 32 1 8 2 1 0
14 18 1 1 4 1 0
14 22 1 1 4 1 0
14 26 1 1 4 1 0
14 30 1 1 2 1 0
14 34 1 4 1 1 0
15 17 1 2 8 1 0
15 25 1 1 4 1 0
15 29 1 1 3 1 0
16 25 1 8 2 1 0
16 27 1 8 2 1 0
16 29 1 8 2 1 0
16 31 1 4 1 1 0
17 16 1 2 8 1 0
17 24 1 2 1 1 0
17 35 1 2 1 1 0
18 34 1 4 1 1 0
19 17 1 2 8 1 0
20 31 1 1 1 1 0
21 18 1 1 4 1 0
21 22 1 1 1 1 0
21 23 1 2 2 1 0
21 31 1 2 3 1 0
22 19 1 1 4 1 0
23 21 1 1 4 1 0
11 20 2 1 4 1 0
11 24 2 2 8 1 0
12 17 2 1 4 1 0
12 21 2 1 3 1 0
12 32 2 4 1 1 0
12 33 2 4 2 1 0
13 16 2 1 4 1 0
13 20 2 1 4 1 0
13 24 2 2 8 1 0
13 35 2 3 1 1 0
14 15 2 2 8 1 0
14 23 2 3 1 1 0
14 36 2 2 1 1 0
15 24 2 2 4 1 0
15 28 2 1 4 1 0
16 15 2 1 4 1 0
16 19 2 1 4 1 0
16 28 2 1 2 1 0
16 30 2 2 8 1 0
17 14 2 2 8 1 0
17 22 2 2 8 1 0
17 41 2 2 1 1 0
17 42 2 2 4 1 0
18 30 2 2 8 1 0
19 15 2 1 4 1 0
19 19 2 1 4 1 0
19 23 2 2 4 1 0
19 27 2 2 3 1 0
20 15 2 2 8 1 0
20 30 2 1 2 1 0
20 32 2 4 1 1 0
20 33 2 4 2 1 0
20 35 2 3 1 1 0
20 36 2 2 1 1 0
21 23 2 1 1 1 0
21 24 2 2 8 1 0
22 16 2 1 4 1 0
22 20 2 1 4 1 0
23 17 2 1 4 1 0
23 21 2 1 3 1 0
23 24 2 2 8 1 0
24 20 2 1 4 1 0
9 22 3 1 4 1 0
9 26 3 1 1 1 0
10 21 3 2 8 1 0
10 29 3 4 1 1 0
10 30 3 8 2 1 0
11 17 3 1 4 1 0
11 32 3 2 3 1 0
12 15 3 1 4 1 0
12 19 3 1 4 1 0
12 23 3 1 4 1 0
12 27 3 4 2 1 0
12 35 3 1 2 1 0
13 14 3 2 8 1 0
13 22 3 4 2 1 0
13 24 3 4 2 1 0
13 26 3 4 1 1 0
13 32 3 2 2 1 0
13 34 3 1 4 1 0
14 29 3 2 1 1 0
14 34 3 1 1 1 0
14 35 3 1 4 1 0
15 13 3 2 8 1 0
15 21 3 2 1 1 0
15 32 3 2 8 1 0
16 27 3 1 3 1 0
17 12 3 2 8 1 0
17 20 3 1 4 1 0
17 24 3 1 4 1 0
17 28 3 1 2 1 0
17 32 3 2 2 1 0
17 34 3 2 4 1 0
17 38 3 2 8 1 0
18 20 3 1 1 1 0
18 21 3 8 2 1 0
18 23 3 1 4 1 0
18 27 3 8 2 1 0
18 29 3 4 1 1 0
18 30 3 8 2 1 0
19 13 3 1 4 1 0
19 17 3 1 4 1 0
19 23 3 8 2 1 0
19 25 3 8 2 1 0
19 32 3 2 8 1 0
20 13 3 2 8 1 0
21 32 3 2 2 1 0
21 34 3 1 1 1 0
21 35 3 1 4 1 0
22 14 3 1 4 1 0
22 18 3 1 3 1 0
22 29 3 4 1 1 0
22 34 3 1 4 1 0
23 15 3 1 4 1 0
23 19 3 1 2 1 0
23 32 3 2 3 1 0
23 35 3 1 2 1 0
24 17 3 1 4 1 0
8 22 4 4 1 1 0
8 26 4 8 2 1 0
9 21 4 1 1 1 0
9 23 4 8 2 1 0
9 25 4 4 1 1 0
9 28 4 4 1 1 0
9 29 4 8 2 1 0
10 18 4 1 4 1 0
10 31 4 1 4 1 0
11 15 4 1 4 1 0
11 19 4 1 3 1 0
11 31 4 2 3 1 0
11 34 4 1 4 1 0
12 13 4 1 4 1 0
12 17 4 1 4 1 0
12 21 4 1 2 1 0
12 34 4 1 1 1 0
12 35 4 1 4 1 0
13 12 4 2 8 1 0
13 20 4 4 2 1 0
13 22 4 4 1 1 0
13 25 4 4 1 1 0
13 28 4 3 1 1 0
13 31 4 4 1 1 0
13 32 4 2 8 1 0
14 10 4 4 1 1 0
15 12 4 2 8 1 0
15 32 4 2 8 1 0
16 26 4 1 3 1 0
17 11 4 1 4 1 0
17 15 4 1 4 1 0
17 19 4 1 4 1 0
17 23 4 8 2 1 0
17 25 4 2 3 1 0
17 28 4 1 2 1 0
17 30 4 2 8 1 0
17 38 4 2 8 1 0
18 9 4 1 4 1 0
18 13 4 1 4 1 0
18 17 4 1 4 1 0
18 21 4 1 2 1 0
18 28 4 8 2 1 0
19 10 4 2 1 1 0
19 12 4 1 4 1 0
19 16 4 1 4 1 0
19 20 4 1 3 1 0
19 25 4 4 1 1 0
19 26 4 8 2 1 0
19 30 4 1 1 1 0
19 31 4 4 1 1 0
19 32 4 2 8 1 0
20 12 4 2 8 1 0
20 20 4 2 3 1 0
20 30 4 4 1 1 0
21 32 4 2 8 1 0
22 13 4 1 4 1 0
22 17 4 1 4 1 0
22 21 4 1 2 1 0
23 14 4 1 4 1 0
23 18 4 1 1 1 0
23 19 4 2 4 1 0
23 25 4 4 1 1 0
23 31 4 1 4 1 0
23 35 4 1 4 1 0
24 15 4 1 4 1 0
24 30 4 2 4 1 0
24 34 4 1 3 1 0
25 18 4 1 4 1 0
25 22 4 1 3 1 0
26 21 4 1 4 1 0
8 20 5 1 3 1 0
8 27 5 8 2 1 0
9 19 5 8 2 1 0
9 21 5 8 2 1 0
9 23 5 8 2 1 0
9 25 5 8 2 1 0
9 29 5 4 1 1 0
9 30 5 2 4 1 0
10 15 5 1 4 1 0
10 34 5 1 3 1 0
11 13 5 1 4 1 0
11 17 5 8 2 1 0
11 30 5 4 1 1 0
11 31 5 1 4 1 0
11 35 5 1 4 1 0
12 10 5 4 1 1 0
12 12 5 8 2 1 0
12 14 5 8 2 1 0
12 16 5 4 1 1 0
12 31 5 3 2 1 0
12 33 5 2 8 1 0
13 11 5 4 1 1 0
13 29 5 4 1 1 0
14 9 5 4 1 1 0
14 33 5 1 3 1 0
14 36 5 1 4 1 0
15 30 5 2 2 1 0
15 32 5 2 8 1 0
16 10 5 2 1 1 0
16 16 5 4 1 1 0
16 27 5 3 2 1 0
17 11 5 1 1 1 0
17 19 5 2 8 1 0
17 29 5 2 1 1 0
17 30 5 2 8 1 0
17 38 5 2 8 1 0
18 9 5 2 3 1 0
19 17 5 3 1 1 0
19 18 5 1 4 1 0
19 22 5 1 1 1 0
19 23 5 8 2 1 0
19 25 5 4 1 1 0
19 26 5 1 3 1 0
19 29 5 4 1 1 0
19 30 5 8 2 1 0
19 32 5 1 4 1 0
19 36 5 1 4 1 0
20 9 5 2 8 1 0
20 18 5 1 2 1 0
20 20 5 8 2 1 0
20 22 5 4 1 1 0
20 26 5 8 2 1 0
20 28 5 4 1 1 0
20 32 5 2 8 1 0
21 18 5 4 2 1 0
22 10 5 1 4 1 0
22 14 5 1 4 1 0
22 32 5 3 1 1 0
22 33 5 2 8 1 0
23 12 5 1 4 1 0
23 16 5 1 2 1 0
23 25 5 4 1 1 0
23 29 5 4 1 1 0
24 14 5 1 4 1 0
24 22 5 4 1 1 0
24 28 5 4 1 1 0
24 33 5 1 2 1 0
24 35 5 1 4 1 0
25 16 5 1 4 1 0
25 32 5 1 4 1 0
8 20 6 1 2 1 0
8 27 6 8 2 1 0
8 29 6 4 1 1 0
9 17 6 1 4 1 0
9 21 6 4 1 1 0
9 22 6 8 2 1 0
9 24 6 8 2 1 0
9 26 6 4 1 1 0
9 30 6 8 2 1 0
9 32 6 1 4 1 0
10 14 6 1 4 1 0
10 18 6 8 2 1 0
10 20 6 4 1 1 0
10 32 6 4 1 1 0
10 33 6 1 1 1 0
10 34 6 1 4 1 0
11 10 6 2 8 1 0
11 33 6 2 8 1 0
12 29 6 4 1 1 0
13 9 6 2 8 1 0
13 17 6 2 1 1 0
13 21 6 1 1 1 0
13 26 6 4 1 1 0
13 33 6 2 8 1 0
14 20 6 4 2 1 0
14 32 6 4 1 1 0
15 8 6 2 8 1 0
15 16 6 4 2 1 0
15 33 6 2 8 1 0
16 27 6 1 3 1 0
17 8 6 2 8 1 0
17 22 6 2 8 1 0
17 30 6 8 2 1 0
17 33 6 2 1 1 0
17 34 6 2 4 1 0
17 38 6 2 8 1 0
18 18 6 1 4 1 0
18 32 6 2 1 1 0
19 8 6 2 8 1 0
19 16 6 2 8 1 0
19 24 6 2 1 1 0
19 25 6 4 2 1 0
19 27 6 1 2 1 0
19 29 6 4 1 1 0
19 33 6 1 4 1 0
19 37 6 1 4 1 0
20 27 6 8 2 1 0
20 32 6 4 1 1 0
20 33 6 2 8 1 0
21 9 6 2 8 1 0
21 17 6 2 8 1 0
22 33 6 2 8 1 0
23 10 6 2 8 1 0
23 18 6 2 8 1 0
23 26 6 4 1 1 0
23 29 6 4 1 1 0
24 32 6 1 4 1 0
24 36 6 1 4 1 0
25 14 6 1 4 1 0
25 18 6 2 8 1 0
25 30 6 2 4 1 0
25 34 6 1 4 1 0
27 20 6 1 2 1 0
8 20 7 4 1 1 0
8 24 7 8 2 1 0
8 26 7 8 2 1 0
8 28 7 8 2 1 0
8 30 7 4 1 1 0
8 31 7 8 2 1 0
9 16 7 8 2 1 0
9 18 7 8 2 1 0
9 21 7 8 2 1 0
9 23 7 4 1 1 0
9 33 7 4 1 1 0
9 34 7 1 4 1 0
10 11 7 4 1 1 0
10 13 7 4 2 1 0
10 15 7 4 1 1 0
10 34 7 1 3 1 0
10 37 7 1 4 1 0
11 10 7 1 1 1 0
11 12 7 4 1 1 0
11 34 7 2 8 1 0
12 9 7 2 2 1 0
12 20 7 4 1 1 0
12 30 7 4 1 1 0
13 23 7 4 1 1 0
13 33 7 4 1 1 0
13 34 7 2 8 1 0
14 8 7 1 4 1 0
14 13 7 1 3 1 0
15 7 7 2 8 1 0
15 15 7 4 1 1 0
15 34 7 2 8 1 0
16 20 7 1 1 1 0
16 24 7 2 8 1 0
16 32 7 2 1 1 0
17 7 7 2 8 1 0
17 16 7 2 8 1 0
17 33 7 1 1 1 0
17 34 7 1 4 1 0
17 38 7 2 8 1 0
18 24 7 1 4 1 0
18 28 7 2 2 1 0
18 30 7 2 8 1 0
19 7 7 2 8 1 0
19 15 7 2 1 1 0
19 16 7 8 2 1 0
19 18 7 8 2 1 0
19 20 7 1 1 1 0
19 21 7 8 2 1 0
19 23 7 8 2 1 0
19 25 7 8 2 1 0
19 27 7 4 1 1 0
19 38 7 1 4 1 0
20 20 7 4 1 1 0
20 28 7 8 2 1 0
20 30 7 8 2 1 0
20 32 7 3 1 1 0
20 33 7 4 1 1 0
20 34 7 2 8 1 0
21 8 7 1 4 1 0
21 12 7 4 1 1 0
21 13 7 1 3 1 0
22 9 7 2 2 1 0
22 11 7 4 1 1 0
22 13 7 4 2 1 0
22 15 7 4 1 1 0
22 34 7 2 8 1 0
23 27 7 4 1 1 0
23 32 7 4 1 1 0
24 10 7 1 1 1 0
24 20 7 4 1 1 0
24 33 7 2 8 1 0
26 33 7 1 4 1 0
7 20 8 4 1 1 0
7 28 8 4 1 1 0
8 17 8 8 2 1 0
8 19 8 4 1 1 0
8 21 8 8 2 1 0
8 23 8 8 2 1 0
8 25 8 8 2 1 0
8 27 8 4 1 1 0
8 29 8 4 1 1 0
8 30 8 2 8 1 0
9 11 8 4 1 1 0
9 13 8 8 2 1 0
9 15 8 8 2 1 0
9 38 8 1 4 1 0
10 10 8 1 1 1 0
10 12 8 4 1 1 0
10 30 8 8 2 1 0
10 32 8 8 2 1 0
10 34 8 8 2 1 0
10 36 8 2 8 1 0
11 9 8 1 2 1 0
11 20 8 1 1 1 0
11 28 8 1 1 1 0
12 4 8 1 3 1 0
12 8 8 8 2 1 0
12 10 8 4 1 1 0
12 19 8 4 2 1 0
12 27 8 8 2 1 0
12 29 8 4 1 1 0
12 36 8 4 1 1 0
12 37 8 2 8 1 0
13 3 8 1 4 1 0
13 11 8 4 1 1 0
14 4 8 1 4 1 0
14 12 8 3 1 1 0
14 37 8 2 8 1 0
15 6 8 4 2 1 0
16 10 8 2 1 1 0
16 17 8 1 2 1 0
16 19 8 2 8 1 0
16 29 8 4 1 1 0
16 36 8 2 1 1 0
16 37 8 2 8 1 0
16 47 8 2 4 1 0
17 11 8 1 4 1 0
17 15 8 1 4 1 0
18 10 8 2 8 1 0
18 18 8 1 3 1 0
18 21 8 3 1 1 0
18 22 8 1 1 1 0
18 23 8 1 4 1 0
18 30 8 2 4 1 0
18 34 8 2 3 1 0
18 37 8 2 8 1 0
18 47 8 2 4 1 0
19 6 8 2 2 1 0
19 18 8 8 2 1 0
19 20 8 1 1 1 0
19 22 8 2 4 1 0
19 26 8 2 1 1 0
20 8 8 2 8 1 0
20 16 8 4 1 1 0
20 17 8 1 1 1 0
20 20 8 4 1 1 0
20 27 8 1 3 1 0
20 30 8 8 2 1 0
20 32 8 8 2 1 0
20 34 8 8 2 1 0
20 36 8 4 1 1 0
20 37 8 2 8 1 0
21 4 8 1 4 1 0
21 17 8 4 1 1 0
21 21 8 2 8 1 0
21 29 8 2 1 1 0
22 3 8 1 4 1 0
22 8 8 2 8 1 0
22 37 8 2 8 1 0
23 4 8 1 3 1 0
23 21 8 4 1 1 0
23 22 8 1 4 1 0
23 26 8 1 4 1 0
24 9 8 1 4 1 0
24 13 8 1 4 1 0
24 20 8 4 1 1 0
24 22 8 2 8 1 0
24 36 8 2 8 1 0
25 10 8 1 4 1 0
25 14 8 2 4 1 0
26 22 8 2 8 1 0
26 36 8 1 2 1 0
26 38 8 1 4 1 0
7 20 9 8 2 1 0
7 27 9 8 2 1 0
8 16 9 8 2 1 0
8 18 9 8 2 1 0
8 22 9 8 2 1 0
8 24 9 8 2 1 0
8 26 9 4 1 1 0
8 29 9 4 1 1 0
8 30 9 2 8 1 0
9 11 9 1 4 1 0
9 15 9 4 1 1 0
9 38 9 1 4 1 0
10 9 9 1 4 1 0
10 13 9 8 2 1 0
10 30 9 8 2 1 0
10 32 9 8 2 1 0
10 34 9 8 2 1 0
10 36 9 2 8 1 0
11 4 9 1 2 1 0
11 8 9 8 2 1 0
11 10 9 8 2 1 0
11 12 9 4 1 1 0
12 3 9 2 4 1 0
12 26 9 4 1 1 0
12 29 9 3 1 1 0
12 36 9 4 1 1 0
12 37 9 2 8 1 0
13 7 9 1 1 1 0
13 15 9 4 1 1 0
14 4 9 1 4 1 0
14 37 9 2 8 1 0
15 5 9 4 2 1 0
15 7 9 4 1 1 0
15 12 9 3 1 1 0
15 20 9 1 2 1 0
15 27 9 1 3 1 0
15 47 9 2 4 1 0
16 16 9 1 4 1 0
16 20 9 4 2 1 0
16 22 9 2 8 1 0
16 36 9 2 1 1 0
16 37 9 8 2 1 0
16 39 9 8 2 1 0
16 41 9 8 2 1 0
16 43 9 8 2 1 0
16 45 9 4 2 1 0
17 15 9 1 4 1 0
17 19 9 1 1 1 0
17 47 9 4 2 1 0
17 49 9 4 2 1 0
18 12 9 8 2 1 0
18 14 9 1 4 1 0
18 18 9 1 2 1 0
18 22 9 2 8 1 0
18 30 9 2 4 1 0
18 34 9 2 3 1 0
19 5 9 2 3 1 0
19 8 9 1 4 1 0
19 14 9 8 2 1 0
19 16 9 1 1 1 0
19 17 9 8 2 1 0
19 19 9 1 1 1 0
20 8 9 4 2 1 0
20 10 9 4 1 1 0
20 11 9 3 1 1 0
20 16 9 4 1 1 0
20 19 9 8 2 1 0
20 21 9 4 1 1 0
20 22 9 8 2 1 0
20 24 9 8 2 1 0
20 26 9 4 1 1 0
20 27 9 1 2 1 0
20 29 9 8 2 1 0
20 31 9 8 2 1 0
20 33 9 4 1 1 0
20 34 9 8 2 1 0
20 36 9 4 1 1 0
21 4 9 1 4 1 0
21 27 9 8 2 1 0
22 3 9 2 4 1 0
22 7 9 1 1 1 0
23 11 9 4 1 1 0
24 4 9 1 2 1 0
24 9 9 1 2 1 0
24 16 9 4 1 1 0
24 21 9 4 1 1 0
24 26 9 4 1 1 0
24 33 9 4 1 1 0
24 36 9 2 8 1 0
25 10 9 1 1 1 0
26 36 9 1 2 1 0
26 38 9 1 4 1 0
28 20 9 1 2 1 0
7 20 10 1 2 1 0
7 27 10 8 2 1 0
8 11 10 4 1 1 0
8 15 10 2 8 1 0
8 23 10 8 2 1 0
8 25 10 8 2 1 0
8 29 10 4 1 1 0
8 30 10 2 8 1 0
9 10 10 1 1 1 0
9 12 10 4 2 1 0
9 14 10 4 1 1 0
9 38 10 1 4 1 0
10 9 10 1 2 1 0
10 15 10 2 8 1 0
10 30 10 8 2 1 0
10 32 10 8 2 1 0
10 34 10 8 2 1 0
10 36 10 2 8 1 0
11 3 10 2 4 1 0
11 8 10 2 3 1 0
12 7 10 2 1 1 0
12 11 10 1 1 1 0
12 15 10 2 8 1 0
12 29 10 3 1 1 0
12 36 10 4 1 1 0
12 37 10 2 8 1 0
13 3 10 1 4 1 0
13 8 10 1 4 1 0
13 12 10 2 3 1 0
14 4 10 2 8 1 0
14 15 10 2 8 1 0
14 37 10 1 4 1 0
14 41 10 1 4 1 0
14 47 10 1 3 1 0
14 50 10 3 1 1 0
15 12 10 1 3 1 0
15 27 10 1 3 1 0
15 37 10 2 3 1 0
15 40 10 2 8 1 0
15 48 10 1 2 1 0
16 5 10 2 8 1 0
16 13 10 2 1 1 0
16 14 10 2 8 1 0
16 22 10 2 8 1 0
16 36 10 1 1 1 0
17 36 10 1 3 1 0
17 39 10 2 8 1 0
18 5 10 2 8 1 0
18 13 10 4 1 1 0
18 14 10 1 1 1 0
18 15 10 1 4 1 0
18 19 10 1 4 1 0
18 23 10 2 8 1 0
18 31 10 2 8 1 0
19 14 10 4 1 1 0
19 15 10 2 8 1 0
19 39 10 1 1 1 0
19 40 10 1 4 1 0
19 44 10 1 4 1 0
19 50 10 3 1 1 0
20 4 10 2 8 1 0
20 12 10 1 1 1 0
20 23 10 8 2 1 0
20 25 10 8 2 1 0
20 27 10 1 2 1 0
20 29 10 8 2 1 0
20 31 10 8 2 1 0
20 33 10 4 1 1 0
20 34 10 8 2 1 0
20 36 10 4 1 1 0
20 37 10 1 2 1 0
20 39 10 1 4 1 0
20 43 10 1 4 1 0
20 47 10 2 3 1 0
21 12 10 4 1 1 0
21 15 10 1 4 1 0
21 19 10 1 4 1 0
21 27 10 8 2 1 0
21 37 10 1 4 1 0
21 41 10 1 4 1 0
22 3 10 2 8 1 0
22 11 10 2 1 1 0
22 13 10 4 1 1 0
22 15 10 2 8 1 0
22 37 10 2 8 1 0
23 14 10 4 1 1 0
24 3 10 1 4 1 0
24 8 10 1 4 1 0
24 15 10 2 8 1 0
24 33 10 4 1 1 0
24 36 10 2 8 1 0
25 9 10 1 4 1 0
26 10 10 1 4 1 0
26 15 10 2 8 1 0
26 36 10 1 2 1 0
26 38 10 1 4 1 0
28 20 10 1 2 1 0
7 20 11 1 4 1 0
7 25 11 8 2 1 0
7 27 11 4 1 1 0
7 28 11 8 2 1 0
8 11 11 1 2 1 0
8 14 11 2 8 1 0
8 22 11 4 1 1 0
8 23 11 8 2 1 0
8 30 11 2 8 1 0
9 10 11 1 4 1 0
9 38 11 1 4 1 0
10 9 11 2 8 1 0
10 17 11 8 2 1 0
10 19 11 8 2 1 0
10 21 11 4 1 1 0
10 30 11 4 2 1 0
10 32 11 4 2 1 0
10 34 11 4 2 1 0
10 36 11 2 8 1 0
11 4 11 1 4 1 0
11 8 11 1 1 1 0
11 27 11 4 1 1 0
12 3 11 2 8 1 0
12 11 11 2 2 1 0
12 13 11 4 2 1 0
12 15 11 4 2 1 0
12 22 11 4 1 1 0
12 36 11 4 1 1 0
12 37 11 2 8 1 0
14 4 11 1 4 1 0
14 8 11 1 4 1 0
14 12 11 3 1 1 0
14 21 11 4 1 1 0
14 30 11 1 4 1 0
14 34 11 1 2 1 0
14 37 11 1 4 1 0
14 41 11 1 4 1 0
14 47 11 2 4 1 0
15 4 11 2 8 1 0
15 25 11 1 4 1 0
15 29 11 1 4 1 0
15 33 11 1 3 1 0
15 37 11 1 2 1 0
15 39 11 2 8 1 0
16 13 11 1 1 1 0
16 14 11 2 3 1 0
16 22 11 3 1 1 0
16 23 11 2 8 1 0
16 31 11 2 8 1 0
17 6 11 2 8 1 0
17 39 11 2 8 1 0
18 14 11 2 8 1 0
18 23 11 1 4 1 0
18 27 11 1 4 1 0
18 31 11 1 4 1 0
18 35 11 1 2 1 0
18 37 11 3 2 1 0
19 4 11 2 8 1 0
19 12 11 2 1 1 0
19 13 11 3 1 1 0
19 22 11 2 8 1 0
19 30 11 1 4 1 0
19 34 11 1 3 1 0
19 39 11 1 1 1 0
19 40 11 1 4 1 0
19 44 11 1 4 1 0
20 14 11 8 2 1 0
20 16 11 8 2 1 0
20 18 11 8 2 1 0
20 20 11 1 2 1 0
20 30 11 8 2 1 0
20 32 11 8 2 1 0
20 34 11 4 1 1 0
20 35 11 8 2 1 0
20 39 11 1 4 1 0
20 43 11 1 4 1 0
20 47 11 2 4 1 0
21 4 11 1 4 1 0
21 8 11 1 4 1 0
21 12 11 4 1 1 0
21 20 11 8 2 1 0
21 22 11 8 2 1 0
21 24 11 3 1 1 0
21 25 11 8 2 1 0
21 27 11 4 1 1 0
21 28 11 8 2 1 0
21 37 11 1 4 1 0
21 41 11 1 4 1 0
22 3 11 1 4 1 0
22 7 11 1 4 1 0
22 11 11 1 1 1 0
22 13 11 4 1 1 0
22 37 11 2 8 1 0
23 4 11 2 8 1 0
24 24 11 4 1 1 0
24 34 11 4 1 1 0
24 37 11 1 3 1 0
24 40 11 2 4 1 0
25 9 11 1 4 1 0
25 27 11 4 1 1 0
25 37 11 2 1 1 0
26 10 11 1 4 1 0
26 38 11 1 4 1 0
27 11 11 1 2 1 0
7 19 12 2 8 1 0
7 27 12 8 2 1 0
7 29 12 8 2 1 0
8 11 12 1 4 1 0
8 15 12 8 2 1 0
8 17 12 8 2 1 0
8 31 12 4 1 1 0
8 32 12 2 4 1 0
9 10 12 1 4 1 0
9 14 12 4 1 1 0
9 19 12 1 2 1 0
9 21 12 1 4 1 0
9 25 12 1 2 1 0
10 6 12 2 8 1 0
10 19 12 2 8 1 0
10 32 12 1 4 1 0
10 36 12 1 4 1 0
11 32 12 1 2 1 0
11 34 12 1 4 1 0
11 38 12 1 4 1 0
12 5 12 2 8 1 0
12 13 12 4 1 1 0
12 19 12 2 8 1 0
12 31 12 2 4 1 0
12 35 12 2 8 1 0
13 14 12 3 1 1 0
14 4 12 2 8 1 0
14 12 12 3 1 1 0
14 19 12 2 8 1 0
14 31 12 2 4 1 0
14 35 12 2 8 1 0
14 47 12 2 4 1 0
15 27 12 1 4 1 0
15 44 12 4 2 1 0
15 46 12 4 1 1 0
16 4 12 1 4 1 0
16 8 12 1 4 1 0
16 13 12 1 1 1 0
16 14 12 2 8 1 0
16 22 12 3 1 1 0
16 23 12 2 8 1 0
16 31 12 2 4 1 0
16 35 12 3 1 1 0
16 36 12 2 8 1 0
17 6 12 1 4 1 0
17 10 12 1 4 1 0
18 4 12 2 8 1 0
18 12 12 4 1 1 0
18 13 12 2 1 1 0
18 14 12 2 8 1 0
18 23 12 1 4 1 0
18 27 12 1 4 1 0
18 31 12 1 4 1 0
18 36 12 2 8 1 0
19 22 12 2 8 1 0
19 30 12 2 4 1 0
19 34 12 1 2 1 0
19 44 12 1 4 1 0
20 4 12 2 8 1 0
20 13 12 4 1 1 0
20 14 12 3 1 1 0
20 15 12 8 2 1 0
20 17 12 8 2 1 0
20 19 12 1 3 1 0
20 34 12 1 1 1 0
20 35 12 2 8 1 0
20 44 12 1 3 1 0
20 47 12 2 4 1 0
21 19 12 2 8 1 0
21 27 12 8 2 1 0
21 29 12 8 2 1 0
21 31 12 2 4 1 0
22 5 12 2 8 1 0
22 35 12 2 8 1 0
23 14 12 4 1 1 0
23 19 12 2 8 1 0
23 31 12 1 4 1 0
24 6 12 1 4 1 0
24 10 12 1 4 1 0
24 31 12 4 1 1 0
24 32 12 1 1 1 0
24 33 12 1 4 1 0
24 37 12 1 4 1 0
25 7 12 1 4 1 0
25 11 12 1 3 1 0
25 19 12 2 8 1 0
25 32 12 1 2 1 0
25 34 12 1 4 1 0
26 10 12 1 4 1 0
26 32 12 2 4 1 0
27 11 12 1 4 1 0
27 19 12 2 8 1 0
7 19 13 8 2 1 0
7 21 13 4 1 1 0
7 28 13 8 2 1 0
7 30 13 4 1 1 0
8 11 13 1 4 1 0
8 15 13 8 2 1 0
8 17 13 8 2 1 0
8 22 13 8 2 1 0
8 24 13 8 2 1 0
8 26 13 8 2 1 0
8 31 13 8 2 1 0
8 33 13 4 1 1 0
8 34 13 4 2 1 0
9 10 13 1 4 1 0
9 14 13 4 1 1 0
10 6 13 2 8 1 0
10 36 13 1 4 1 0
11 21 13 4 1 1 0
11 30 13 4 1 1 0
11 36 13 1 2 1 0
11 38 13 1 4 1 0
12 5 13 1 4 1 0
12 9 13 1 4 1 0
12 13 13 1 1 1 0
12 33 13 8 2 1 0
12 35 13 2 8 1 0
13 6 13 2 8 1 0
13 14 13 3 1 1 0
14 4 13 4 1 1 0
14 35 13 1 3 1 0
14 38 13 1 4 1 0
14 47 13 1 4 1 0
15 5 13 2 8 1 0
15 13 13 4 1 1 0
15 19 13 1 3 1 0
15 28 13 1 3 1 0
15 35 13 2 4 1 0
15 39 13 1 4 1 0
15 45 13 2 2 1 0
15 47 13 2 4 1 0
16 14 13 2 8 1 0
16 22 13 3 1 1 0
16 23 13 2 8 1 0
16 31 13 4 2 1 0
16 39 13 8 2 1 0
16 41 13 8 2 1 0
16 43 13 4 2 1 0
17 5 13 4 2 1 0
17 7 13 4 2 1 0
17 9 13 1 4 1 0
17 35 13 3 1 1 0
17 36 13 8 2 1 0
17 38 13 3 1 1 0
17 45 13 4 2 1 0
17 47 13 2 1 1 0
18 4 13 4 1 1 0
18 9 13 8 2 1 0
18 11 13 8 2 1 0
18 14 13 2 8 1 0
18 23 13 1 4 1 0
18 27 13 1 4 1 0
19 13 13 1 1 1 0
19 22 13 8 2 1 0
19 24 13 8 2 1 0
19 26 13 8 2 1 0
19 28 13 2 3 1 0
19 47 13 3 2 1 0
19 49 13 2 1 1 0
19 50 13 3 1 1 0
20 13 13 2 2 1 0
20 15 13 8 2 1 0
20 17 13 8 2 1 0
20 19 13 1 3 1 0
20 31 13 8 2 1 0
20 33 13 4 1 1 0
20 34 13 8 2 1 0
20 38 13 4 1 1 0
21 6 13 2 3 1 0
21 19 13 8 2 1 0
21 21 13 4 1 1 0
21 28 13 8 2 1 0
21 30 13 4 1 1 0
22 13 13 4 1 1 0
22 14 13 1 1 1 0
23 5 13 1 4 1 0
23 14 13 4 1 1 0
24 6 13 2 2 1 0
24 8 13 1 1 1 0
24 33 13 4 1 1 0
24 38 13 1 4 1 0
25 21 13 4 1 1 0
25 30 13 4 1 1 0
25 37 13 1 2 1 0
26 10 13 1 4 1 0
27 11 13 1 4 1 0
7 12 14 4 1 1 0
7 18 14 8 2 1 0
7 20 14 3 1 1 0
7 29 14 4 2 1 0
8 10 14 1 2 1 0
8 13 14 8 2 1 0
8 15 14 8 2 1 0
8 17 14 4 1 1 0
8 31 14 2 3 1 0
8 34 14 8 2 1 0
9 9 14 8 2 1 0
9 11 14 4 1 1 0
9 36 14 1 4 1 0
10 6 14 8 2 1 0
10 8 14 4 1 1 0
10 31 14 1 3 1 0
10 36 14 1 3 1 0
10 39 14 1 4 1 0
11 12 14 4 1 1 0
11 28 14 1 4 1 0
11 32 14 1 2 1 0
11 36 14 2 8 1 0
12 17 14 4 1 1 0
12 32 14 8 2 1 0
13 3 14 2 1 1 0
13 11 14 3 1 1 0
13 20 14 1 4 1 0
13 30 14 1 1 1 0
13 36 14 2 8 1 0
14 4 14 4 1 1 0
14 8 14 4 1 1 0
14 20 14 1 3 1 0
15 12 14 1 1 1 0
15 18 14 1 2 1 0
15 20 14 1 4 1 0
15 36 14 2 8 1 0
15 47 14 2 4 1 0
16 5 14 4 1 1 0
16 11 14 8 2 1 0
16 13 14 3 2 1 0
16 15 14 1 4 1 0
16 19 14 1 4 1 0
16 34 14 4 2 1 0
16 45 14 4 2 1 0
17 9 14 2 2 1 0
17 15 14 2 8 1 0
17 36 14 2 1 1 0
17 37 14 2 8 1 0
17 47 14 2 4 1 0
18 4 14 4 1 1 0
18 6 14 8 2 1 0
18 8 14 3 1 1 0
19 9 14 8 2 1 0
19 13 14 1 1 1 0
19 14 14 1 4 1 0
19 18 14 1 4 1 0
19 36 14 2 8 1 0
19 47 14 2 4 1 0
20 13 14 8 2 1 0
20 15 14 8 2 1 0
20 17 14 4 1 1 0
20 18 14 1 2 1 0
20 20 14 1 4 1 0
20 32 14 4 2 1 0
20 34 14 8 2 1 0
21 3 14 2 1 1 0
21 8 14 4 1 1 0
21 18 14 8 2 1 0
21 20 14 1 3 1 0
21 36 14 2 8 1 0
22 20 14 1 4 1 0
22 30 14 1 1 1 0
23 36 14 2 8 1 0
24 11 14 4 1 1 0
24 12 14 1 1 1 0
24 17 14 4 1 1 0
24 28 14 1 4 1 0
24 32 14 1 2 1 0
25 12 14 4 1 1 0
25 29 14 4 2 1 0
25 31 14 1 3 1 0
25 36 14 1 3 1 0
25 39 14 1 4 1 0
26 20 14 3 1 1 0
26 31 14 2 3 1 0
26 36 14 1 4 1 0
7 12 15 4 1 1 0
7 18 15 4 2 1 0
7 20 15 3 1 1 0
7 29 15 3 2 1 0
7 31 15 4 1 1 0
8 10 15 1 2 1 0
8 13 15 8 2 1 0
8 15 15 4 2 1 0
8 17 15 4 1 1 0
8 32 15 3 2 1 0
8 34 15 2 4 1 0
9 7 15 4 1 1 0
9 9 15 8 2 1 0
9 11 15 4 1 1 0
9 38 15 1 4 1 0
10 6 15 4 1 1 0
10 8 15 4 1 1 0
10 30 15 1 1 1 0
10 34 15 1 2 1 0
10 36 15 2 8 1 0
11 12 15 2 1 1 0
11 18 15 2 2 1 0
11 29 15 1 4 1 0
11 33 15 1 3 1 0
12 15 15 3 1 1 0
12 16 15 3 2 1 0
12 28 15 1 2 1 0
12 32 15 1 4 1 0
12 36 15 4 1 1 0
12 37 15 2 8 1 0
13 7 15 1 1 1 0
13 11 15 8 2 1 0
13 18 15 1 1 1 0
13 19 15 1 4 1 0
13 30 15 1 4 1 0
13 34 15 1 2 1 0
14 4 15 4 1 1 0
14 6 15 2 3 1 0
14 18 15 1 4 1 0
14 32 15 4 2 1 0
14 34 15 4 2 1 0
14 37 15 2 8 1 0
15 15 15 2 8 1 0
16 3 15 1 1 1 0
16 5 15 2 4 1 0
16 13 15 4 2 1 0
16 36 15 2 4 1 0
16 40 15 4 1 1 0
16 41 15 8 2 1 0
16 43 15 8 2 1 0
16 47 15 4 2 1 0
16 49 15 4 2 1 0
17 2 15 2 2 1 0
17 9 15 2 2 1 0
17 15 15 2 8 1 0
17 45 15 2 2 1 0
18 4 15 4 1 1 0
18 5 15 2 1 1 0
18 6 15 8 2 1 0
18 8 15 4 1 1 0
18 32 15 2 8 1 0
19 3 15 1 1 1 0
19 9 15 8 2 1 0
19 15 15 2 8 1 0
20 13 15 8 2 1 0
20 32 15 1 4 1 0
20 36 15 2 4 1 0
20 40 15 4 1 1 0
21 11 15 3 2 1 0
21 15 15 2 3 1 0
21 18 15 1 4 1 0
21 31 15 1 4 1 0
21 35 15 1 1 1 0
22 8 15 4 1 1 0
22 18 15 1 1 1 0
22 19 15 1 4 1 0
22 30 15 1 1 1 0
22 32 15 2 8 1 0
23 15 15 1 1 1 0
23 16 15 1 4 1 0
23 28 15 1 2 1 0
24 11 15 4 1 1 0
24 12 15 1 1 1 0
24 15 15 4 2 1 0
24 17 15 4 1 1 0
24 18 15 1 2 1 0
24 29 15 1 4 1 0
24 33 15 1 3 1 0
24 36 15 2 8 1 0
25 12 15 4 1 1 0
25 18 15 4 2 1 0
25 30 15 1 4 1 0
25 34 15 4 2 1 0
26 20 15 3 1 1 0
26 29 15 2 4 1 0
26 33 15 3 1 1 0
26 36 15 1 2 1 0
26 38 15 1 4 1 0
28 29 15 1 4 1 0
7 12 16 1 2 1 0
7 18 16 4 2 1 0
7 29 16 2 4 1 0
7 33 16 1 2 1 0
8 10 16 1 4 1 0
8 14 16 1 4 1 0
8 33 16 1 1 1 0
8 34 16 2 4 1 0
9 7 16 4 1 1 0
9 9 16 2 8 1 0
9 17 16 2 1 1 0
9 29 16 2 1 1 0
9 30 16 1 4 1 0
9 38 16 1 4 1 0
10 6 16 3 1 1 0
10 8 16 3 1 1 0
10 31 16 1 4 1 0
10 35 16 1 1 1 0
10 36 16 2 8 1 0
11 9 16 2 3 1 0
11 12 16 2 8 1 0
11 28 16 2 8 1 0
12 36 16 4 1 1 0
12 37 16 2 8 1 0
13 5 16 2 8 1 0
13 13 16 1 1 1 0
13 14 16 1 4 1 0
13 18 16 1 4 1 0
13 28 16 1 4 1 0
13 32 16 1 4 1 0
14 13 16 1 4 1 0
14 17 16 1 4 1 0
14 29 16 1 4 1 0
14 33 16 1 3 1 0
14 37 16 1 4 1 0
14 41 16 1 4 1 0
15 3 16 1 4 1 0
15 7 16 1 4 1 0
15 11 16 1 3 1 0
15 14 16 2 8 1 0
15 30 16 1 4 1 0
15 34 16 1 2 1 0
15 37 16 2 8 1 0
16 2 16 1 4 1 0
16 6 16 1 4 1 0
16 10 16 2 4 1 0
16 22 16 4 1 1 0
16 32 16 2 4 1 0
16 36 16 1 1 1 0
17 1 16 2 8 1 0
17 9 16 2 1 1 0
17 14 16 2 8 1 0
17 36 16 1 4 1 0
17 40 16 2 8 1 0
18 10 16 2 4 1 0
18 32 16 2 8 1 0
19 2 16 1 4 1 0
19 6 16 1 4 1 0
19 14 16 2 8 1 0
19 40 16 1 1 1 0
19 41 16 1 4 1 0
20 3 16 1 4 1 0
20 7 16 1 4 1 0
20 11 16 1 3 1 0
20 30 16 1 4 1 0
20 34 16 1 2 1 0
20 36 16 4 1 1 0
20 37 16 2 8 1 0
21 5 16 2 8 1 0
21 13 16 1 4 1 0
21 17 16 1 4 1 0
21 28 16 2 8 1 0
22 13 16 1 1 1 0
22 14 16 1 4 1 0
22 18 16 1 4 1 0
22 37 16 2 8 1 0
23 6 16 1 4 1 0
23 10 16 3 2 1 0
23 12 16 1 4 1 0
23 16 16 1 4 1 0
23 28 16 2 8 1 0
24 6 16 2 4 1 0
24 12 16 1 1 1 0
24 13 16 2 4 1 0
24 17 16 4 1 1 0
24 18 16 1 2 1 0
24 36 16 2 8 1 0
25 12 16 4 1 1 0
25 18 16 4 2 1 0
25 31 16 1 3 1 0
25 34 16 4 2 1 0
26 9 16 1 3 1 0
26 13 16 2 4 1 0
26 29 16 2 4 1 0
26 33 16 3 1 1 0
26 36 16 1 2 1 0
26 38 16 1 4 1 0
27 10 16 1 2 1 0
28 29 16 1 4 1 0
7 12 17 1 2 1 0
7 16 17 2 4 1 0
7 20 17 3 1 1 0
7 29 17 3 1 1 0
7 34 17 1 2 1 0
8 9 17 1 4 1 0
8 13 17 1 1 1 0
8 14 17 4 2 1 0
8 30 17 2 8 1 0
9 7 17 1 4 1 0
9 11 17 1 3 1 0
9 16 17 1 3 1 0
9 19 17 4 1 1 0
9 38 17 1 4 1 0
10 6 17 2 8 1 0
10 16 17 4 1 1 0
10 40 17 1 4 1 0
11 28 17 4 2 1 0
11 30 17 4 1 1 0
11 31 17 4 2 1 0
11 42 17 1 2 1 0
12 7 17 2 8 1 0
12 15 17 2 1 1 0
12 43 17 4 2 1 0
13 5 17 4 1 1 0
13 19 17 1 2 1 0
13 33 17 2 2 1 0
13 35 17 2 8 1 0
14 4 17 1 1 1 0
14 6 17 2 8 1 0
14 14 17 2 1 1 0
14 15 17 4 2 1 0
15 2 17 1 3 1 0
15 19 17 4 2 1 0
15 32 17 4 2 1 0
15 34 17 4 2 1 0
15 36 17 4 1 1 0
15 37 17 8 2 1 0
15 39 17 1 4 1 0
16 1 17 1 4 1 0
16 6 17 1 4 1 0
16 10 17 4 2 1 0
16 12 17 2 3 1 0
16 21 17 3 1 1 0
16 39 17 4 2 1 0
16 41 17 1 4 1 0
16 46 17 1 2 1 0
17 0 17 2 8 1 0
17 8 17 2 2 1 0
17 22 17 2 1 1 0
17 41 17 2 8 1 0
18 12 17 2 1 1 0
18 13 17 1 4 1 0
19 1 17 1 4 1 0
19 5 17 4 1 1 0
19 6 17 1 4 1 0
19 13 17 2 8 1 0
19 32 17 1 4 1 0
19 36 17 4 1 1 0
19 41 17 1 4 1 0
19 46 17 1 2 1 0
20 2 17 1 3 1 0
20 6 17 2 4 1 0
20 10 17 2 3 1 0
20 30 17 1 4 1 0
20 34 17 1 2 1 0
20 39 17 1 4 1 0
20 43 17 4 2 1 0
21 4 17 1 1 1 0
21 13 17 1 2 1 0
21 15 17 3 2 1 0
21 17 17 1 2 1 0
21 28 17 2 8 1 0
21 39 17 2 4 1 0
22 7 17 2 8 1 0
22 17 17 1 4 1 0
23 19 17 4 1 1 0
23 27 17 1 4 1 0
23 31 17 1 1 1 0
23 32 17 2 1 1 0
24 6 17 1 4 1 0
24 10 17 1 1 1 0
24 11 17 2 3 1 0
24 14 17 4 2 1 0
24 16 17 4 1 1 0
24 28 17 1 4 1 0
24 42 17 1 2 1 0
25 7 17 1 4 1 0
25 40 17 1 4 1 0
26 8 17 1 4 1 0
26 12 17 1 1 1 0
26 13 17 2 1 1 0
26 17 17 1 2 1 0
26 20 17 1 1 1 0
26 29 17 3 1 1 0
26 30 17 2 4 1 0
26 34 17 1 4 1 0
26 38 17 1 4 1 0
27 9 17 1 4 1 0
27 17 17 2 4 1 0
27 34 17 2 2 1 0
27 36 17 1 1 1 0
28 12 17 1 2 1 0
7 12 18 1 2 1 0
7 15 18 1 4 1 0
7 20 18 2 2 1 0
8 9 18 1 4 1 0
8 13 18 1 1 1 0
8 14 18 8 2 1 0
9 8 18 1 4 1 0
9 12 18 2 2 1 0
9 16 18 4 1 1 0
9 17 18 1 4 1 0
9 21 18 1 1 1 0
10 7 18 1 4 1 0
10 11 18 1 1 1 0
11 6 18 1 4 1 0
11 10 18 1 1 1 0
11 11 18 2 3 1 0
11 28 18 1 2 1 0
12 4 18 2 2 1 0
12 7 18 1 4 1 0
12 28 18 1 4 1 0
13 6 18 1 4 1 0
13 10 18 2 4 1 0
13 16 18 4 1 1 0
13 28 18 2 2 1 0
13 30 18 1 1 1 0
13 33 18 8 2 1 0
13 35 18 2 8 1 0
13 45 18 1 3 1 0
14 3 18 1 4 1 0
14 7 18 2 3 1 0
14 31 18 1 1 1 0
14 43 18 1 3 1 0
14 46 18 1 4 1 0
15 2 18 1 4 1 0
15 6 18 1 1 1 0
15 10 18 2 4 1 0
15 35 18 2 8 1 0
15 43 18 2 8 1 0
16 0 18 2 8 1 0
16 8 18 1 2 1 0
16 14 18 1 2 1 0
16 21 18 3 1 1 0
17 8 18 2 1 1 0
17 9 18 2 8 1 0
17 20 18 2 1 1 0
17 22 18 2 1 1 0
17 35 18 2 8 1 0
17 43 18 2 8 1 0
18 0 18 1 4 1 0
18 4 18 1 4 1 0
19 1 18 1 4 1 0
19 5 18 1 1 1 0
19 6 18 2 8 1 0
19 14 18 1 1 1 0
19 15 18 1 4 1 0
19 35 18 2 8 1 0
19 43 18 2 8 1 0
20 2 18 1 4 1 0
20 14 18 2 4 1 0
21 4 18 3 2 1 0
21 6 18 2 8 1 0
21 28 18 4 2 1 0
21 31 18 2 1 1 0
21 33 18 2 2 1 0
21 35 18 2 8 1 0
21 44 18 1 2 1 0
21 46 18 1 4 1 0
22 14 18 1 1 1 0
22 15 18 1 4 1 0
22 30 18 2 1 1 0
22 46 18 1 2 1 0
23 7 18 1 4 1 0
23 11 18 3 2 1 0
23 13 18 1 4 1 0
24 6 18 1 4 1 0
24 10 18 1 1 1 0
24 13 18 4 1 1 0
24 14 18 4 2 1 0
24 16 18 3 1 1 0
25 7 18 1 4 1 0
26 8 18 1 4 1 0
26 12 18 1 1 1 0
26 17 18 1 3 1 0
26 20 18 3 2 1 0
27 9 18 1 4 1 0
27 16 18 2 4 1 0
28 12 18 1 2 1 0
7 13 19 3 1 1 0
7 15 19 3 2 1 0
7 17 19 3 1 1 0
7 20 19 1 2 1 0
8 11 19 3 2 1 0
8 14 19 2 1 1 0
8 21 19 1 1 1 0
9 7 19 2 4 1 0
9 18 19 1 4 1 0
10 16 19 4 1 1 0
11 7 19 1 1 1 0
11 8 19 2 3 1 0
12 4 19 2 4 1 0
12 29 19 2 1 1 0
12 30 19 1 1 1 0
13 8 19 4 2 1 0
13 33 19 8 2 1 0
13 35 19 2 8 1 0
13 44 19 2 2 1 0
13 46 19 1 4 1 0
14 3 19 1 4 1 0
14 7 19 2 1 1 0
14 16 19 4 1 1 0
14 43 19 4 1 1 0
14 46 19 1 1 1 0
14 47 19 1 4 1 0
15 2 19 1 4 1 0
15 6 19 1 1 1 0
15 35 19 2 2 1 0
15 37 19 2 4 1 0
15 41 19 8 2 1 0
15 44 19 2 8 1 0
16 1 19 1 4 1 0
16 5 19 1 3 1 0
16 13 19 4 2 1 0
16 21 19 3 1 1 0
17 0 19 2 8 1 0
17 8 19 2 4 1 0
17 15 19 2 1 1 0
17 20 19 2 1 1 0
17 22 19 2 1 1 0
17 35 19 4 2 1 0
17 37 19 4 2 1 0
17 39 19 4 2 1 0
17 44 19 2 8 1 0
18 43 19 4 1 1 0
19 1 19 1 4 1 0
19 5 19 1 1 1 0
19 6 19 2 4 1 0
19 16 19 1 2 1 0
19 44 19 2 8 1 0
20 2 19 1 4 1 0
21 5 19 1 4 1 0
21 9 19 2 1 1 0
21 33 19 2 8 1 0
21 44 19 2 1 1 0
21 45 19 1 2 1 0
21 47 19 1 4 1 0
22 4 19 2 4 1 0
22 8 19 1 1 1 0
22 16 19 1 2 1 0
22 29 19 2 1 1 0
22 45 19 1 4 1 0
23 8 19 2 3 1 0
23 16 19 4 1 1 0
23 30 19 1 1 1 0
24 7 19 1 1 1 0
25 7 19 2 4 1 0
25 11 19 2 2 1 0
26 13 19 1 3 1 0
26 17 19 1 3 1 0
26 20 19 3 2 1 0
27 12 19 1 4 1 0
27 16 19 2 4 1 0
7 17 20 3 1 1 0
7 20 20 3 1 1 0
8 6 20 4 2 1 0
8 8 20 4 1 1 0
8 12 20 1 4 1 0
8 16 20 1 1 1 0
9 11 20 1 4 1 0
9 15 20 1 1 1 0
9 18 20 1 2 1 0
10 9 20 1 4 1 0
11 9 20 1 2 1 0
11 46 20 1 1 1 0
12 6 20 2 1 1 0
12 7 20 2 4 1 0
13 44 20 2 2 1 0
13 46 20 1 4 1 0
14 5 20 1 4 1 0
14 9 20 1 1 1 0
14 33 20 2 8 1 0
14 41 20 4 1 1 0
14 42 20 4 2 1 0
14 46 20 1 1 1 0
14 47 20 1 4 1 0
15 2 20 2 8 1 0
15 44 20 2 8 1 0
16 13 20 1 2 1 0
16 21 20 3 1 1 0
16 33 20 2 8 1 0
17 1 20 2 8 1 0
17 9 20 2 1 1 0
17 11 20 2 2 1 0
17 14 20 2 2 1 0
17 20 20 2 1 1 0
17 22 20 2 1 1 0
17 44 20 1 4 1 0
17 48 20 1 4 1 0
18 33 20 2 8 1 0
18 41 20 4 2 1 0
18 43 20 2 1 1 0
18 44 20 2 8 1 0
19 2 20 2 8 1 0
19 13 20 1 2 1 0
20 33 20 2 8 1 0
20 43 20 2 8 1 0
21 5 20 1 4 1 0
21 9 20 1 1 1 0
22 6 20 1 3 1 0
22 9 20 4 2 1 0
22 44 20 1 2 1 0
22 46 20 1 4 1 0
23 6 20 4 2 1 0
23 8 20 4 1 1 0
24 11 20 3 1 1 0
24 46 20 1 1 1 0
25 12 20 3 1 1 0
26 13 20 2 4 1 0
26 17 20 1 4 1 0
27 7 20 1 2 1 0
27 17 20 2 4 1 0
7 17 21 3 2 1 0
7 20 21 3 1 1 0
8 7 21 1 2 1 0
9 6 21 4 2 1 0
9 8 21 1 1 1 0
9 19 21 1 1 1 0
10 8 21 2 3 1 0
10 46 21 2 2 1 0
12 8 21 1 2 1 0
13 5 21 3 2 1 0
13 7 21 1 4 1 0
13 44 21 2 2 1 0
13 46 21 1 4 1 0
14 7 21 3 1 1 0
14 8 21 3 2 1 0
14 33 21 8 2 1 0
14 35 21 1 4 1 0
14 39 21 2 2 1 0
14 41 21 4 1 1 0
14 42 21 4 2 1 0
14 46 21 1 1 1 0
14 47 21 1 4 1 0
15 35 21 1 2 1 0
15 37 21 4 2 1 0
15 44 21 2 8 1 0
16 3 21 1 4 1 0
16 11 21 4 2 1 0
16 13 21 1 2 1 0
16 21 21 3 1 1 0
17 2 21 2 8 1 0
17 14 21 2 2 1 0
17 20 21 2 1 1 0
17 22 21 2 1 1 0
17 36 21 2 1 1 0
17 44 21 1 4 1 0
17 48 21 1 4 1 0
18 41 21 2 3 1 0
18 44 21 2 8 1 0
19 3 21 1 4 1 0
19 7 21 1 2 1 0
19 9 21 3 1 1 0
19 13 21 1 2 1 0
20 5 21 2 4 1 0
20 35 21 2 8 1 0
20 43 21 2 8 1 0
22 6 21 1 4 1 0
22 10 21 4 1 1 0
22 44 21 1 2 1 0
22 46 21 1 4 1 0
23 6 21 4 2 1 0
23 8 21 4 1 1 0
23 9 21 2 1 1 0
24 46 21 2 2 1 0
26 17 21 2 4 1 0
27 7 21 1 2 1 0
28 17 21 1 4 1 0
10 6 22 2 3 1 0
10 46 22 3 2 1 0
12 6 22 1 4 1 0
13 5 22 2 4 1 0
13 9 22 3 1 1 0
13 44 22 2 2 1 0
13 46 22 1 4 1 0
14 43 22 4 1 1 0
14 46 22 1 1 1 0
14 47 22 1 4 1 0
15 5 22 1 4 1 0
15 42 22 2 1 1 0
15 44 22 2 8 1 0
16 6 22 1 4 1 0
16 21 22 3 1 1 0
16 37 22 1 2 1 0
17 5 22 2 4 1 0
17 9 22 2 1 1 0
17 11 22 2 2 1 0
17 20 22 2 1 1 0
17 22 22 2 1 1 0
17 36 22 2 3 1 0
17 42 22 4 1 1 0
17 44 22 2 8 1 0
18 43 22 4 1 1 0
19 7 22 1 3 1 0
19 44 22 2 8 1 0
20 5 22 2 4 1 0
20 9 22 4 1 1 0
21 44 22 2 2 1 0
21 46 22 1 1 1 0
21 47 22 1 4 1 0
22 6 22 4 2 1 0
22 8 22 3 1 1 0
22 46 22 1 4 1 0
23 46 22 3 2 1 0
10 46 23 3 2 1 0
13 8 23 3 2 1 0
13 45 23 1 4 1 0
14 5 23 1 1 1 0
14 43 23 2 8 1 0
15 42 23 2 1 1 0
16 7 23 1 3 1 0
16 37 23 3 2 1 0
16 43 23 1 1 1 0
16 44 23 2 8 1 0
17 5 23 2 4 1 0
17 9 23 1 1 1 0
17 20 23 2 3 1 0
17 36 23 2 1 1 0
17 42 23 4 2 1 0
18 9 23 4 1 1 0
18 44 23 2 8 1 0
19 7 23 1 1 1 0
19 8 23 4 1 1 0
20 44 23 2 2 1 0
20 46 23 1 1 1 0
20 47 23 1 4 1 0
21 5 23 1 1 1 0
21 46 23 1 4 1 0
22 45 23 1 4 1 0
23 46 23 3 2 1 0
11 46 24 1 1 1 0
14 44 24 3 1 1 0
14 45 24 1 4 1 0
15 9 24 4 1 1 0
15 45 24 1 1 1 0
15 46 24 1 4 1 0
16 8 24 4 1 1 0
16 37 24 1 2 1 0
16 42 24 3 1 1 0
16 43 24 4 1 1 0
16 45 24 1 2 1 0
16 47 24 1 4 1 0
17 5 24 2 2 1 0
17 20 24 2 3 1 0
17 36 24 2 3 1 0
17 44 24 2 8 1 0
19 9 24 2 1 1 0
19 44 24 2 2 1 0
19 46 24 1 1 1 0
19 47 24 1 4 1 0
20 46 24 1 4 1 0
21 45 24 1 4 1 0
24 46 24 1 1 1 0
15 45 25 1 4 1 0
16 37 25 3 2 1 0
16 44 25 1 2 1 0
16 47 25 1 1 1 0
16 48 25 4 2 1 0
17 20 25 2 3 1 0
17 36 25 2 1 1 0
17 44 25 2 1 1 0
19 44 25 1 4 1 0
20 45 25 1 4 1 0
16 36 26 1 3 1 0
17 20 26 2 3 1 0
17 36 26 1 4 1 0
18 36 26 2 4 1 0
15 36 27 1 4 1 0
16 35 27 4 2 1 0
16 37 27 4 2 1 0
16 39 27 4 2 1 0
17 20 27 2 3 1 0
20 36 27 1 4 1 0
16 37 28 2 2 1 0
17 20 28 2 3 1 0
17 36 28 1 1 1 0
18 36 28 1 4 1 0
19 39 28 1 2 1 0
16 37 29 3 1 1 0
17 20 29 2 3 1 0
17 36 29 2 1 1 0
17 38 29 2 1 1 0
17 20 30 2 3 1 0
17 36 30 2 3 1 0
17 20 31 2 3 1 0
17 36 31 2 3 1 0
17 20 32 2 3 1 0
17 36 32 2 3 1 0
16 37 33 4 2 1 0
17 20 33 2 3 1 0
17 36 33 2 1 1 0
16 36 34 2 3 1 0
17 20 34 2 3 1 0
18 36 34 1 4 1 0
16 36 35 2 3 1 0
17 20 35 2 3 1 0
18 36 35 1 4 1 0
19 37 35 1 2 1 0
16 36 36 1 3 1 0
17 20 36 2 3 1 0
17 36 36 2 4 1 0
19 36 36 1 3 1 0
16 36 37 4 1 1 0
16 37 37 1 1 1 0
16 38 37 4 2 1 0
17 20 37 2 3 1 0
17 35 37 2 1 1 0
17 37 37 4 1 1 0
17 20 38 2 3 1 0
17 37 38 1 2 1 0
18 37 38 1 3 1 0
16 21 39 3 1 1 0
17 20 39 2 1 1 0
17 22 39 2 1 1 0
17 37 39 2 2 1 0
16 20 40 4 2 1 0
17 22 40 2 1 1 0
17 37 40 2 2 1 0
16 20 41 4 2 1 0
17 22 41 2 1 1 0
17 37 41 2 2 1 0
15 20 42 1 3 1 0
16 19 42 2 4 1 0
16 23 42 4 1 1 0
17 37 42 2 2 1 0
18 19 42 2 4 1 0
20 20 42 1 3 1 0
15 19 43 2 4 1 0
15 23 43 4 1 1 0
17 18 43 2 4 1 0
17 22 43 2 1 1 0
17 24 43 2 1 1 0
17 37 43 2 2 1 0
19 19 43 2 4 1 0
19 23 43 1 1 1 0
15 19 44 1 4 1 0
15 23 44 4 1 1 0
16 18 44 2 4 1 0
16 22 44 4 1 1 0
17 24 44 2 1 1 0
17 37 44 2 2 1 0
18 18 44 2 4 1 0
19 23 44 2 1 1 0
20 19 44 1 4 1 0
15 20 45 1 3 1 0
16 19 45 4 2 1 0
16 21 45 4 1 1 0
16 22 45 4 2 1 0
17 37 45 2 2 1 0
16 37 46 4 1 1 0
16 38 46 3 1 1 0
17 21 46 2 1 1 0
17 36 46 2 1 1 0
16 36 47 4 1 1 0
16 37 47 4 2 1 0
17 21 47 2 1 1 0
16 36 48 1 3 1 0
17 21 48 2 1 1 0
17 36 48 2 4 1 0
19 36 48 1 3 1 0
16 36 49 1 3 1 0
17 21 49 2 1 1 0
17 36 49 2 4 1 0
19 36 49 1 3 1 0
17 37 50 2 2 1 0
17 37 51 2 2 1 0
17 37 52 2 2 1 0
17 37 53 2 2 1 0
17 37 54 2 1 1 0
