25 46 0 8 2 1 0
26 42 0 8 2 1 0
26 44 0 8 2 1 0
26 50 0 8 2 1 0
27 40 0 8 2 1 0
27 52 0 1 1 1 0
28 52 0 8 2 1 0
29 39 0 4 1 1 0
29 54 0 1 1 1 0
30 37 0 4 2 1 0
30 54 0 4 2 1 0
30 56 0 2 1 1 0
33 39 0 2 1 1 0
33 56 0 1 1 1 0
34 50 0 4 2 1 0
34 54 0 1 1 1 0
35 40 0 1 1 1 0
35 41 0 2 1 1 0
36 42 0 2 8 1 0
36 52 0 1 1 1 0
23 42 1 1 2 1 0
23 44 1 1 4 1 0
23 48 1 1 4 1 0
24 39 1 1 1 1 0
24 40 1 2 8 1 0
24 52 1 2 2 1 0
25 37 1 1 3 1 0
25 54 1 1 3 1 0
26 36 1 8 2 1 0
26 38 1 2 4 1 0
26 42 1 1 3 1 0
26 50 1 1 2 1 0
26 52 1 2 4 1 0
26 56 1 1 1 1 0
27 35 1 3 1 1 0
27 56 1 8 2 1 0
28 38 1 2 2 1 0
28 40 1 1 1 1 0
28 53 1 1 1 1 0
28 54 1 2 2 1 0
28 58 1 2 1 1 0
30 33 1 2 1 1 0
30 34 1 4 2 1 0
30 38 1 1 2 1 0
30 54 1 1 2 1 0
30 58 1 4 2 1 0
33 33 1 1 1 1 0
33 38 1 1 2 1 0
33 54 1 2 2 1 0
34 35 1 3 1 1 0
34 36 1 2 4 1 0
34 53 1 1 1 1 0
34 58 1 1 1 1 0
35 40 1 1 1 1 0
35 53 1 2 4 1 0
35 57 1 1 2 1 0
36 36 1 2 4 1 0
36 40 1 2 2 1 0
36 52 1 1 1 1 0
36 57 1 1 1 1 0
37 42 1 1 4 1 0
37 48 1 2 8 1 0
37 56 1 1 1 1 0
38 38 1 1 2 1 0
38 40 1 2 8 1 0
39 39 1 1 1 1 0
39 48 1 2 2 1 0
39 50 1 1 4 1 0
40 44 1 1 4 1 0
22 40 2 2 8 1 0
22 48 2 2 4 1 0
22 52 2 1 2 1 0
23 37 2 1 1 1 0
23 38 2 2 2 1 0
23 52 2 2 4 1 0
23 56 2 1 1 1 0
24 35 2 1 1 1 0
24 36 2 2 2 1 0
24 40 2 1 2 1 0
24 56 2 2 2 1 0
25 34 2 4 2 1 0
25 38 2 1 1 1 0
25 55 2 1 1 1 0
25 58 2 1 2 1 0
26 33 2 1 1 1 0
26 36 2 1 1 1 0
26 56 2 1 1 1 0
26 57 2 2 2 1 0
26 59 2 8 2 1 0
27 32 2 8 2 1 0
28 58 2 3 1 1 0
28 61 2 2 1 1 0
29 34 2 2 1 1 0
29 35 2 1 1 1 0
30 31 2 4 1 1 0
30 61 2 4 2 1 0
33 34 2 1 1 1 0
33 58 2 1 1 1 0
34 34 2 4 2 1 0
34 58 2 4 2 1 0
34 60 2 2 2 1 0
35 32 2 2 2 1 0
36 57 2 2 1 1 0
36 60 2 2 1 1 0
37 33 2 1 1 1 0
37 36 2 1 2 1 0
37 56 2 1 1 1 0
38 34 2 1 1 1 0
38 35 2 2 1 1 0
38 36 2 2 4 1 0
38 54 2 2 4 1 0
38 58 2 1 2 1 0
39 40 2 1 2 1 0
39 51 2 1 3 1 0
40 37 2 1 3 1 0
40 40 2 2 8 1 0
40 48 2 2 4 1 0
40 52 2 2 2 1 0
40 54 2 1 3 1 0
20 42 3 1 1 1 0
20 44 3 2 2 1 0
20 46 3 1 1 1 0
20 48 3 2 2 1 0
20 50 3 1 1 1 0
21 38 3 2 4 1 0
21 42 3 2 2 1 0
21 50 3 2 4 1 0
21 54 3 1 2 1 0
22 35 3 1 3 1 0
22 54 3 2 4 1 0
22 58 3 1 1 1 0
23 33 3 2 4 1 0
23 37 3 1 2 1 0
23 58 3 2 2 1 0
23 60 3 1 1 1 0
24 32 3 1 1 1 0
24 57 3 1 1 1 0
24 60 3 4 2 1 0
25 31 3 4 2 1 0
25 33 3 1 2 1 0
25 59 3 1 1 1 0
25 62 3 1 1 1 0
26 30 3 1 1 1 0
26 33 3 1 1 1 0
26 62 3 8 2 1 0
27 29 3 8 2 1 0
28 61 3 3 1 1 0
29 31 3 2 1 1 0
29 64 3 4 1 1 0
30 28 3 4 1 1 0
31 80 3 2 2 1 0
31 82 3 2 1 1 0
33 31 3 2 1 1 0
33 61 3 3 1 1 0
33 64 3 2 1 1 0
34 62 3 2 2 1 0
35 29 3 1 4 1 0
36 30 3 2 2 1 0
36 32 3 1 1 1 0
36 60 3 4 2 1 0
36 62 3 3 1 1 0
36 63 3 1 1 1 0
37 32 3 1 2 1 0
38 31 3 1 1 1 0
38 32 3 2 4 1 0
38 59 3 1 1 1 0
39 36 3 1 1 1 0
39 56 3 2 4 1 0
40 33 3 1 2 1 0
40 35 3 2 4 1 0
40 54 3 2 2 1 0
41 39 3 2 8 1 0
41 47 3 2 2 1 0
41 50 3 2 4 1 0
41 56 3 1 2 1 0
42 49 3 1 1 1 0
42 54 3 1 1 1 0
19 44 4 2 4 1 0
19 48 4 2 2 1 0
20 37 4 2 4 1 0
20 41 4 1 3 1 0
20 50 4 1 1 1 0
20 51 4 2 1 1 0
20 52 4 2 4 1 0
21 34 4 2 2 1 0
21 36 4 2 1 1 0
21 41 4 1 1 1 0
21 56 4 2 2 1 0
21 58 4 2 1 1 0
22 32 4 2 2 1 0
22 37 4 1 1 1 0
22 59 4 2 1 1 0
22 60 4 2 2 1 0
23 30 4 1 1 1 0
23 31 4 3 1 1 0
23 34 4 1 1 1 0
23 62 4 1 1 1 0
24 29 4 4 2 1 0
24 32 4 1 1 1 0
24 60 4 1 1 1 0
24 61 4 2 2 1 0
24 63 4 4 2 1 0
26 28 4 2 1 1 0
26 65 4 3 1 1 0
28 27 4 8 2 1 0
28 29 4 3 1 1 0
28 64 4 3 1 1 0
29 65 4 4 2 1 0
30 26 4 4 1 1 0
31 74 4 2 8 1 0
31 82 4 2 1 1 0
33 29 4 3 1 1 0
33 64 4 4 2 1 0
33 66 4 2 1 1 0
35 63 4 2 1 1 0
36 28 4 2 2 1 0
36 30 4 2 1 1 0
37 62 4 1 4 1 0
38 29 4 1 1 1 0
38 30 4 2 2 1 0
38 61 4 1 1 1 0
38 62 4 2 2 1 0
38 64 4 1 1 1 0
39 32 4 1 2 1 0
39 60 4 2 2 1 0
40 31 4 1 1 1 0
40 32 4 2 2 1 0
40 34 4 1 1 1 0
40 58 4 2 2 1 0
40 62 4 1 1 1 0
41 34 4 2 4 1 0
41 56 4 2 2 1 0
41 60 4 1 1 1 0
42 38 4 2 2 1 0
42 40 4 2 4 1 0
42 49 4 2 4 1 0
42 53 4 2 2 1 0
42 58 4 1 1 1 0
43 44 4 1 4 1 0
19 38 5 2 4 1 0
19 42 5 1 2 1 0
19 44 5 1 4 1 0
19 48 5 1 3 1 0
19 51 5 2 4 1 0
19 55 5 1 1 1 0
20 34 5 2 2 1 0
20 36 5 1 2 1 0
20 42 5 1 1 1 0
20 55 5 1 3 1 0
20 58 5 2 2 1 0
21 31 5 1 1 1 0
21 32 5 2 2 1 0
21 36 5 1 1 1 0
21 57 5 1 1 1 0
21 60 5 2 2 1 0
21 62 5 1 1 1 0
22 30 5 2 2 1 0
22 62 5 2 2 1 0
23 28 5 1 2 1 0
23 61 5 1 1 1 0
23 64 5 3 1 1 0
24 27 5 1 1 1 0
24 28 5 2 2 1 0
24 30 5 1 1 1 0
24 63 5 1 1 1 0
24 65 5 4 2 1 0
25 26 5 2 2 1 0
26 28 5 1 1 1 0
26 67 5 3 1 1 0
27 25 5 8 2 1 0
27 27 5 4 1 1 0
28 66 5 3 1 1 0
29 67 5 4 2 1 0
30 24 5 4 1 1 0
31 73 5 2 8 1 0
31 81 5 2 2 1 0
33 27 5 2 1 1 0
33 66 5 4 2 1 0
33 68 5 2 1 1 0
35 25 5 1 3 1 0
36 26 5 2 1 1 0
36 27 5 4 2 1 0
36 65 5 1 1 1 0
37 64 5 1 4 1 0
38 29 5 3 1 1 0
38 64 5 2 2 1 0
38 66 5 1 1 1 0
39 30 5 1 1 1 0
39 63 5 1 1 1 0
40 28 5 1 1 1 0
40 30 5 2 2 1 0
40 62 5 2 2 1 0
40 64 5 1 1 1 0
41 32 5 2 2 1 0
41 34 5 1 1 1 0
41 59 5 2 2 1 0
41 61 5 2 1 1 0
42 34 5 2 4 1 0
42 56 5 2 2 1 0
42 58 5 2 1 1 0
43 38 5 2 4 1 0
43 42 5 2 2 1 0
43 44 5 1 1 1 0
43 49 5 2 4 1 0
43 53 5 2 2 1 0
43 55 5 2 1 1 0
44 44 5 1 4 1 0
44 48 5 1 1 1 0
16 42 6 2 4 1 0
17 41 6 1 1 1 0
18 39 6 1 1 1 0
18 40 6 2 8 1 0
18 48 6 2 4 1 0
18 52 6 2 2 1 0
18 54 6 2 1 1 0
19 34 6 2 2 1 0
19 36 6 1 4 1 0
19 55 6 1 1 1 0
19 56 6 2 2 1 0
19 58 6 2 1 1 0
20 31 6 2 2 1 0
20 33 6 1 1 1 0
20 36 6 1 1 1 0
20 59 6 1 1 1 0
20 60 6 2 2 1 0
20 62 6 1 1 1 0
21 30 6 2 1 1 0
21 62 6 2 2 1 0
22 28 6 2 2 1 0
22 31 6 1 1 1 0
22 64 6 2 2 1 0
23 26 6 1 2 1 0
23 66 6 1 1 1 0
24 25 6 2 1 1 0
24 26 6 2 2 1 0
24 65 6 1 1 1 0
24 66 6 2 2 1 0
25 68 6 1 1 1 0
26 24 6 4 2 1 0
26 26 6 1 1 1 0
26 67 6 2 2 1 0
27 69 6 1 1 1 0
28 67 6 1 1 1 0
28 68 6 4 2 1 0
29 70 6 4 1 1 0
30 23 6 4 2 1 0
30 25 6 1 1 1 0
31 73 6 2 8 1 0
31 81 6 2 2 1 0
33 25 6 1 1 1 0
33 68 6 4 2 1 0
33 70 6 2 1 1 0
34 24 6 4 2 1 0
35 67 6 3 1 1 0
37 26 6 1 1 1 0
37 68 6 2 1 1 0
38 25 6 1 1 1 0
38 26 6 2 2 1 0
38 66 6 2 2 1 0
39 28 6 1 1 1 0
39 65 6 1 1 1 0
40 26 6 1 2 1 0
40 28 6 2 2 1 0
40 64 6 2 2 1 0
40 66 6 1 1 1 0
41 30 6 2 2 1 0
41 62 6 2 2 1 0
42 29 6 1 1 1 0
42 32 6 2 2 1 0
42 60 6 2 2 1 0
43 34 6 1 1 1 0
43 35 6 2 2 1 0
43 37 6 1 1 1 0
43 55 6 2 4 1 0
43 59 6 1 1 1 0
44 37 6 1 3 1 0
44 40 6 2 8 1 0
44 48 6 2 4 1 0
44 52 6 1 3 1 0
45 52 6 1 1 1 0
46 41 6 2 4 1 0
46 45 6 2 1 1 0
15 39 7 4 1 1 0
15 41 7 1 3 1 0
15 44 7 1 4 1 0
16 40 7 2 8 1 0
17 48 7 2 4 1 0
17 52 7 2 2 1 0
18 35 7 1 1 1 0
18 36 7 2 2 1 0
18 40 7 1 4 1 0
18 44 7 1 1 1 0
18 47 7 1 1 1 0
18 54 7 1 1 1 0
18 55 7 2 4 1 0
19 31 7 2 2 1 0
19 33 7 1 3 1 0
19 59 7 1 1 1 0
19 60 7 2 2 1 0
20 29 7 2 2 1 0
20 33 7 1 1 1 0
20 62 7 2 2 1 0
20 64 7 1 1 1 0
21 27 7 1 2 1 0
21 64 7 2 2 1 0
22 26 7 2 2 1 0
22 28 7 1 1 1 0
22 66 7 2 2 1 0
23 25 7 1 1 1 0
23 68 7 4 1 1 0
24 24 7 2 2 1 0
24 26 7 1 1 1 0
24 67 7 1 1 1 0
24 69 7 1 1 1 0
25 23 7 1 1 1 0
25 69 7 4 2 1 0
26 23 7 1 2 1 0
26 71 7 4 1 1 0
27 22 7 8 2 1 0
27 24 7 1 1 1 0
29 69 7 2 2 1 0
30 21 7 4 1 1 0
30 71 7 1 1 1 0
31 70 7 2 8 1 0
31 78 7 2 4 1 0
31 82 7 2 1 1 0
33 70 7 4 2 1 0
34 69 7 4 1 1 0
35 22 7 2 2 1 0
35 24 7 3 1 1 0
37 23 7 1 1 1 0
37 68 7 1 1 1 0
37 70 7 2 1 1 0
38 24 7 2 2 1 0
38 68 7 2 2 1 0
39 26 7 1 1 1 0
39 67 7 1 1 1 0
40 25 7 1 1 1 0
40 26 7 2 2 1 0
40 66 7 2 2 1 0
40 68 7 1 1 1 0
41 28 7 1 1 1 0
41 64 7 2 2 1 0
42 27 7 1 2 1 0
42 29 7 2 2 1 0
42 62 7 2 2 1 0
43 31 7 1 1 1 0
43 32 7 2 2 1 0
43 59 7 2 2 1 0
43 61 7 1 1 1 0
44 34 7 1 2 1 0
44 36 7 2 4 1 0
44 53 7 2 4 1 0
44 57 7 1 2 1 0
45 40 7 1 4 1 0
45 44 7 1 4 1 0
45 48 7 2 4 1 0
45 52 7 2 1 1 0
45 57 7 1 1 1 0
46 39 7 2 1 1 0
46 40 7 2 8 1 0
47 48 7 1 1 1 0
15 38 8 2 4 1 0
15 42 8 4 1 1 0
15 45 8 2 4 1 0
15 49 8 2 1 1 0
17 35 8 2 2 1 0
17 37 8 1 4 1 0
17 41 8 1 1 1 0
17 43 8 1 1 1 0
17 44 8 1 4 1 0
17 48 8 1 4 1 0
17 52 8 1 3 1 0
17 55 8 2 2 1 0
17 57 8 2 1 1 0
18 33 8 2 2 1 0
18 37 8 1 1 1 0
18 58 8 1 1 1 0
18 59 8 2 2 1 0
19 29 8 2 2 1 0
19 31 8 2 1 1 0
19 32 8 1 1 1 0
19 61 8 1 1 1 0
19 62 8 2 2 1 0
20 27 8 2 2 1 0
20 64 8 1 1 1 0
20 65 8 2 2 1 0
21 25 8 1 1 1 0
21 26 8 2 1 1 0
21 67 8 2 1 1 0
22 24 8 2 2 1 0
22 27 8 1 1 1 0
22 66 8 1 1 1 0
22 68 8 2 2 1 0
23 23 8 1 1 1 0
23 70 8 1 1 1 0
24 22 8 2 2 1 0
24 24 8 1 1 1 0
24 69 8 1 1 1 0
24 70 8 2 2 1 0
26 18 8 2 1 1 0
26 21 8 4 2 1 0
26 23 8 1 1 1 0
26 71 8 4 1 1 0
28 17 8 8 2 1 0
30 20 8 4 2 1 0
30 22 8 1 1 1 0
30 71 8 1 1 1 0
31 71 8 2 8 1 0
31 79 8 2 4 1 0
33 22 8 1 1 1 0
33 71 8 4 1 1 0
34 21 8 4 2 1 0
36 18 8 2 1 1 0
37 23 8 1 1 1 0
37 70 8 1 2 1 0
38 22 8 2 2 1 0
38 70 8 2 2 1 0
39 24 8 1 1 1 0
39 68 8 1 2 1 0
40 23 8 1 3 1 0
40 67 8 1 1 1 0
40 68 8 2 2 1 0
40 70 8 1 1 1 0
41 25 8 1 1 1 0
41 26 8 2 2 1 0
41 66 8 2 2 1 0
42 28 8 2 2 1 0
42 64 8 2 2 1 0
43 27 8 1 1 1 0
43 30 8 2 2 1 0
43 62 8 2 2 1 0
44 32 8 1 1 1 0
44 33 8 2 1 1 0
44 34 8 2 2 1 0
44 36 8 1 1 1 0
44 57 8 2 4 1 0
44 61 8 1 1 1 0
45 36 8 2 8 1 0
45 44 8 2 1 1 0
45 45 8 1 1 1 0
45 53 8 2 4 1 0
46 45 8 2 4 1 0
46 49 8 1 4 1 0
47 38 8 2 4 1 0
47 42 8 1 1 1 0
47 49 8 1 1 1 0
48 46 8 1 4 1 0
15 37 9 1 3 1 0
15 47 9 2 4 1 0
16 37 9 1 1 1 0
16 38 9 2 2 1 0
16 45 9 2 2 1 0
17 33 9 2 2 1 0
17 35 9 1 3 1 0
17 40 9 1 4 1 0
17 44 9 1 1 1 0
17 47 9 1 1 1 0
17 48 9 1 4 1 0
17 52 9 1 4 1 0
17 56 9 1 2 1 0
17 58 9 2 2 1 0
17 60 9 1 1 1 0
18 30 9 2 2 1 0
18 32 9 1 1 1 0
18 60 9 1 3 1 0
19 27 9 2 2 1 0
19 29 9 1 1 1 0
19 62 9 1 4 1 0
20 25 9 2 2 1 0
20 65 9 1 1 1 0
20 66 9 2 2 1 0
21 24 9 1 1 1 0
21 68 9 2 2 1 0
22 23 9 1 3 1 0
22 70 9 2 2 1 0
23 22 9 2 2 1 0
23 69 9 1 1 1 0
24 18 9 2 1 1 0
24 21 9 1 1 1 0
24 71 9 4 1 1 0
25 20 9 4 2 1 0
25 22 9 1 1 1 0
26 17 9 8 2 1 0
28 16 9 4 1 1 0
28 71 9 3 1 1 0
29 19 9 4 2 1 0
29 21 9 1 1 1 0
31 71 9 2 8 1 0
31 79 9 2 4 1 0
32 16 9 3 1 1 0
33 19 9 1 2 1 0
33 71 9 3 1 1 0
34 17 9 4 2 1 0
34 19 9 1 1 1 0
34 20 9 4 2 1 0
36 71 9 4 1 1 0
37 22 9 1 1 1 0
38 18 9 2 1 1 0
38 20 9 1 1 1 0
38 21 9 2 2 1 0
39 23 9 1 1 1 0
40 22 9 1 1 1 0
40 23 9 2 2 1 0
40 69 9 1 1 1 0
40 70 9 2 2 1 0
41 25 9 2 1 1 0
41 68 9 2 2 1 0
42 26 9 2 2 1 0
42 66 9 2 2 1 0
43 28 9 2 2 1 0
43 64 9 2 2 1 0
44 30 9 2 2 1 0
44 32 9 2 1 1 0
44 60 9 2 2 1 0
44 62 9 1 2 1 0
45 33 9 2 2 1 0
45 35 9 1 1 1 0
45 58 9 2 2 1 0
45 62 9 1 1 1 0
46 35 9 1 3 1 0
46 38 9 2 2 1 0
46 40 9 1 4 1 0
46 44 9 1 3 1 0
46 47 9 2 4 1 0
46 51 9 1 1 1 0
46 52 9 1 4 1 0
46 56 9 1 2 1 0
47 37 9 1 1 1 0
48 37 9 1 3 1 0
48 47 9 1 4 1 0
14 36 10 4 2 1 0
14 38 10 2 1 1 0
14 49 10 2 2 1 0
15 48 10 2 1 1 0
16 38 10 2 4 1 0
16 42 10 2 1 1 0
16 43 10 1 1 1 0
16 44 10 1 4 1 0
16 49 10 1 1 1 0
16 50 10 2 4 1 0
16 54 10 2 1 1 0
17 30 10 2 2 1 0
17 32 10 1 4 1 0
17 55 10 1 1 1 0
17 56 10 1 4 1 0
17 60 10 1 1 1 0
17 61 10 2 2 1 0
18 28 10 2 2 1 0
18 32 10 1 1 1 0
18 63 10 2 2 1 0
19 26 10 2 2 1 0
19 65 10 1 1 1 0
19 66 10 2 2 1 0
20 24 10 2 2 1 0
20 68 10 2 2 1 0
21 22 10 2 2 1 0
21 70 10 2 2 1 0
22 18 10 4 2 1 0
22 21 10 1 1 1 0
22 72 10 1 1 1 0
23 20 10 2 2 1 0
23 22 10 1 1 1 0
23 71 10 1 1 1 0
24 17 10 2 1 1 0
24 71 10 4 1 1 0
25 20 10 1 1 1 0
26 16 10 2 2 1 0
26 19 10 2 2 1 0
28 16 10 2 1 1 0
28 19 10 4 1 1 0
28 71 10 3 1 1 0
30 15 10 4 2 1 0
31 71 10 2 8 1 0
31 79 10 2 4 1 0
32 19 10 4 1 1 0
33 71 10 3 1 1 0
34 16 10 2 1 1 0
36 16 10 2 2 1 0
36 19 10 4 2 1 0
36 71 10 4 1 1 0
38 17 10 2 2 1 0
39 21 10 1 1 1 0
40 18 10 2 1 1 0
40 19 10 1 1 1 0
40 21 10 2 2 1 0
40 71 10 2 2 1 0
41 23 10 2 1 1 0
41 24 10 1 1 1 0
41 69 10 1 1 1 0
41 70 10 2 1 1 0
42 24 10 2 2 1 0
42 68 10 2 2 1 0
42 71 10 1 1 1 0
43 26 10 2 2 1 0
43 65 10 2 2 1 0
43 67 10 1 1 1 0
44 28 10 2 2 1 0
44 30 10 2 1 1 0
44 62 10 2 2 1 0
44 64 10 2 1 1 0
45 31 10 2 2 1 0
45 60 10 2 2 1 0
46 33 10 1 3 1 0
46 36 10 2 2 1 0
46 38 10 1 4 1 0
46 42 10 2 8 1 0
46 50 10 2 2 1 0
46 52 10 1 4 1 0
46 56 10 1 4 1 0
46 62 10 1 1 1 0
47 38 10 1 1 1 0
47 52 10 1 1 1 0
48 36 10 1 3 1 0
48 48 10 1 3 1 0
14 36 11 2 2 1 0
14 49 11 2 1 1 0
14 50 11 2 2 1 0
16 35 11 2 2 1 0
16 37 11 1 3 1 0
16 40 11 1 4 1 0
16 44 11 1 4 1 0
16 48 11 1 4 1 0
16 52 11 1 4 1 0
16 56 11 2 2 1 0
16 58 11 1 1 1 0
17 28 11 2 2 1 0
17 30 11 1 4 1 0
17 34 11 1 1 1 0
17 58 11 1 4 1 0
17 62 11 1 1 1 0
17 63 11 2 2 1 0
18 26 11 2 2 1 0
18 30 11 1 1 1 0
18 65 11 2 2 1 0
19 24 11 2 2 1 0
19 67 11 1 2 1 0
20 23 11 1 1 1 0
20 68 11 1 2 1 0
20 70 11 2 2 1 0
21 18 11 1 2 1 0
21 21 11 1 3 1 0
21 69 11 1 1 1 0
21 72 11 3 1 1 0
22 18 11 2 4 1 0
22 22 11 1 1 1 0
22 71 11 1 1 1 0
23 17 11 1 1 1 0
24 16 11 2 2 1 0
24 19 11 3 1 1 0
24 20 11 1 1 1 0
24 72 11 4 1 1 0
26 16 11 2 1 1 0
28 15 11 2 2 1 0
28 72 11 3 1 1 0
30 14 11 2 2 1 0
30 16 11 1 1 1 0
30 71 11 1 1 1 0
31 71 11 2 8 1 0
31 79 11 2 4 1 0
32 14 11 1 2 1 0
33 15 11 2 2 1 0
33 72 11 3 1 1 0
35 15 11 1 1 1 0
35 16 11 3 1 1 0
36 72 11 4 1 1 0
37 19 11 3 1 1 0
38 16 11 2 2 1 0
39 20 11 1 1 1 0
40 17 11 1 1 1 0
40 18 11 2 4 1 0
40 72 11 1 1 1 0
41 22 11 1 1 1 0
41 71 11 2 2 1 0
42 18 11 1 2 1 0
42 21 11 1 3 1 0
42 69 11 2 2 1 0
43 23 11 1 3 1 0
43 67 11 2 2 1 0
44 25 11 1 1 1 0
44 26 11 2 2 1 0
44 28 11 2 1 1 0
44 64 11 2 2 1 0
44 66 11 1 1 1 0
45 29 11 2 4 1 0
45 63 11 1 1 1 0
46 33 11 1 3 1 0
46 36 11 2 4 1 0
46 40 11 1 1 1 0
46 54 11 2 2 1 0
46 56 11 1 4 1 0
46 60 11 1 4 1 0
47 40 11 1 4 1 0
47 44 11 1 4 1 0
47 48 11 1 4 1 0
47 52 11 1 2 1 0
47 56 11 1 1 1 0
48 36 11 2 2 1 0
48 49 11 2 1 1 0
48 50 11 2 2 1 0
14 35 12 3 1 1 0
14 36 12 2 2 1 0
14 50 12 1 2 1 0
15 43 12 1 1 1 0
15 46 12 2 2 1 0
15 50 12 2 4 1 0
15 54 12 1 1 1 0
16 33 12 2 2 1 0
16 36 12 1 4 1 0
16 40 12 1 4 1 0
16 44 12 1 2 1 0
16 48 12 1 2 1 0
16 54 12 1 4 1 0
16 58 12 1 1 1 0
16 59 12 2 2 1 0
17 27 12 2 1 1 0
17 28 12 1 4 1 0
17 32 12 1 1 1 0
17 61 12 1 4 1 0
17 65 12 2 2 1 0
18 25 12 2 2 1 0
18 67 12 2 2 1 0
19 23 12 2 2 1 0
19 69 12 2 2 1 0
20 19 12 1 1 1 0
20 21 12 1 1 1 0
20 22 12 2 1 1 0
20 71 12 2 2 1 0
21 18 12 2 4 1 0
21 73 12 2 1 1 0
22 17 12 1 1 1 0
22 72 12 2 1 1 0
23 16 12 2 2 1 0
23 19 12 1 2 1 0
24 72 12 4 1 1 0
25 16 12 1 1 1 0
26 15 12 2 2 1 0
28 14 12 2 2 1 0
28 72 12 3 1 1 0
30 13 12 2 2 1 0
30 15 12 1 1 1 0
31 72 12 2 8 1 0
31 80 12 2 2 1 0
31 82 12 2 1 1 0
32 13 12 1 1 1 0
32 14 12 2 1 1 0
33 15 12 1 1 1 0
33 72 12 4 1 1 0
34 14 12 2 2 1 0
36 15 12 2 2 1 0
37 72 12 1 1 1 0
38 16 12 1 1 1 0
38 72 12 4 2 1 0
39 16 12 2 2 1 0
39 19 12 2 1 1 0
40 20 12 1 1 1 0
41 17 12 1 1 1 0
41 18 12 2 4 1 0
42 22 12 2 1 1 0
42 70 12 2 2 1 0
42 72 12 2 1 1 0
42 73 12 1 1 1 0
43 19 12 1 1 1 0
43 23 12 2 2 1 0
43 69 12 2 1 1 0
44 25 12 2 1 1 0
44 26 12 2 2 1 0
44 66 12 2 2 1 0
44 68 12 1 1 1 0
45 28 12 2 2 1 0
45 30 12 1 1 1 0
45 64 12 2 2 1 0
46 30 12 1 4 1 0
46 34 12 2 2 1 0
46 57 12 1 1 1 0
46 58 12 2 2 1 0
46 60 12 1 4 1 0
47 36 12 1 4 1 0
47 40 12 1 4 1 0
47 44 12 1 4 1 0
47 48 12 1 2 1 0
47 50 12 2 4 1 0
47 54 12 1 4 1 0
48 36 12 2 2 1 0
48 54 12 1 1 1 0
49 50 12 1 2 1 0
14 35 13 1 3 1 0
14 50 13 2 2 1 0
15 33 13 2 4 1 0
15 39 13 2 2 1 0
15 41 13 1 3 1 0
15 44 13 1 4 1 0
15 48 13 1 2 1 0
15 52 13 1 2 1 0
15 54 13 2 2 1 0
15 56 13 1 1 1 0
16 31 13 2 2 1 0
16 37 13 1 2 1 0
16 41 13 1 1 1 0
16 56 13 1 4 1 0
16 60 13 1 1 1 0
16 61 13 2 4 1 0
17 26 13 1 4 1 0
17 30 13 1 1 1 0
17 65 13 1 3 1 0
18 24 13 2 2 1 0
18 26 13 1 1 1 0
18 67 13 1 3 1 0
18 70 13 2 2 1 0
19 18 13 1 2 1 0
19 22 13 1 2 1 0
19 69 13 1 1 1 0
20 18 13 2 4 1 0
20 22 13 1 1 1 0
20 70 13 1 4 1 0
21 17 13 1 1 1 0
21 73 13 3 1 1 0
21 74 13 1 1 1 0
22 16 13 2 2 1 0
22 19 13 1 2 1 0
24 15 13 2 2 1 0
24 73 13 4 1 1 0
26 14 13 1 2 1 0
27 13 13 4 2 1 0
27 15 13 1 1 1 0
28 73 13 3 1 1 0
30 12 13 3 1 1 0
31 13 13 1 1 1 0
31 73 13 2 8 1 0
31 81 13 2 2 1 0
32 13 13 4 2 1 0
33 73 13 3 1 1 0
35 15 13 1 1 1 0
36 13 13 1 1 1 0
36 14 13 2 2 1 0
36 73 13 4 1 1 0
38 15 13 2 2 1 0
40 16 13 2 2 1 0
40 73 13 2 1 1 0
41 19 13 1 2 1 0
42 17 13 1 1 1 0
42 18 13 2 4 1 0
42 72 13 2 2 1 0
42 74 13 1 1 1 0
43 22 13 2 2 1 0
43 70 13 1 2 1 0
44 19 13 1 1 1 0
44 24 13 2 2 1 0
44 68 13 2 4 1 0
45 26 13 2 2 1 0
45 28 13 1 1 1 0
45 66 13 2 2 1 0
46 28 13 1 4 1 0
46 32 13 2 2 1 0
46 59 13 1 1 1 0
46 60 13 2 4 1 0
46 64 13 1 2 1 0
47 34 13 2 4 1 0
47 38 13 1 3 1 0
47 41 13 2 8 1 0
47 49 13 1 3 1 0
47 54 13 2 2 1 0
47 56 13 1 4 1 0
47 64 13 1 1 1 0
48 49 13 1 1 1 0
48 50 13 2 2 1 0
48 52 13 1 2 1 0
48 56 13 1 1 1 0
49 35 13 1 3 1 0
13 36 14 2 1 1 0
14 35 14 1 1 1 0
14 50 14 2 2 1 0
15 31 14 2 2 1 0
15 33 14 1 1 1 0
15 34 14 2 4 1 0
15 38 14 1 2 1 0
15 40 14 1 4 1 0
15 44 14 1 4 1 0
15 48 14 1 2 1 0
15 52 14 1 4 1 0
15 56 14 2 2 1 0
15 58 14 2 1 1 0
16 29 14 1 2 1 0
16 59 14 1 1 1 0
16 60 14 1 4 1 0
16 64 14 1 1 1 0
17 24 14 2 2 1 0
17 26 14 1 4 1 0
17 64 14 1 4 1 0
17 68 14 1 1 1 0
18 19 14 1 1 1 0
18 23 14 1 1 1 0
18 68 14 1 4 1 0
19 18 14 2 2 1 0
19 21 14 1 3 1 0
19 72 14 2 2 1 0
20 17 14 1 1 1 0
20 20 14 1 2 1 0
20 74 14 4 1 1 0
21 16 14 2 2 1 0
21 19 14 1 1 1 0
21 73 14 1 1 1 0
21 75 14 1 1 1 0
22 8 14 2 2 1 0
22 15 14 1 1 1 0
23 7 14 1 1 1 0
23 10 14 1 1 1 0
23 15 14 2 2 1 0
24 73 14 2 2 1 0
25 14 14 2 1 1 0
25 15 14 1 1 1 0
26 13 14 2 1 1 0
26 73 14 1 1 1 0
28 12 14 2 2 1 0
28 73 14 2 2 1 0
30 11 14 2 2 1 0
30 13 14 1 1 1 0
31 74 14 2 8 1 0
32 11 14 1 1 1 0
32 12 14 2 2 1 0
34 12 14 1 1 1 0
34 13 14 2 1 1 0
34 73 14 2 2 1 0
36 13 14 2 2 1 0
36 73 14 1 1 1 0
38 14 14 1 2 1 0
38 73 14 4 2 1 0
39 15 14 2 2 1 0
40 7 14 1 1 1 0
40 8 14 2 2 1 0
40 10 14 1 1 1 0
41 16 14 2 2 1 0
42 19 14 2 2 1 0
42 74 14 1 2 1 0
43 17 14 1 1 1 0
43 18 14 2 1 1 0
43 21 14 1 1 1 0
43 72 14 1 3 1 0
44 19 14 2 1 1 0
44 21 14 1 3 1 0
44 72 14 1 1 1 0
45 23 14 1 2 1 0
45 25 14 2 2 1 0
45 27 14 1 1 1 0
45 67 14 2 2 1 0
45 69 14 1 4 1 0
46 27 14 1 3 1 0
46 30 14 2 2 1 0
46 64 14 1 3 1 0
47 32 14 2 8 1 0
47 40 14 1 1 1 0
47 56 14 2 2 1 0
47 58 14 2 1 1 0
47 59 14 1 1 1 0
47 60 14 1 4 1 0
47 64 14 1 1 1 0
48 40 14 1 4 1 0
48 44 14 1 4 1 0
48 48 14 1 2 1 0
48 50 14 2 2 1 0
48 52 14 1 4 1 0
49 35 14 1 2 1 0
13 35 15 2 2 1 0
13 50 15 1 2 1 0
14 50 15 2 2 1 0
15 29 15 2 2 1 0
15 31 15 1 1 1 0
15 32 15 2 2 1 0
15 34 15 1 2 1 0
15 36 15 1 4 1 0
15 40 15 1 4 1 0
15 44 15 1 4 1 0
15 48 15 1 2 1 0
15 52 15 1 4 1 0
15 56 15 1 2 1 0
15 58 15 2 2 1 0
16 28 15 2 1 1 0
16 34 15 1 1 1 0
16 60 15 1 4 1 0
16 64 15 1 2 1 0
17 19 15 1 1 1 0
17 23 15 1 1 1 0
17 24 15 1 4 1 0
17 65 15 1 3 1 0
17 68 15 2 2 1 0
18 18 15 2 4 1 0
18 22 15 1 2 1 0
18 70 15 1 2 1 0
19 17 15 1 1 1 0
19 22 15 1 1 1 0
19 71 15 1 2 1 0
19 73 15 2 2 1 0
20 16 15 1 4 1 0
20 20 15 1 1 1 0
20 75 15 1 1 1 0
21 15 15 2 2 1 0
21 75 15 8 2 1 0
22 6 15 2 4 1 0
22 10 15 1 1 1 0
23 10 15 2 2 1 0
23 14 15 2 2 1 0
24 7 15 1 1 1 0
24 8 15 2 2 1 0
24 74 15 1 1 1 0
25 13 15 3 1 1 0
25 14 15 1 1 1 0
27 12 15 4 1 1 0
28 11 15 1 1 1 0
28 74 15 1 1 1 0
29 10 15 4 2 1 0
29 75 15 8 2 1 0
29 85 15 4 2 1 0
29 87 15 4 1 1 0
29 90 15 1 2 1 0
30 88 15 2 4 1 0
31 77 15 2 2 1 0
31 79 15 2 1 1 0
32 12 15 4 1 1 0
32 88 15 2 4 1 0
33 10 15 2 2 1 0
33 85 15 1 3 1 0
35 11 15 1 1 1 0
36 12 15 1 2 1 0
37 13 15 2 2 1 0
37 75 15 4 2 1 0
38 8 15 1 3 1 0
39 6 15 2 4 1 0
39 10 15 2 2 1 0
39 14 15 2 2 1 0
41 6 15 1 4 1 0
41 10 15 1 1 1 0
41 15 15 1 2 1 0
41 75 15 2 2 1 0
42 16 15 1 2 1 0
43 17 15 2 4 1 0
43 72 15 2 2 1 0
43 74 15 1 2 1 0
44 21 15 1 2 1 0
44 71 15 1 1 1 0
45 18 15 1 3 1 0
45 22 15 1 1 1 0
45 23 15 2 2 1 0
45 25 15 1 1 1 0
45 68 15 2 2 1 0
45 70 15 1 2 1 0
46 19 15 1 1 1 0
46 25 15 1 3 1 0
46 28 15 2 2 1 0
46 64 15 2 2 1 0
46 66 15 1 2 1 0
47 30 15 2 4 1 0
47 34 15 1 2 1 0
47 58 15 2 2 1 0
47 60 15 1 4 1 0
48 35 15 2 2 1 0
48 37 15 1 3 1 0
48 40 15 1 4 1 0
48 44 15 1 4 1 0
48 48 15 1 2 1 0
48 50 15 2 2 1 0
48 52 15 1 4 1 0
48 56 15 1 2 1 0
13 35 16 1 3 1 0
13 50 16 1 2 1 0
14 35 16 1 1 1 0
14 36 16 2 2 1 0
14 50 16 2 2 1 0
14 57 16 2 2 1 0
15 28 16 2 4 1 0
15 32 16 1 4 1 0
15 38 16 1 2 1 0
15 40 16 1 4 1 0
15 44 16 1 4 1 0
15 48 16 1 2 1 0
15 52 16 1 4 1 0
15 56 16 1 1 1 0
15 59 16 1 1 1 0
15 60 16 2 8 1 0
15 68 16 2 2 1 0
16 26 16 2 2 1 0
16 32 16 1 1 1 0
16 70 16 1 4 1 0
17 19 16 2 1 1 0
17 20 16 1 1 1 0
17 22 16 1 4 1 0
17 66 16 1 3 1 0
17 69 16 2 8 1 0
18 18 16 2 1 1 0
18 20 16 2 2 1 0
18 22 16 1 1 1 0
18 77 16 2 1 1 0
19 17 16 2 1 1 0
19 72 16 1 2 1 0
19 74 16 2 2 1 0
19 76 16 1 1 1 0
19 78 16 3 1 1 0
20 16 16 2 1 1 0
20 76 16 4 2 1 0
21 15 16 1 1 1 0
21 79 16 1 1 1 0
22 6 16 3 1 1 0
22 7 16 4 2 1 0
22 9 16 4 1 1 0
22 10 16 2 2 1 0
22 14 16 2 2 1 0
22 78 16 2 2 1 0
23 13 16 2 1 1 0
24 10 16 8 2 1 0
24 14 16 1 1 1 0
24 76 16 8 2 1 0
24 78 16 8 2 1 0
25 12 16 2 2 1 0
27 12 16 2 1 1 0
28 9 16 4 1 1 0
28 85 16 8 2 1 0
28 87 16 8 2 1 0
28 89 16 8 2 1 0
28 91 16 4 1 1 0
31 84 16 2 1 1 0
32 9 16 3 1 1 0
32 10 16 8 2 1 0
32 76 16 8 2 1 0
32 78 16 8 2 1 0
32 91 16 4 1 1 0
35 12 16 2 1 1 0
37 12 16 2 2 1 0
38 6 16 4 2 1 0
38 8 16 4 2 1 0
38 14 16 2 1 1 0
39 13 16 2 1 1 0
40 10 16 2 1 1 0
40 11 16 1 1 1 0
40 14 16 2 2 1 0
40 76 16 4 2 1 0
40 78 16 2 2 1 0
42 15 16 1 1 1 0
42 16 16 2 1 1 0
42 78 16 3 1 1 0
42 79 16 1 1 1 0
43 17 16 2 1 1 0
43 73 16 4 2 1 0
43 75 16 4 1 1 0
44 18 16 2 1 1 0
44 20 16 2 2 1 0
44 71 16 2 2 1 0
44 76 16 2 2 1 0
45 19 16 2 1 1 0
45 22 16 2 2 1 0
45 69 16 1 2 1 0
46 20 16 1 1 1 0
46 24 16 1 3 1 0
46 27 16 2 2 1 0
46 65 16 2 8 1 0
47 29 16 2 2 1 0
47 31 16 2 1 1 0
47 32 16 1 1 1 0
47 33 16 2 2 1 0
47 59 16 2 4 1 0
47 63 16 2 2 1 0
48 35 16 3 1 1 0
48 36 16 2 2 1 0
48 38 16 1 2 1 0
48 40 16 1 4 1 0
48 44 16 1 4 1 0
48 48 16 1 2 1 0
48 50 16 2 2 1 0
48 52 16 1 4 1 0
48 56 16 1 3 1 0
48 65 16 1 4 1 0
50 36 16 1 2 1 0
50 50 16 1 2 1 0
13 36 17 1 2 1 0
13 50 17 1 2 1 0
14 36 17 2 2 1 0
14 41 17 2 8 1 0
14 49 17 2 4 1 0
14 58 17 2 2 1 0
14 60 17 1 1 1 0
15 27 17 2 2 1 0
15 29 17 1 3 1 0
15 32 17 1 4 1 0
15 38 17 1 3 1 0
15 53 17 1 4 1 0
15 57 17 1 1 1 0
15 60 17 1 4 1 0
15 64 17 1 2 1 0
15 66 17 2 4 1 0
16 19 17 2 2 1 0
16 25 17 1 2 1 0
16 30 17 1 1 1 0
16 70 17 1 2 1 0
16 72 17 2 2 1 0
17 18 17 1 1 1 0
17 21 17 1 4 1 0
17 25 17 1 1 1 0
17 74 17 2 2 1 0
18 17 17 1 2 1 0
18 20 17 1 2 1 0
18 76 17 2 2 1 0
19 16 17 2 2 1 0
19 78 17 2 1 1 0
20 6 17 2 4 1 0
20 15 17 2 1 1 0
21 14 17 3 1 1 0
21 78 17 8 2 1 0
22 6 17 1 4 1 0
22 10 17 1 1 1 0
22 13 17 1 1 1 0
23 6 17 2 8 1 0
25 7 17 1 3 1 0
25 10 17 8 2 1 0
25 12 17 2 1 1 0
27 9 17 1 1 1 0
27 85 17 1 3 1 0
27 88 17 1 4 1 0
28 9 17 4 1 1 0
28 84 17 2 8 1 0
29 78 17 1 2 1 0
29 82 17 1 2 1 0
30 78 17 2 8 1 0
30 86 17 3 1 1 0
30 87 17 1 1 1 0
30 88 17 1 4 1 0
32 9 17 1 1 1 0
32 78 17 2 8 1 0
33 9 17 4 2 1 0
33 11 17 4 1 1 0
33 86 17 4 2 1 0
33 88 17 1 4 1 0
34 78 17 8 2 1 0
34 82 17 1 4 1 0
34 88 17 2 4 1 0
35 85 17 2 1 1 0
36 88 17 1 4 1 0
37 7 17 1 2 1 0
37 10 17 1 3 1 0
38 6 17 2 8 1 0
40 6 17 2 4 1 0
40 10 17 1 1 1 0
40 13 17 1 2 1 0
41 14 17 2 2 1 0
42 6 17 1 2 1 0
42 8 17 2 2 1 0
42 78 17 3 1 1 0
42 79 17 1 1 1 0
43 7 17 1 1 1 0
43 15 17 1 1 1 0
43 16 17 2 2 1 0
44 20 17 1 1 1 0
44 76 17 2 2 1 0
45 17 17 1 2 1 0
45 20 17 2 2 1 0
45 22 17 1 1 1 0
45 74 17 2 2 1 0
46 18 17 1 2 1 0
46 22 17 1 4 1 0
46 26 17 2 1 1 0
46 71 17 2 2 1 0
46 73 17 1 1 1 0
47 20 17 1 1 1 0
47 27 17 2 4 1 0
47 31 17 2 2 1 0
47 62 17 2 4 1 0
47 66 17 2 2 1 0
47 68 17 1 3 1 0
48 33 17 1 3 1 0
48 36 17 2 2 1 0
48 38 17 1 2 1 0
48 40 17 1 4 1 0
48 44 17 1 4 1 0
48 48 17 1 2 1 0
48 50 17 2 2 1 0
48 52 17 1 4 1 0
48 56 17 1 4 1 0
48 60 17 1 2 1 0
48 68 17 1 1 1 0
50 36 17 1 2 1 0
50 50 17 1 2 1 0
13 36 18 1 3 1 0
13 49 18 2 2 1 0
13 51 18 2 1 1 0
14 32 18 2 2 1 0
14 36 18 2 4 1 0
14 40 18 1 4 1 0
14 44 18 1 4 1 0
14 48 18 1 1 1 0
14 52 18 1 1 1 0
14 53 18 2 4 1 0
14 58 18 2 4 1 0
15 20 18 1 1 1 0
15 26 18 2 2 1 0
15 28 18 1 4 1 0
15 34 18 1 2 1 0
15 57 18 1 1 1 0
15 62 18 1 4 1 0
15 66 18 2 4 1 0
16 19 18 2 2 1 0
16 24 18 1 2 1 0
16 70 18 1 2 1 0
16 72 18 2 2 1 0
17 18 18 2 1 1 0
17 21 18 1 4 1 0
17 74 18 2 2 1 0
18 17 18 1 1 1 0
18 20 18 1 1 1 0
18 76 18 1 1 1 0
18 77 18 2 1 1 0
19 8 18 8 2 1 0
19 16 18 2 2 1 0
19 78 18 3 1 1 0
20 6 18 4 2 1 0
20 10 18 2 1 1 0
20 15 18 2 1 1 0
21 5 18 3 1 1 0
21 14 18 2 1 1 0
21 79 18 1 1 1 0
22 10 18 2 2 1 0
22 13 18 2 1 1 0
22 78 18 2 2 1 0
23 12 18 3 1 1 0
24 6 18 2 2 1 0
24 10 18 8 2 1 0
24 78 18 8 2 1 0
26 7 18 1 1 1 0
26 85 18 4 2 1 0
26 87 18 3 1 1 0
26 88 18 2 4 1 0
27 9 18 1 1 1 0
28 8 18 4 2 1 0
28 82 18 1 2 1 0
28 84 18 3 1 1 0
28 88 18 1 4 1 0
29 80 18 2 4 1 0
30 85 18 1 2 1 0
31 83 18 2 1 1 0
32 8 18 2 2 1 0
32 10 18 8 2 1 0
32 78 18 8 2 1 0
33 80 18 2 4 1 0
33 84 18 3 1 1 0
33 85 18 4 2 1 0
34 9 18 4 1 1 0
35 82 18 1 2 1 0
35 87 18 3 1 1 0
35 88 18 1 4 1 0
36 88 18 2 4 1 0
37 7 18 1 2 1 0
37 85 18 1 2 1 0
38 6 18 2 4 1 0
38 12 18 3 1 1 0
40 5 18 3 1 1 0
40 6 18 4 2 1 0
40 8 18 4 2 1 0
40 10 18 2 2 1 0
40 13 18 2 1 1 0
40 78 18 2 2 1 0
41 14 18 2 1 1 0
42 10 18 2 1 1 0
42 15 18 2 2 1 0
42 78 18 3 1 1 0
42 79 18 1 1 1 0
43 17 18 1 1 1 0
43 77 18 1 1 1 0
44 17 18 2 2 1 0
44 76 18 2 2 1 0
45 20 18 2 2 1 0
45 74 18 2 2 1 0
46 18 18 1 1 1 0
46 19 18 2 1 1 0
46 22 18 1 2 1 0
46 24 18 2 2 1 0
46 71 18 2 2 1 0
46 73 18 1 1 1 0
47 20 18 1 1 1 0
47 26 18 2 2 1 0
47 29 18 2 2 1 0
47 62 18 2 4 1 0
47 66 18 2 2 1 0
47 68 18 1 3 1 0
48 28 18 1 1 1 0
48 31 18 1 1 1 0
48 32 18 2 2 1 0
48 34 18 1 2 1 0
48 36 18 2 2 1 0
48 38 18 2 1 1 0
48 39 18 1 1 1 0
48 40 18 1 4 1 0
48 44 18 2 8 1 0
48 52 18 1 2 1 0
48 54 18 2 2 1 0
48 56 18 1 3 1 0
48 59 18 2 2 1 0
48 61 18 1 1 1 0
48 68 18 1 1 1 0
49 56 18 1 1 1 0
50 36 18 1 2 1 0
50 49 18 1 3 1 0
13 36 19 2 4 1 0
13 48 19 2 2 1 0
13 50 19 1 1 1 0
14 31 19 2 4 1 0
14 40 19 1 4 1 0
14 44 19 1 4 1 0
14 50 19 1 2 1 0
14 52 19 1 4 1 0
14 56 19 2 4 1 0
14 60 19 1 2 1 0
15 20 19 1 1 1 0
15 26 19 1 4 1 0
15 30 19 1 1 1 0
15 35 19 1 2 1 0
15 61 19 4 2 1 0
15 63 19 4 1 1 0
15 64 19 1 4 1 0
15 68 19 1 2 1 0
16 19 19 1 2 1 0
16 23 19 1 4 1 0
16 64 19 2 8 1 0
16 72 19 1 2 1 0
17 17 19 2 2 1 0
17 20 19 1 4 1 0
17 72 19 1 1 1 0
17 73 19 4 2 1 0
17 75 19 8 2 1 0
18 64 19 1 1 1 0
18 65 19 2 8 1 0
18 77 19 1 1 1 0
19 8 19 1 2 1 0
19 16 19 1 2 1 0
19 77 19 8 2 1 0
20 6 19 2 4 1 0
20 10 19 1 1 1 0
20 15 19 1 2 1 0
20 71 19 1 2 1 0
21 5 19 1 1 1 0
21 10 19 1 2 1 0
21 13 19 2 2 1 0
21 15 19 1 1 1 0
21 74 19 1 1 1 0
21 79 19 4 1 1 0
22 5 19 2 8 1 0
24 6 19 2 4 1 0
24 10 19 8 2 1 0
25 75 19 2 2 1 0
25 79 19 2 1 1 0
26 6 19 1 2 1 0
26 8 19 2 2 1 0
26 85 19 1 1 1 0
26 86 19 2 2 1 0
26 88 19 2 4 1 0
27 7 19 1 1 1 0
27 75 19 3 1 1 0
27 76 19 1 4 1 0
27 82 19 2 4 1 0
28 9 19 1 1 1 0
28 76 19 2 4 1 0
28 80 19 1 2 1 0
28 86 19 1 1 1 0
29 83 19 4 1 1 0
32 10 19 8 2 1 0
33 83 19 1 1 1 0
34 75 19 2 8 1 0
34 83 19 2 4 1 0
35 9 19 1 1 1 0
35 87 19 1 1 1 0
35 90 19 1 2 1 0
36 7 19 1 3 1 0
36 75 19 8 2 1 0
36 77 19 8 2 1 0
36 79 19 4 1 1 0
36 84 19 1 2 1 0
36 86 19 2 2 1 0
36 88 19 2 4 1 0
37 6 19 2 4 1 0
37 85 19 1 1 1 0
39 6 19 1 4 1 0
39 12 19 1 1 1 0
40 5 19 2 8 1 0
40 79 19 3 1 1 0
41 13 19 2 2 1 0
42 5 19 1 1 1 0
42 6 19 2 4 1 0
42 10 19 1 2 1 0
42 15 19 1 1 1 0
42 74 19 2 1 1 0
43 10 19 1 1 1 0
43 15 19 1 2 1 0
43 70 19 1 4 1 0
44 16 19 1 2 1 0
44 62 19 4 2 1 0
44 64 19 2 8 1 0
44 72 19 2 4 1 0
44 76 19 2 2 1 0
44 78 19 1 1 1 0
45 17 19 1 2 1 0
45 61 19 3 1 1 0
46 18 19 1 1 1 0
46 19 19 2 2 1 0
46 21 19 1 2 1 0
46 23 19 2 2 1 0
46 64 19 2 8 1 0
46 72 19 1 4 1 0
47 25 19 2 2 1 0
47 28 19 2 2 1 0
47 72 19 1 1 1 0
48 20 19 1 1 1 0
48 27 19 1 1 1 0
48 30 19 1 1 1 0
48 31 19 2 4 1 0
48 35 19 1 1 1 0
48 36 19 2 4 1 0
48 40 19 2 2 1 0
48 51 19 2 4 1 0
48 56 19 2 2 1 0
48 58 19 1 2 1 0
48 60 19 2 2 1 0
48 62 19 1 2 1 0
48 64 19 1 4 1 0
48 68 19 1 1 1 0
49 42 19 1 2 1 0
49 44 19 1 4 1 0
49 48 19 2 2 1 0
49 50 19 2 1 1 0
49 55 19 1 1 1 0
49 59 19 1 1 1 0
50 36 19 1 3 1 0
13 37 20 2 4 1 0
13 47 20 2 4 1 0
13 51 20 2 1 1 0
14 31 20 2 2 1 0
14 33 20 1 1 1 0
14 34 20 2 2 1 0
14 36 20 1 1 1 0
14 41 20 1 4 1 0
14 45 20 1 2 1 0
14 52 20 1 4 1 0
14 56 20 1 2 1 0
14 58 20 2 2 1 0
14 60 20 1 3 1 0
15 19 20 1 3 1 0
15 25 20 1 4 1 0
15 29 20 1 2 1 0
15 61 20 2 8 1 0
15 69 20 1 1 1 0
16 18 20 3 1 1 0
16 19 20 1 1 1 0
16 20 20 2 2 1 0
16 22 20 1 4 1 0
16 69 20 1 3 1 0
16 72 20 2 2 1 0
17 22 20 1 1 1 0
17 62 20 1 1 1 0
17 71 20 1 1 1 0
17 74 20 2 2 1 0
17 76 20 1 1 1 0
18 17 20 1 1 1 0
18 61 20 1 4 1 0
18 65 20 1 1 1 0
18 67 20 1 1 1 0
18 76 20 2 2 1 0
19 15 20 1 3 1 0
19 65 20 1 3 1 0
19 68 20 1 4 1 0
19 78 20 1 1 1 0
20 7 20 8 2 1 0
20 9 20 1 1 1 0
20 11 20 1 1 1 0
20 14 20 2 1 1 0
20 15 20 1 1 1 0
20 71 20 1 4 1 0
20 77 20 1 1 1 0
20 78 20 8 2 1 0
21 9 20 1 3 1 0
21 13 20 2 1 1 0
21 74 20 1 1 1 0
21 75 20 3 1 1 0
22 6 20 2 1 1 0
22 9 20 2 4 1 0
24 6 20 4 1 1 0
24 9 20 4 1 1 0
24 10 20 8 2 1 0
24 12 20 4 1 1 0
24 75 20 4 1 1 0
25 85 20 4 2 1 0
25 87 20 3 1 1 0
25 88 20 1 4 1 0
26 88 20 2 4 1 0
27 82 20 2 2 1 0
27 84 20 2 1 1 0
28 12 20 4 1 1 0
28 75 20 1 1 1 0
28 76 20 1 4 1 0
28 80 20 1 2 1 0
29 83 20 4 1 1 0
32 10 20 8 2 1 0
32 12 20 4 1 1 0
33 83 20 2 1 1 0
34 78 20 8 2 1 0
35 7 20 8 2 1 0
35 75 20 1 3 1 0
35 80 20 1 2 1 0
35 82 20 2 4 1 0
35 86 20 1 1 1 0
36 6 20 4 1 1 0
36 9 20 4 1 1 0
36 12 20 4 1 1 0
36 75 20 4 1 1 0
36 86 20 2 2 1 0
36 88 20 2 4 1 0
37 85 20 1 1 1 0
40 6 20 2 1 1 0
40 9 20 2 4 1 0
40 75 20 3 1 1 0
41 13 20 1 1 1 0
41 14 20 2 1 1 0
42 9 20 1 3 1 0
42 15 20 2 1 1 0
42 73 20 1 2 1 0
42 78 20 3 1 1 0
42 79 20 1 1 1 0
43 8 20 1 2 1 0
43 11 20 1 1 1 0
43 16 20 2 1 1 0
43 70 20 1 4 1 0
43 77 20 1 1 1 0
44 17 20 2 1 1 0
44 62 20 3 1 1 0
44 63 20 1 1 1 0
44 64 20 1 4 1 0
44 68 20 1 3 1 0
44 76 20 2 2 1 0
45 18 20 3 1 1 0
45 61 20 1 1 1 0
45 67 20 1 1 1 0
45 73 20 2 2 1 0
45 75 20 2 1 1 0
46 20 20 2 2 1 0
46 22 20 1 1 1 0
46 70 20 2 2 1 0
46 72 20 2 1 1 0
47 19 20 1 1 1 0
47 23 20 1 3 1 0
47 61 20 2 8 1 0
47 69 20 1 1 1 0
48 20 20 1 2 1 0
48 25 20 1 4 1 0
48 29 20 1 2 1 0
48 31 20 2 2 1 0
48 34 20 1 4 1 0
48 56 20 2 2 1 0
48 58 20 1 3 1 0
49 33 20 1 2 1 0
49 36 20 1 1 1 0
49 37 20 2 4 1 0
49 41 20 1 4 1 0
49 45 20 1 2 1 0
49 47 20 2 4 1 0
49 51 20 2 1 1 0
49 52 20 1 4 1 0
49 60 20 1 3 1 0
13 36 21 2 2 1 0
13 38 21 1 2 1 0
13 40 21 2 8 1 0
13 48 21 1 3 1 0
13 51 21 2 2 1 0
14 20 21 2 2 1 0
14 32 21 1 4 1 0
14 53 21 1 3 1 0
14 56 21 1 4 1 0
14 60 21 1 3 1 0
15 19 21 1 1 1 0
15 24 21 2 2 1 0
15 26 21 1 2 1 0
15 28 21 1 4 1 0
15 32 21 1 1 1 0
15 62 21 2 8 1 0
16 18 21 1 2 1 0
16 21 21 1 3 1 0
16 70 21 1 2 1 0
16 72 21 2 2 1 0
17 17 21 1 2 1 0
17 21 21 1 1 1 0
17 62 21 1 1 1 0
17 71 21 1 1 1 0
17 74 21 2 2 1 0
17 76 21 1 1 1 0
18 15 21 2 2 1 0
18 17 21 1 1 1 0
18 62 21 1 2 1 0
18 64 21 2 2 1 0
18 67 21 1 1 1 0
18 76 21 2 2 1 0
19 11 21 2 2 1 0
19 66 21 1 2 1 0
19 68 21 1 4 1 0
19 78 21 1 1 1 0
20 10 21 1 1 1 0
20 14 21 1 2 1 0
20 71 21 1 4 1 0
20 77 21 1 1 1 0
20 78 21 8 2 1 0
21 10 21 2 4 1 0
21 14 21 1 1 1 0
21 74 21 1 1 1 0
21 75 21 3 1 1 0
22 9 21 1 1 1 0
23 7 21 1 1 1 0
23 8 21 1 4 1 0
23 12 21 1 1 1 0
24 6 21 2 4 1 0
24 10 21 8 2 1 0
24 12 21 4 1 1 0
24 75 21 4 1 1 0
25 85 21 2 2 1 0
25 87 21 3 1 1 0
25 88 21 1 4 1 0
26 6 21 2 4 1 0
26 88 21 2 4 1 0
27 80 21 1 3 1 0
27 83 21 2 4 1 0
28 7 21 1 3 1 0
28 12 21 4 1 1 0
28 75 21 1 1 1 0
28 76 21 1 4 1 0
29 83 21 4 1 1 0
32 10 21 8 2 1 0
32 12 21 4 1 1 0
33 83 21 2 1 1 0
34 7 21 1 1 1 0
35 7 21 1 3 1 0
35 75 21 1 3 1 0
35 78 21 8 2 1 0
35 80 21 1 2 1 0
35 82 21 2 4 1 0
35 86 21 1 1 1 0
36 6 21 2 4 1 0
36 12 21 4 1 1 0
36 75 21 4 1 1 0
36 86 21 2 2 1 0
36 88 21 2 4 1 0
37 85 21 1 1 1 0
38 6 21 2 4 1 0
40 7 21 1 2 1 0
40 9 21 2 4 1 0
40 75 21 2 1 1 0
41 13 21 1 1 1 0
42 10 21 1 1 1 0
42 11 21 2 2 1 0
42 13 21 1 2 1 0
42 73 21 1 3 1 0
43 14 21 1 2 1 0
43 70 21 1 4 1 0
43 77 21 1 2 1 0
44 15 21 1 2 1 0
44 62 21 3 1 1 0
44 63 21 1 1 1 0
44 64 21 1 4 1 0
44 68 21 1 3 1 0
44 76 21 2 2 1 0
44 78 21 1 1 1 0
45 16 21 1 3 1 0
45 67 21 1 1 1 0
45 73 21 2 2 1 0
45 75 21 2 1 1 0
46 18 21 1 1 1 0
46 21 21 2 2 1 0
46 70 21 2 2 1 0
46 72 21 2 1 1 0
47 18 21 1 2 1 0
47 23 21 1 1 1 0
47 24 21 2 2 1 0
47 62 21 2 4 1 0
47 66 21 2 2 1 0
47 68 21 1 2 1 0
48 19 21 1 1 1 0
48 20 21 2 2 1 0
48 26 21 1 2 1 0
48 28 21 1 4 1 0
48 32 21 2 4 1 0
48 36 21 1 1 1 0
48 57 21 2 2 1 0
48 59 21 1 2 1 0
48 68 21 1 1 1 0
49 36 21 2 2 1 0
49 40 21 2 8 1 0
49 51 21 2 2 1 0
49 53 21 1 4 1 0
49 60 21 1 3 1 0
50 38 21 1 2 1 0
50 48 21 1 3 1 0
13 35 22 2 2 1 0
13 37 22 1 3 1 0
13 40 22 1 4 1 0
13 44 22 1 4 1 0
13 48 22 1 4 1 0
13 52 22 2 2 1 0
14 20 22 2 2 1 0
14 30 22 2 2 1 0
14 32 22 1 3 1 0
14 40 22 2 8 1 0
14 48 22 2 2 1 0
14 54 22 1 2 1 0
14 56 22 1 4 1 0
14 60 22 1 2 1 0
14 62 22 4 2 1 0
15 19 22 2 1 1 0
15 24 22 1 4 1 0
15 28 22 1 2 1 0
16 18 22 2 1 1 0
16 21 22 1 4 1 0
17 17 22 1 1 1 0
18 15 22 1 3 1 0
18 62 22 1 3 1 0
18 67 22 1 1 1 0
19 11 22 1 2 1 0
19 14 22 3 1 1 0
19 15 22 1 1 1 0
19 64 22 1 4 1 0
19 68 22 1 4 1 0
20 10 22 4 2 1 0
20 12 22 2 2 1 0
20 71 22 1 4 1 0
21 74 22 1 1 1 0
21 75 22 3 1 1 0
22 9 22 1 1 1 0
22 12 22 2 1 1 0
24 10 22 8 2 1 0
24 12 22 4 1 1 0
24 75 22 4 1 1 0
25 6 22 3 1 1 0
25 7 22 4 2 1 0
25 9 22 4 1 1 0
25 85 22 2 2 1 0
25 87 22 3 1 1 0
25 88 22 1 4 1 0
26 88 22 2 4 1 0
27 79 22 2 8 1 0
28 12 22 4 1 1 0
28 75 22 1 4 1 0
29 7 22 1 3 1 0
29 83 22 4 1 1 0
32 10 22 8 2 1 0
32 12 22 4 1 1 0
33 83 22 2 1 1 0
34 7 22 4 2 1 0
34 9 22 4 1 1 0
35 6 22 3 1 1 0
35 75 22 1 1 1 0
35 76 22 1 4 1 0
35 80 22 1 2 1 0
35 82 22 2 4 1 0
35 86 22 1 1 1 0
36 12 22 4 1 1 0
36 75 22 4 1 1 0
36 86 22 2 2 1 0
36 88 22 2 4 1 0
37 85 22 1 1 1 0
38 7 22 1 3 1 0
40 9 22 2 2 1 0
40 11 22 4 2 1 0
40 75 22 3 1 1 0
41 13 22 2 1 1 0
42 10 22 1 1 1 0
42 14 22 2 1 1 0
42 73 22 1 2 1 0
43 15 22 3 1 1 0
43 70 22 1 4 1 0
44 11 22 1 2 1 0
44 62 22 2 2 1 0
44 64 22 1 4 1 0
44 68 22 1 3 1 0
45 16 22 1 1 1 0
45 17 22 2 1 1 0
45 67 22 1 1 1 0
46 18 22 2 1 1 0
46 21 22 1 1 1 0
46 62 22 2 1 1 0
47 19 22 2 1 1 0
47 21 22 1 4 1 0
48 20 22 2 2 1 0
48 24 22 1 4 1 0
48 28 22 1 4 1 0
48 32 22 1 1 1 0
48 33 22 2 1 1 0
48 40 22 2 8 1 0
48 48 22 2 2 1 0
48 59 22 1 1 1 0
48 60 22 2 4 1 0
49 34 22 1 1 1 0
49 35 22 2 2 1 0
49 52 22 2 2 1 0
49 54 22 1 2 1 0
49 56 22 1 4 1 0
50 37 22 1 3 1 0
50 40 22 1 4 1 0
50 44 22 1 4 1 0
50 48 22 1 4 1 0
13 35 23 1 3 1 0
13 38 23 2 2 1 0
13 40 23 2 1 1 0
13 49 23 2 2 1 0
13 51 23 1 2 1 0
13 53 23 2 2 1 0
14 20 23 2 2 1 0
14 25 23 1 1 1 0
14 29 23 2 2 1 0
14 31 23 1 1 1 0
14 32 23 1 4 1 0
14 55 23 1 1 1 0
14 56 23 1 4 1 0
14 60 23 1 4 1 0
15 19 23 1 1 1 0
15 23 23 1 1 1 0
15 24 23 1 4 1 0
15 28 23 1 1 1 0
15 38 23 2 8 1 0
15 46 23 2 4 1 0
15 50 23 1 1 1 0
15 63 23 4 1 1 0
16 18 23 1 2 1 0
16 21 23 1 3 1 0
16 30 23 1 1 1 0
16 34 23 1 4 1 0
16 50 23 4 2 1 0
17 17 23 1 2 1 0
18 11 23 2 2 1 0
18 15 23 1 3 1 0
18 64 23 1 1 1 0
18 67 23 1 1 1 0
19 14 23 1 2 1 0
19 64 23 1 4 1 0
19 68 23 1 4 1 0
20 10 23 2 4 1 0
20 14 23 1 1 1 0
20 50 23 1 2 1 0
20 52 23 1 4 1 0
20 56 23 1 1 1 0
20 57 23 4 1 1 0
20 58 23 1 1 1 0
20 71 23 1 4 1 0
21 9 23 2 1 1 0
21 74 23 1 1 1 0
21 75 23 3 1 1 0
22 10 23 2 2 1 0
22 12 23 2 1 1 0
24 10 23 8 2 1 0
24 12 23 4 1 1 0
24 57 23 4 1 1 0
24 75 23 4 1 1 0
26 7 23 4 2 1 0
26 9 23 4 1 1 0
26 85 23 1 1 1 0
26 86 23 2 2 1 0
26 88 23 2 4 1 0
27 82 23 2 4 1 0
28 12 23 4 1 1 0
28 57 23 2 1 1 0
28 75 23 2 1 1 0
28 76 23 2 4 1 0
28 80 23 1 2 1 0
28 86 23 1 1 1 0
29 83 23 4 1 1 0
30 7 23 1 3 1 0
30 57 23 4 2 1 0
32 10 23 8 2 1 0
32 12 23 4 1 1 0
33 7 23 4 2 1 0
33 9 23 4 1 1 0
33 83 23 2 1 1 0
34 57 23 2 1 1 0
34 75 23 2 1 1 0
34 76 23 2 2 1 0
34 78 23 1 2 1 0
35 79 23 1 3 1 0
35 82 23 2 4 1 0
35 86 23 1 1 1 0
36 12 23 4 1 1 0
36 57 23 4 1 1 0
36 75 23 4 1 1 0
36 86 23 2 2 1 0
36 88 23 2 4 1 0
37 7 23 1 3 1 0
37 85 23 1 1 1 0
40 10 23 1 3 1 0
40 57 23 4 1 1 0
40 75 23 2 1 1 0
41 9 23 2 4 1 0
42 13 23 1 1 1 0
42 14 23 3 1 1 0
42 73 23 1 3 1 0
43 10 23 1 1 1 0
43 11 23 2 2 1 0
43 50 23 1 2 1 0
43 52 23 1 4 1 0
43 56 23 1 1 1 0
43 58 23 1 1 1 0
43 70 23 1 4 1 0
44 15 23 1 1 1 0
44 50 23 4 2 1 0
44 63 23 4 1 1 0
44 64 23 1 4 1 0
44 68 23 1 3 1 0
45 11 23 1 2 1 0
45 15 23 1 3 1 0
45 67 23 1 1 1 0
46 17 23 1 2 1 0
47 18 23 1 2 1 0
47 21 23 1 2 1 0
47 23 23 2 2 1 0
47 30 23 1 1 1 0
47 34 23 1 4 1 0
47 38 23 2 8 1 0
47 46 23 2 4 1 0
48 19 23 1 1 1 0
48 20 23 2 2 1 0
48 25 23 1 3 1 0
48 28 23 1 4 1 0
48 32 23 1 1 1 0
48 50 23 1 1 1 0
48 61 23 1 1 1 0
48 62 23 2 2 1 0
49 29 23 1 1 1 0
49 32 23 1 4 1 0
49 38 23 2 2 1 0
49 40 23 1 1 1 0
49 49 23 2 2 1 0
49 53 23 2 2 1 0
49 55 23 1 1 1 0
49 56 23 1 4 1 0
49 60 23 1 2 1 0
50 35 23 1 3 1 0
50 51 23 1 2 1 0
13 21 24 1 1 1 0
13 34 24 1 3 1 0
13 37 24 2 2 1 0
13 50 24 1 4 1 0
13 54 24 2 1 1 0
14 20 24 2 2 1 0
14 24 24 2 2 1 0
14 28 24 2 2 1 0
14 30 24 1 4 1 0
14 34 24 1 1 1 0
14 50 24 2 2 1 0
14 55 24 1 1 1 0
14 56 24 1 4 1 0
14 60 24 1 3 1 0
14 63 24 4 1 1 0
15 19 24 2 1 1 0
15 22 24 2 1 1 0
15 23 24 1 1 1 0
15 26 24 1 2 1 0
15 37 24 1 3 1 0
15 40 24 1 4 1 0
15 44 24 1 4 1 0
15 48 24 1 2 1 0
16 18 24 2 1 1 0
16 21 24 1 1 1 0
16 30 24 1 1 1 0
16 34 24 8 2 1 0
16 36 24 8 2 1 0
16 38 24 8 2 1 0
16 40 24 8 2 1 0
16 42 24 8 2 1 0
16 44 24 8 2 1 0
16 46 24 8 2 1 0
16 48 24 8 2 1 0
16 50 24 8 2 1 0
16 52 24 4 1 1 0
17 17 24 1 1 1 0
18 11 24 4 2 1 0
18 15 24 2 1 1 0
18 16 24 1 1 1 0
18 63 24 1 2 1 0
18 67 24 1 1 1 0
18 68 24 2 2 1 0
19 10 24 3 1 1 0
19 14 24 2 1 1 0
19 64 24 1 4 1 0
19 70 24 1 2 1 0
20 13 24 2 1 1 0
20 52 24 4 2 1 0
20 54 24 4 2 1 0
20 56 24 4 2 1 0
20 58 24 4 1 1 0
20 71 24 1 4 1 0
21 74 24 1 1 1 0
21 75 24 3 1 1 0
22 11 24 2 2 1 0
23 10 24 1 1 1 0
24 10 24 8 2 1 0
24 12 24 4 1 1 0
24 40 24 8 2 1 0
24 42 24 8 2 1 0
24 56 24 8 2 1 0
24 58 24 4 1 1 0
24 75 24 4 1 1 0
26 85 24 1 3 1 0
26 88 24 1 4 1 0
27 7 24 8 2 1 0
27 9 24 1 1 1 0
27 37 24 4 1 1 0
27 38 24 1 2 1 0
27 84 24 2 8 1 0
28 9 24 4 1 1 0
28 12 24 4 1 1 0
28 35 24 8 2 1 0
28 38 24 2 2 1 0
28 58 24 4 1 1 0
28 75 24 1 1 1 0
28 79 24 3 1 1 0
28 80 24 2 4 1 0
29 34 24 4 1 1 0
29 75 24 2 4 1 0
29 84 24 1 3 1 0
30 39 24 1 1 1 0
30 83 24 4 1 1 0
32 9 24 4 1 1 0
32 10 24 8 2 1 0
32 12 24 4 1 1 0
32 39 24 2 1 1 0
32 40 24 8 2 1 0
32 42 24 8 2 1 0
32 56 24 8 2 1 0
32 58 24 4 1 1 0
33 34 24 2 1 1 0
33 37 24 3 1 1 0
33 38 24 1 1 1 0
33 75 24 2 4 1 0
33 79 24 1 1 1 0
34 38 24 2 2 1 0
34 79 24 2 8 1 0
35 7 24 2 2 1 0
35 75 24 1 1 1 0
35 87 24 1 1 1 0
35 88 24 1 4 1 0
36 9 24 1 1 1 0
36 12 24 4 1 1 0
36 58 24 4 1 1 0
36 75 24 4 1 1 0
36 85 24 2 1 1 0
36 86 24 2 2 1 0
36 88 24 2 4 1 0
39 34 24 1 1 1 0
40 10 24 1 1 1 0
40 11 24 4 2 1 0
40 34 24 8 2 1 0
40 36 24 8 2 1 0
40 38 24 8 2 1 0
40 40 24 8 2 1 0
40 42 24 8 2 1 0
40 44 24 8 2 1 0
40 46 24 8 2 1 0
40 48 24 8 2 1 0
40 50 24 8 2 1 0
40 52 24 4 2 1 0
40 54 24 4 2 1 0
40 56 24 4 2 1 0
40 58 24 4 1 1 0
40 75 24 3 1 1 0
42 10 24 2 1 1 0
42 13 24 2 1 1 0
42 73 24 1 2 1 0
43 14 24 2 1 1 0
43 70 24 1 4 1 0
44 11 24 2 2 1 0
44 15 24 1 1 1 0
44 52 24 4 1 1 0
44 63 24 4 1 1 0
44 64 24 1 4 1 0
44 68 24 1 3 1 0
45 15 24 1 3 1 0
45 67 24 1 1 1 0
46 17 24 1 1 1 0
46 18 24 2 1 1 0
47 19 24 2 1 1 0
47 21 24 1 3 1 0
47 30 24 1 1 1 0
48 20 24 2 2 1 0
48 23 24 1 1 1 0
48 24 24 1 4 1 0
48 28 24 2 4 1 0
48 37 24 2 2 1 0
48 39 24 1 1 1 0
48 40 24 1 4 1 0
48 44 24 1 4 1 0
48 48 24 1 2 1 0
48 50 24 2 2 1 0
48 63 24 1 1 1 0
49 32 24 1 3 1 0
49 54 24 2 1 1 0
49 55 24 1 1 1 0
49 56 24 1 4 1 0
49 60 24 1 4 1 0
50 34 24 1 4 1 0
50 38 24 1 1 1 0
50 50 24 1 4 1 0
13 21 25 1 1 1 0
13 33 25 2 2 1 0
13 35 25 1 1 1 0
13 36 25 2 2 1 0
13 51 25 2 2 1 0
13 53 25 1 1 1 0
13 54 25 2 2 1 0
14 20 25 2 4 1 0
14 24 25 2 2 1 0
14 27 25 2 2 1 0
14 29 25 1 4 1 0
14 56 25 1 4 1 0
14 60 25 1 4 1 0
15 19 25 1 1 1 0
15 26 25 1 1 1 0
15 36 25 2 8 1 0
15 44 25 2 8 1 0
15 52 25 1 1 1 0
15 63 25 4 1 1 0
16 18 25 1 2 1 0
16 21 25 1 1 1 0
16 30 25 1 1 1 0
16 34 25 4 1 1 0
16 35 25 1 1 1 0
16 52 25 4 2 1 0
17 17 25 1 2 1 0
18 10 25 2 2 1 0
18 12 25 2 1 1 0
18 15 25 1 2 1 0
18 64 25 1 1 1 0
19 14 25 1 2 1 0
19 64 25 1 4 1 0
19 68 25 1 4 1 0
20 10 25 2 4 1 0
20 14 25 1 1 1 0
20 34 25 3 1 1 0
20 51 25 1 1 1 0
20 52 25 1 4 1 0
20 56 25 1 2 1 0
20 58 25 4 1 1 0
20 71 25 1 4 1 0
21 74 25 1 1 1 0
21 75 25 3 1 1 0
22 11 25 2 2 1 0
23 34 25 1 4 1 0
23 38 25 1 1 1 0
23 39 25 4 2 1 0
23 41 25 1 2 1 0
23 54 25 1 2 1 0
24 6 25 1 1 1 0
24 10 25 8 2 1 0
24 12 25 4 1 1 0
24 58 25 4 1 1 0
24 75 25 4 1 1 0
25 6 25 1 2 1 0
26 7 25 1 1 1 0
26 85 25 2 1 1 0
26 86 25 2 2 1 0
26 88 25 2 4 1 0
27 7 25 8 2 1 0
27 36 25 1 4 1 0
27 40 25 1 3 1 0
28 9 25 4 1 1 0
28 12 25 4 1 1 0
28 35 25 2 2 1 0
28 58 25 4 1 1 0
28 75 25 2 1 1 0
28 84 25 2 8 1 0
29 34 25 4 1 1 0
29 37 25 1 2 1 0
29 79 25 1 1 1 0
29 80 25 1 4 1 0
30 36 25 3 1 1 0
30 37 25 1 1 1 0
30 39 25 1 1 1 0
30 57 25 1 1 1 0
30 75 25 2 2 1 0
30 78 25 2 8 1 0
30 86 25 2 1 1 0
31 40 25 1 1 1 0
31 77 25 1 1 1 0
32 9 25 4 1 1 0
32 10 25 8 2 1 0
32 12 25 4 1 1 0
32 39 25 1 2 1 0
32 57 25 2 2 1 0
32 75 25 1 4 1 0
32 79 25 2 8 1 0
33 34 25 1 1 1 0
33 36 25 1 4 1 0
33 75 25 3 1 1 0
34 34 25 1 2 1 0
34 58 25 2 1 1 0
34 82 25 1 2 1 0
34 84 25 2 8 1 0
35 7 25 4 1 1 0
35 8 25 1 1 1 0
35 35 25 1 4 1 0
35 39 25 2 4 1 0
36 12 25 4 1 1 0
36 58 25 4 1 1 0
36 75 25 4 1 1 0
36 85 25 1 3 1 0
36 88 25 1 4 1 0
37 39 25 4 2 1 0
38 6 25 2 1 1 0
39 34 25 1 1 1 0
40 11 25 2 2 1 0
40 34 25 1 4 1 0
40 38 25 1 1 1 0
40 41 25 1 2 1 0
40 54 25 1 2 1 0
40 58 25 4 1 1 0
40 75 25 2 1 1 0
41 34 25 3 1 1 0
42 10 25 2 4 1 0
42 73 25 1 3 1 0
43 14 25 1 1 1 0
43 51 25 1 1 1 0
43 52 25 1 4 1 0
43 56 25 1 2 1 0
43 70 25 1 4 1 0
44 10 25 1 1 1 0
44 11 25 2 2 1 0
44 14 25 1 2 1 0
44 34 25 4 1 1 0
44 52 25 4 2 1 0
44 63 25 4 1 1 0
44 64 25 1 4 1 0
44 68 25 1 3 1 0
45 16 25 1 2 1 0
46 17 25 1 2 1 0
47 18 25 1 2 1 0
47 21 25 1 1 1 0
47 22 25 2 2 1 0
47 30 25 1 1 1 0
47 35 25 1 1 1 0
47 36 25 2 8 1 0
47 44 25 2 8 1 0
48 19 25 1 1 1 0
48 20 25 2 2 1 0
48 24 25 1 4 1 0
48 28 25 1 1 1 0
48 52 25 1 1 1 0
48 63 25 1 1 1 0
49 24 25 1 1 1 0
49 28 25 1 4 1 0
49 32 25 1 1 1 0
49 33 25 2 2 1 0
49 36 25 2 2 1 0
49 51 25 2 2 1 0
49 54 25 2 2 1 0
49 56 25 1 4 1 0
49 60 25 1 4 1 0
50 21 25 1 1 1 0
50 35 25 1 1 1 0
50 53 25 1 1 1 0
13 21 26 1 2 1 0
13 33 26 1 3 1 0
13 36 26 4 1 1 0
13 52 26 4 1 1 0
13 53 26 1 3 1 0
13 62 26 1 1 1 0
14 19 26 1 3 1 0
14 22 26 2 2 1 0
14 24 26 1 1 1 0
14 27 26 1 1 1 0
14 28 26 1 4 1 0
14 32 26 1 2 1 0
14 55 26 1 1 1 0
14 56 26 1 4 1 0
14 60 26 1 3 1 0
14 63 26 4 1 1 0
15 18 26 2 2 1 0
15 24 26 1 4 1 0
16 17 26 1 1 1 0
16 30 26 1 1 1 0
16 34 26 4 1 1 0
16 35 26 1 1 1 0
16 53 26 4 2 1 0
16 64 26 2 4 1 0
16 68 26 2 2 1 0
17 12 26 1 2 1 0
17 16 26 1 3 1 0
17 70 26 1 2 1 0
17 72 26 4 2 1 0
18 11 26 1 1 1 0
18 12 26 2 2 1 0
18 15 26 2 1 1 0
18 16 26 1 1 1 0
18 63 26 1 1 1 0
18 64 26 2 8 1 0
18 74 26 4 2 1 0
18 76 26 2 1 1 0
19 10 26 2 2 1 0
19 14 26 2 1 1 0
19 77 26 1 1 1 0
20 12 26 4 2 1 0
20 34 26 4 1 1 0
20 51 26 1 1 1 0
20 52 26 1 4 1 0
20 56 26 1 2 1 0
20 58 26 4 1 1 0
20 71 26 1 1 1 0
20 76 26 4 2 1 0
21 11 26 4 1 1 0
21 78 26 3 1 1 0
22 75 26 2 1 1 0
23 35 26 1 1 1 0
23 36 26 1 4 1 0
23 40 26 1 2 1 0
23 54 26 1 2 1 0
24 6 26 1 1 1 0
24 12 26 8 2 1 0
24 38 26 4 2 1 0
24 58 26 4 1 1 0
24 75 26 4 1 1 0
24 76 26 8 2 1 0
24 78 26 4 1 1 0
25 6 26 2 2 1 0
25 10 26 8 2 1 0
27 7 26 2 2 1 0
27 37 26 1 1 1 0
27 40 26 1 2 1 0
27 85 26 8 2 1 0
27 87 26 8 2 1 0
27 89 26 8 2 1 0
27 91 26 1 1 1 0
28 35 26 2 2 1 0
28 58 26 4 1 1 0
28 75 26 4 1 1 0
28 78 26 3 1 1 0
28 91 26 4 1 1 0
29 8 26 4 2 1 0
29 34 26 4 1 1 0
29 37 26 2 1 1 0
29 38 26 1 1 1 0
30 7 26 3 1 1 0
30 36 26 4 1 1 0
30 39 26 1 1 1 0
30 57 26 1 1 1 0
30 84 26 4 1 1 0
31 40 26 2 1 1 0
31 78 26 2 4 1 0
31 82 26 2 2 1 0
32 12 26 8 2 1 0
32 39 26 1 1 1 0
32 57 26 2 2 1 0
32 75 26 4 1 1 0
32 76 26 8 2 1 0
32 91 26 4 1 1 0
33 7 26 4 2 1 0
33 9 26 2 1 1 0
33 10 26 4 2 1 0
33 34 26 2 1 1 0
33 37 26 1 3 1 0
33 78 26 3 1 1 0
34 35 26 1 1 1 0
34 58 26 2 1 1 0
35 35 26 1 4 1 0
35 40 26 2 2 1 0
35 85 26 1 1 1 0
35 86 26 2 2 1 0
35 88 26 1 3 1 0
36 38 26 4 2 1 0
36 58 26 4 1 1 0
36 75 26 4 1 1 0
36 78 26 4 1 1 0
36 90 26 1 1 1 0
37 6 26 2 2 1 0
37 10 26 2 2 1 0
39 6 26 1 1 1 0
39 11 26 4 1 1 0
39 34 26 1 1 1 0
40 12 26 4 2 1 0
40 34 26 4 1 1 0
40 35 26 1 1 1 0
40 36 26 1 4 1 0
40 40 26 1 2 1 0
40 54 26 1 2 1 0
40 58 26 4 1 1 0
40 75 26 4 1 1 0
40 76 26 4 2 1 0
40 78 26 3 1 1 0
42 73 26 4 2 1 0
43 10 26 2 2 1 0
43 14 26 2 1 1 0
43 51 26 1 2 1 0
43 53 26 4 2 1 0
43 55 26 1 3 1 0
43 70 26 1 2 1 0
43 72 26 4 1 1 0
44 12 26 2 2 1 0
44 15 26 2 1 1 0
44 34 26 4 1 1 0
44 63 26 4 1 1 0
44 64 26 2 8 1 0
44 75 26 2 1 1 0
44 76 26 1 1 1 0
45 11 26 1 1 1 0
45 16 26 2 1 1 0
46 12 26 1 2 1 0
46 17 26 2 2 1 0
46 64 26 2 4 1 0
46 68 26 1 4 1 0
46 73 26 1 1 1 0
47 19 26 1 1 1 0
47 22 26 2 1 1 0
47 30 26 1 1 1 0
47 35 26 1 1 1 0
47 36 26 4 1 1 0
47 52 26 4 1 1 0
47 53 26 1 2 1 0
47 68 26 1 1 1 0
48 18 26 1 3 1 0
48 23 26 1 1 1 0
48 24 26 1 4 1 0
48 28 26 1 1 1 0
48 63 26 1 1 1 0
49 20 26 1 1 1 0
49 21 26 2 2 1 0
49 24 26 1 1 1 0
49 28 26 1 4 1 0
49 32 26 1 2 1 0
49 55 26 1 1 1 0
49 56 26 1 4 1 0
49 60 26 1 4 1 0
50 33 26 1 3 1 0
50 53 26 1 3 1 0
13 21 27 2 2 1 0
13 32 27 1 3 1 0
13 35 27 4 2 1 0
13 52 27 1 4 1 0
13 62 27 2 2 1 0
14 20 27 2 1 1 0
14 23 27 1 2 1 0
14 26 27 1 2 1 0
14 28 27 1 4 1 0
14 32 27 1 1 1 0
14 52 27 3 1 1 0
14 55 27 1 1 1 0
14 56 27 1 4 1 0
14 60 27 1 2 1 0
15 18 27 2 2 1 0
15 22 27 1 1 1 0
15 24 27 1 3 1 0
15 63 27 2 4 1 0
15 67 27 2 2 1 0
15 69 27 1 1 1 0
16 17 27 1 1 1 0
16 30 27 1 1 1 0
16 34 27 4 1 1 0
16 53 27 1 1 1 0
16 54 27 4 2 1 0
16 69 27 2 4 1 0
16 73 27 1 1 1 0
17 12 27 1 2 1 0
17 16 27 1 2 1 0
17 73 27 2 4 1 0
18 11 27 1 1 1 0
18 12 27 2 4 1 0
18 16 27 1 1 1 0
18 77 27 1 1 1 0
19 10 27 2 2 1 0
19 76 27 1 1 1 0
19 77 27 2 2 1 0
20 12 27 4 2 1 0
20 14 27 1 1 1 0
20 34 27 4 1 1 0
20 52 27 1 4 1 0
20 56 27 1 1 1 0
20 57 27 2 2 1 0
21 11 27 4 1 1 0
21 78 27 8 2 1 0
22 57 27 1 2 1 0
23 35 27 1 1 1 0
23 36 27 1 4 1 0
23 40 27 1 1 1 0
23 54 27 1 2 1 0
23 58 27 1 1 1 0
24 12 27 8 2 1 0
24 36 27 4 2 1 0
24 38 27 4 1 1 0
24 57 27 2 2 1 0
25 6 27 1 2 1 0
25 11 27 2 1 1 0
26 6 27 2 2 1 0
26 58 27 2 1 1 0
27 8 27 1 1 1 0
27 10 27 8 2 1 0
27 39 27 1 2 1 0
28 7 27 1 2 1 0
28 35 27 2 2 1 0
28 57 27 8 2 1 0
29 7 27 1 1 1 0
29 8 27 4 2 1 0
29 34 27 4 1 1 0
29 37 27 1 2 1 0
29 78 27 2 2 1 0
29 85 27 1 3 1 0
29 88 27 1 4 1 0
30 36 27 3 1 1 0
30 37 27 1 1 1 0
30 39 27 1 1 1 0
30 80 27 2 8 1 0
30 88 27 2 4 1 0
31 7 27 2 1 1 0
31 40 27 1 1 1 0
31 79 27 1 1 1 0
32 12 27 8 2 1 0
32 39 27 1 2 1 0
32 78 27 8 2 1 0
32 80 27 2 4 1 0
32 84 27 1 2 1 0
32 86 27 2 2 1 0
32 88 27 2 4 1 0
33 7 27 4 2 1 0
33 9 27 2 1 1 0
33 34 27 1 1 1 0
33 36 27 1 4 1 0
33 85 27 1 1 1 0
34 34 27 1 2 1 0
34 85 27 1 3 1 0
34 88 27 1 4 1 0
35 6 27 4 1 1 0
35 10 27 2 2 1 0
35 35 27 1 1 1 0
35 36 27 2 4 1 0
35 40 27 2 1 1 0
36 58 27 1 1 1 0
37 7 27 1 1 1 0
37 11 27 4 1 1 0
37 36 27 4 2 1 0
37 38 27 4 1 1 0
37 57 27 2 2 1 0
39 34 27 1 1 1 0
39 58 27 2 1 1 0
40 12 27 4 2 1 0
40 34 27 4 1 1 0
40 35 27 1 1 1 0
40 39 27 1 2 1 0
40 54 27 1 2 1 0
40 78 27 2 2 1 0
41 11 27 2 1 1 0
41 57 27 2 2 1 0
42 78 27 3 1 1 0
42 79 27 1 1 1 0
43 10 27 2 2 1 0
43 14 27 1 1 1 0
43 52 27 1 4 1 0
43 56 27 1 3 1 0
43 77 27 1 1 1 0
44 12 27 2 4 1 0
44 34 27 4 1 1 0
44 54 27 4 2 1 0
44 75 27 3 1 1 0
44 76 27 2 2 1 0
45 11 27 1 1 1 0
45 16 27 2 1 1 0
45 73 27 2 2 1 0
46 12 27 1 2 1 0
46 17 27 2 2 1 0
46 68 27 2 4 1 0
46 72 27 2 1 1 0
47 19 27 1 1 1 0
47 30 27 1 1 1 0
47 35 27 4 2 1 0
47 52 27 3 1 1 0
47 53 27 1 1 1 0
47 63 27 2 4 1 0
47 67 27 1 1 1 0
48 18 27 1 3 1 0
48 22 27 2 2 1 0
48 24 27 1 4 1 0
48 28 27 1 1 1 0
48 67 27 1 2 1 0
49 20 27 1 2 1 0
49 24 27 1 1 1 0
49 28 27 1 4 1 0
49 32 27 1 1 1 0
49 55 27 1 1 1 0
49 56 27 1 4 1 0
49 60 27 1 4 1 0
50 21 27 1 2 1 0
50 32 27 1 3 1 0
50 52 27 1 4 1 0
13 21 28 2 2 1 0
13 32 28 1 3 1 0
13 35 28 4 1 1 0
13 52 28 4 1 1 0
13 53 28 1 3 1 0
13 62 28 2 2 1 0
14 20 28 2 1 1 0
14 23 28 1 1 1 0
14 24 28 2 2 1 0
14 26 28 1 2 1 0
14 28 28 1 4 1 0
14 32 28 1 1 1 0
14 55 28 1 1 1 0
14 56 28 1 4 1 0
14 60 28 1 2 1 0
15 17 28 3 1 1 0
15 19 28 2 1 1 0
15 22 28 1 1 1 0
15 63 28 1 3 1 0
15 66 28 2 4 1 0
16 18 28 1 1 1 0
16 30 28 1 1 1 0
16 34 28 4 1 1 0
16 53 28 1 2 1 0
16 55 28 4 1 1 0
16 56 28 4 2 1 0
16 70 28 1 2 1 0
16 72 28 2 2 1 0
17 12 28 1 2 1 0
17 16 28 2 1 1 0
17 74 28 2 2 1 0
18 11 28 2 1 1 0
18 12 28 2 4 1 0
18 76 28 1 2 1 0
19 10 28 1 1 1 0
19 77 28 2 2 1 0
20 11 28 4 1 1 0
20 12 28 4 2 1 0
20 34 28 4 1 1 0
20 53 28 1 4 1 0
20 57 28 2 2 1 0
21 51 28 1 1 1 0
21 52 28 2 1 1 0
21 78 28 1 2 1 0
22 57 28 1 1 1 0
22 58 28 2 1 1 0
22 78 28 2 2 1 0
23 35 28 4 2 1 0
23 37 28 1 2 1 0
23 54 28 1 1 1 0
23 55 28 2 1 1 0
24 11 28 4 1 1 0
24 12 28 8 2 1 0
24 57 28 2 2 1 0
24 78 28 8 2 1 0
26 7 28 1 1 1 0
26 58 28 2 1 1 0
27 6 28 8 2 1 0
27 8 28 1 1 1 0
27 35 28 2 2 1 0
27 37 28 1 2 1 0
28 8 28 8 2 1 0
28 10 28 8 2 1 0
28 57 28 8 2 1 0
29 5 28 1 1 1 0
29 34 28 2 1 1 0
29 35 28 1 1 1 0
29 36 28 2 4 1 0
30 4 28 2 2 1 0
30 40 28 2 1 1 0
30 80 28 4 2 1 0
30 82 28 4 2 1 0
30 84 28 1 1 1 0
31 34 28 2 2 1 0
31 36 28 3 1 1 0
31 84 28 2 2 1 0
32 4 28 1 1 1 0
32 5 28 3 1 1 0
32 12 28 8 2 1 0
32 39 28 2 2 1 0
32 78 28 8 2 1 0
33 34 28 2 1 1 0
33 37 28 4 2 1 0
33 84 28 1 1 1 0
34 35 28 1 1 1 0
34 39 28 1 1 1 0
35 6 28 2 2 1 0
35 35 28 4 2 1 0
36 11 28 4 1 1 0
36 58 28 4 1 1 0
38 57 28 1 1 1 0
39 34 28 2 4 1 0
39 55 28 2 1 1 0
40 11 28 3 1 1 0
40 12 28 4 2 1 0
40 38 28 1 1 1 0
40 54 28 1 1 1 0
40 58 28 1 1 1 0
40 78 28 2 2 1 0
41 34 28 3 1 1 0
41 51 28 2 2 1 0
41 57 28 2 2 1 0
42 78 28 3 1 1 0
42 79 28 1 1 1 0
43 10 28 2 2 1 0
43 53 28 1 4 1 0
43 57 28 1 2 1 0
43 77 28 1 1 1 0
44 12 28 2 4 1 0
44 34 28 4 1 1 0
44 55 28 4 1 1 0
44 56 28 4 2 1 0
44 76 28 2 2 1 0
45 11 28 1 1 1 0
45 16 28 2 1 1 0
45 74 28 2 2 1 0
46 12 28 1 2 1 0
46 17 28 2 2 1 0
46 71 28 2 2 1 0
46 73 28 1 1 1 0
47 19 28 2 1 1 0
47 30 28 1 1 1 0
47 35 28 4 1 1 0
47 52 28 4 1 1 0
47 53 28 1 2 1 0
47 63 28 2 4 1 0
47 67 28 2 2 1 0
47 69 28 1 2 1 0
48 20 28 2 1 1 0
48 22 28 2 2 1 0
48 24 28 1 4 1 0
49 21 28 2 1 1 0
49 24 28 1 1 1 0
49 27 28 1 1 1 0
49 28 28 1 4 1 0
49 32 28 1 1 1 0
49 55 28 1 1 1 0
49 56 28 1 4 1 0
49 60 28 1 4 1 0
50 22 28 1 1 1 0
50 32 28 1 3 1 0
50 53 28 1 3 1 0
13 21 29 2 2 1 0
13 32 29 1 4 1 0
13 52 29 1 3 1 0
13 55 29 2 8 1 0
13 63 29 3 1 1 0
14 20 29 2 1 1 0
14 23 29 1 1 1 0
14 24 29 1 4 1 0
14 28 29 1 4 1 0
14 32 29 1 1 1 0
14 35 29 3 1 1 0
14 52 29 2 1 1 0
15 16 29 2 4 1 0
15 22 29 1 1 1 0
15 24 29 1 1 1 0
15 64 29 1 4 1 0
15 68 29 1 2 1 0
16 29 29 4 1 1 0
16 30 29 8 2 1 0
16 32 29 8 2 1 0
16 34 29 4 1 1 0
16 52 29 1 4 1 0
16 56 29 1 1 1 0
16 57 29 4 1 1 0
16 58 29 4 2 1 0
16 60 29 2 4 1 0
16 64 29 2 8 1 0
16 72 29 2 2 1 0
17 12 29 1 2 1 0
17 16 29 1 3 1 0
17 74 29 1 3 1 0
18 11 29 2 1 1 0
18 12 29 2 2 1 0
18 15 29 1 2 1 0
18 72 29 2 4 1 0
18 76 29 4 2 1 0
19 14 29 1 2 1 0
19 78 29 3 1 1 0
20 12 29 4 2 1 0
20 29 29 4 1 1 0
20 34 29 3 1 1 0
20 51 29 2 2 1 0
20 54 29 1 4 1 0
20 58 29 2 2 1 0
21 11 29 3 1 1 0
21 53 29 1 1 1 0
21 57 29 1 1 1 0
21 79 29 1 1 1 0
22 51 29 2 1 1 0
22 52 29 2 4 1 0
22 56 29 2 8 1 0
22 64 29 2 8 1 0
22 72 29 2 8 1 0
23 34 29 1 4 1 0
24 11 29 4 1 1 0
24 12 29 8 2 1 0
24 29 29 2 1 1 0
24 32 29 2 4 1 0
24 53 29 1 1 1 0
24 54 29 2 4 1 0
24 58 29 8 2 1 0
24 60 29 4 1 1 0
24 62 29 1 2 1 0
24 64 29 1 4 1 0
24 69 29 1 3 1 0
24 73 29 1 3 1 0
24 76 29 2 4 1 0
26 29 29 1 3 1 0
26 32 29 1 4 1 0
26 55 29 1 3 1 0
26 76 29 2 4 1 0
27 6 29 1 2 1 0
27 9 29 1 2 1 0
27 29 29 2 8 1 0
27 37 29 1 1 1 0
27 57 29 1 1 1 0
28 4 29 2 8 1 0
28 57 29 4 1 1 0
28 60 29 4 1 1 0
28 76 29 2 4 1 0
29 29 29 2 4 1 0
29 33 29 2 2 1 0
29 35 29 1 1 1 0
29 36 29 2 4 1 0
30 3 29 2 8 1 0
30 11 29 4 1 1 0
30 40 29 1 1 1 0
30 76 29 1 4 1 0
30 82 29 1 2 1 0
30 84 29 2 2 1 0
31 29 29 2 8 1 0
31 39 29 2 2 1 0
31 76 29 2 8 1 0
32 3 29 2 8 1 0
32 12 29 2 2 1 0
32 57 29 2 4 1 0
32 84 29 1 2 1 0
33 29 29 2 4 1 0
33 33 29 2 2 1 0
33 36 29 1 1 1 0
33 37 29 2 2 1 0
33 39 29 1 2 1 0
33 76 29 1 4 1 0
33 83 29 1 2 1 0
34 4 29 1 1 1 0
34 5 29 2 8 1 0
34 13 29 2 1 1 0
34 35 29 1 1 1 0
34 39 29 1 1 1 0
34 57 29 2 4 1 0
34 76 29 2 4 1 0
35 34 29 2 4 1 0
36 9 29 1 2 1 0
36 11 29 8 2 1 0
36 13 29 4 1 1 0
36 57 29 2 4 1 0
36 76 29 2 4 1 0
37 34 29 2 2 1 0
37 55 29 2 2 1 0
38 54 29 1 1 1 0
38 57 29 1 4 1 0
38 76 29 2 4 1 0
39 29 29 2 8 1 0
39 52 29 2 8 1 0
39 60 29 1 4 1 0
39 64 29 1 4 1 0
39 68 29 1 4 1 0
39 72 29 1 4 1 0
40 13 29 4 1 1 0
40 37 29 1 1 1 0
40 51 29 1 1 1 0
40 60 29 8 2 1 0
40 62 29 8 2 1 0
40 72 29 2 8 1 0
41 29 29 2 4 1 0
41 33 29 4 2 1 0
41 50 29 2 4 1 0
41 54 29 1 1 1 0
41 57 29 1 3 1 0
42 57 29 1 1 1 0
42 58 29 2 2 1 0
42 76 29 4 2 1 0
42 78 29 3 1 1 0
42 79 29 1 1 1 0
43 14 29 1 1 1 0
43 29 29 2 4 1 0
43 51 29 1 2 1 0
43 54 29 1 4 1 0
44 11 29 2 1 1 0
44 12 29 2 2 1 0
44 14 29 1 2 1 0
44 57 29 4 1 1 0
44 58 29 4 2 1 0
44 72 29 2 4 1 0
45 15 29 1 3 1 0
45 29 29 2 4 1 0
45 33 29 2 2 1 0
46 12 29 1 2 1 0
46 16 29 2 2 1 0
46 18 29 1 1 1 0
46 64 29 2 8 1 0
46 72 29 1 4 1 0
47 18 29 2 2 1 0
47 29 29 1 3 1 0
47 32 29 1 4 1 0
47 52 29 1 4 1 0
47 56 29 1 1 1 0
47 72 29 1 1 1 0
48 20 29 2 1 1 0
48 22 29 1 1 1 0
48 24 29 1 3 1 0
48 35 29 2 1 1 0
48 52 29 2 1 1 0
48 63 29 2 2 1 0
48 65 29 1 4 1 0
49 21 29 2 2 1 0
49 23 29 1 2 1 0
49 26 29 1 2 1 0
49 28 29 1 4 1 0
49 32 29 1 1 1 0
49 55 29 2 8 1 0
50 32 29 1 4 1 0
50 52 29 1 3 1 0
50 63 29 1 2 1 0
13 21 30 1 1 1 0
13 22 30 2 1 1 0
13 32 30 2 1 1 0
13 33 30 1 1 1 0
13 34 30 4 2 1 0
13 52 30 2 2 1 0
13 54 30 1 2 1 0
13 56 30 1 4 1 0
13 60 30 1 3 1 0
14 20 30 2 2 1 0
14 23 30 1 1 1 0
14 24 30 1 4 1 0
14 28 30 1 4 1 0
14 64 30 1 1 1 0
15 16 30 1 2 1 0
15 18 30 2 2 1 0
15 24 30 1 1 1 0
15 53 30 1 1 1 0
15 64 30 2 4 1 0
15 68 30 2 2 1 0
16 15 30 2 2 1 0
16 29 30 4 1 1 0
16 30 30 1 4 1 0
16 53 30 1 3 1 0
16 56 30 1 4 1 0
16 60 30 1 4 1 0
16 70 30 1 1 1 0
16 71 30 2 1 1 0
16 72 30 2 2 1 0
17 11 30 3 1 1 0
17 12 30 1 2 1 0
17 34 30 4 1 1 0
17 74 30 2 2 1 0
18 12 30 2 2 1 0
18 15 30 2 1 1 0
18 16 30 1 1 1 0
18 76 30 2 2 1 0
19 14 30 2 1 1 0
19 52 30 1 2 1 0
19 78 30 3 1 1 0
20 12 30 4 2 1 0
20 29 30 4 1 1 0
20 51 30 4 1 1 0
20 52 30 4 2 1 0
20 54 30 4 2 1 0
20 56 30 4 1 1 0
20 57 30 8 2 1 0
20 77 30 1 1 1 0
21 34 30 2 1 1 0
21 79 30 1 1 1 0
22 11 30 4 1 1 0
22 78 30 2 2 1 0
23 34 30 2 2 1 0
23 36 30 2 1 1 0
23 60 30 1 3 1 0
23 64 30 2 2 1 0
23 67 30 1 3 1 0
23 71 30 1 3 1 0
23 75 30 2 2 1 0
24 9 30 2 1 1 0
24 12 30 8 2 1 0
24 29 30 4 1 1 0
24 51 30 1 1 1 0
24 52 30 2 4 1 0
24 56 30 3 1 1 0
24 60 30 4 1 1 0
24 62 30 1 2 1 0
24 66 30 1 2 1 0
24 69 30 1 3 1 0
24 73 30 1 2 1 0
24 78 30 8 2 1 0
25 76 30 3 1 1 0
26 8 30 8 2 1 0
26 10 30 8 2 1 0
26 54 30 1 2 1 0
27 4 30 8 2 1 0
27 6 30 8 2 1 0
27 35 30 1 1 1 0
27 36 30 2 1 1 0
28 3 30 2 1 1 0
28 29 30 4 1 1 0
28 34 30 2 2 1 0
28 57 30 8 2 1 0
28 60 30 4 1 1 0
28 76 30 4 1 1 0
29 37 30 2 2 1 0
30 2 30 4 2 1 0
30 34 30 4 1 1 0
30 36 30 4 1 1 0
30 39 30 1 1 1 0
30 83 30 4 2 1 0
30 85 30 3 1 1 0
31 39 30 2 2 1 0
32 12 30 8 2 1 0
32 29 30 2 1 1 0
32 60 30 4 1 1 0
32 76 30 4 1 1 0
32 78 30 8 2 1 0
33 37 30 1 3 1 0
34 3 30 2 1 1 0
34 8 30 4 2 1 0
34 10 30 4 2 1 0
34 29 30 1 4 1 0
34 33 30 4 2 1 0
34 35 30 1 1 1 0
35 4 30 1 1 1 0
35 5 30 2 2 1 0
35 7 30 2 1 1 0
35 35 30 2 2 1 0
36 57 30 8 2 1 0
36 60 30 4 1 1 0
36 76 30 4 1 1 0
37 54 30 4 2 1 0
37 56 30 3 1 1 0
38 9 30 2 1 1 0
38 11 30 4 1 1 0
38 33 30 2 2 1 0
38 52 30 2 2 1 0
39 29 30 1 4 1 0
39 35 30 2 2 1 0
39 51 30 1 1 1 0
39 61 30 1 3 1 0
39 64 30 1 4 1 0
39 68 30 1 4 1 0
39 72 30 1 4 1 0
40 12 30 4 2 1 0
40 29 30 4 1 1 0
40 34 30 4 1 1 0
40 50 30 2 2 1 0
40 52 30 4 2 1 0
40 56 30 4 1 1 0
40 78 30 2 2 1 0
41 54 30 2 2 1 0
42 49 30 1 3 1 0
42 78 30 3 1 1 0
42 79 30 1 1 1 0
43 11 30 3 1 1 0
43 14 30 2 1 1 0
43 51 30 1 1 1 0
43 54 30 1 1 1 0
43 77 30 1 1 1 0
44 12 30 2 2 1 0
44 15 30 1 1 1 0
44 29 30 4 1 1 0
44 34 30 3 1 1 0
44 52 30 1 2 1 0
44 76 30 2 2 1 0
45 15 30 2 2 1 0
45 73 30 2 2 1 0
45 75 30 2 1 1 0
46 12 30 1 2 1 0
46 70 30 2 2 1 0
46 72 30 2 1 1 0
47 16 30 1 1 1 0
47 17 30 2 2 1 0
47 19 30 2 1 1 0
47 30 30 1 4 1 0
47 34 30 4 2 1 0
47 53 30 4 1 1 0
47 54 30 1 2 1 0
47 56 30 1 4 1 0
47 60 30 1 4 1 0
47 64 30 2 4 1 0
47 68 30 2 1 1 0
47 69 30 1 1 1 0
48 20 30 2 2 1 0
48 24 30 1 2 1 0
48 52 30 1 1 1 0
49 22 30 1 3 1 0
49 26 30 1 2 1 0
49 28 30 1 4 1 0
49 32 30 2 1 1 0
49 64 30 2 1 1 0
50 21 30 1 2 1 0
50 33 30 1 1 1 0
50 54 30 1 2 1 0
50 56 30 1 4 1 0
50 60 30 1 4 1 0
13 21 31 1 3 1 0
13 32 31 1 2 1 0
13 34 31 4 2 1 0
13 53 31 4 2 1 0
13 55 31 4 1 1 0
13 56 31 1 4 1 0
13 60 31 1 4 1 0
13 64 31 2 1 1 0
14 17 31 2 2 1 0
14 21 31 1 1 1 0
14 23 31 1 1 1 0
14 24 31 1 4 1 0
14 28 31 1 4 1 0
14 32 31 1 1 1 0
15 16 31 1 1 1 0
15 19 31 1 3 1 0
15 64 31 2 4 1 0
15 68 31 2 2 1 0
16 15 31 1 2 1 0
16 29 31 1 4 1 0
16 33 31 1 1 1 0
16 56 31 1 4 1 0
16 60 31 1 4 1 0
16 70 31 1 2 1 0
16 72 31 2 2 1 0
17 12 31 8 2 1 0
17 14 31 1 2 1 0
17 29 31 3 1 1 0
17 34 31 4 1 1 0
17 71 31 1 1 1 0
17 74 31 2 2 1 0
18 11 31 2 1 1 0
18 14 31 2 2 1 0
18 76 31 2 2 1 0
19 51 31 2 2 1 0
19 53 31 1 1 1 0
19 78 31 1 1 1 0
20 14 31 4 1 1 0
20 29 31 4 1 1 0
20 53 31 1 3 1 0
20 57 31 1 2 1 0
20 77 31 1 1 1 0
20 78 31 4 2 1 0
21 34 31 2 1 1 0
21 51 31 2 8 1 0
23 9 31 1 1 1 0
23 34 31 2 2 1 0
23 51 31 2 8 1 0
23 60 31 1 3 1 0
23 64 31 2 2 1 0
23 67 31 1 3 1 0
23 71 31 1 3 1 0
23 75 31 2 2 1 0
24 8 31 2 2 1 0
24 11 31 1 1 1 0
24 14 31 1 1 1 0
24 29 31 4 1 1 0
24 60 31 4 1 1 0
24 62 31 1 2 1 0
24 66 31 1 2 1 0
24 69 31 1 3 1 0
24 73 31 1 2 1 0
24 78 31 8 2 1 0
25 10 31 1 3 1 0
25 13 31 8 2 1 0
25 52 31 1 2 1 0
25 54 31 2 2 1 0
25 56 31 2 1 1 0
25 57 31 8 2 1 0
25 76 31 3 1 1 0
26 5 31 2 8 1 0
27 3 31 1 2 1 0
27 35 31 1 1 1 0
28 3 31 2 8 1 0
28 11 31 8 2 1 0
28 29 31 4 1 1 0
28 34 31 2 2 1 0
28 60 31 4 1 1 0
28 76 31 4 1 1 0
29 2 31 1 1 1 0
29 38 31 1 1 1 0
29 83 31 1 3 1 0
30 1 31 2 8 1 0
30 9 31 4 2 1 0
30 34 31 4 1 1 0
30 36 31 1 4 1 0
30 82 31 2 4 1 0
30 86 31 4 1 1 0
31 36 31 2 1 1 0
31 39 31 2 2 1 0
32 1 31 2 8 1 0
32 29 31 2 1 1 0
32 60 31 4 1 1 0
32 76 31 4 1 1 0
32 78 31 8 2 1 0
32 82 31 2 4 1 0
33 13 31 2 2 1 0
33 36 31 1 4 1 0
33 57 31 4 2 1 0
34 2 31 1 1 1 0
34 3 31 2 8 1 0
34 29 31 1 3 1 0
34 32 31 2 4 1 0
34 83 31 1 2 1 0
35 13 31 1 2 1 0
36 4 31 1 2 1 0
36 6 31 2 8 1 0
36 14 31 4 1 1 0
36 32 31 4 2 1 0
36 60 31 3 1 1 0
36 76 31 4 1 1 0
37 54 31 1 4 1 0
37 58 31 1 1 1 0
38 8 31 2 2 1 0
38 10 31 1 2 1 0
38 12 31 8 2 1 0
38 51 31 2 8 1 0
39 11 31 1 1 1 0
39 29 31 1 3 1 0
39 34 31 2 2 1 0
39 50 31 1 1 1 0
39 60 31 1 4 1 0
39 64 31 1 4 1 0
39 68 31 1 4 1 0
39 72 31 1 4 1 0
40 9 31 1 1 1 0
40 14 31 4 1 1 0
40 29 31 4 1 1 0
40 50 31 2 8 1 0
40 58 31 2 1 1 0
40 78 31 2 2 1 0
41 34 31 4 1 1 0
41 49 31 2 1 1 0
42 50 31 2 4 1 0
42 54 31 1 2 1 0
42 57 31 2 2 1 0
42 78 31 3 1 1 0
42 79 31 1 1 1 0
43 11 31 2 1 1 0
43 54 31 1 1 1 0
43 77 31 1 1 1 0
44 14 31 2 2 1 0
44 29 31 3 1 1 0
44 51 31 1 3 1 0
44 76 31 2 2 1 0
45 34 31 2 1 1 0
45 73 31 2 2 1 0
45 75 31 2 1 1 0
46 13 31 1 3 1 0
46 70 31 2 2 1 0
46 72 31 2 1 1 0
47 15 31 1 2 1 0
47 29 31 1 4 1 0
47 33 31 1 1 1 0
47 34 31 4 2 1 0
47 53 31 4 2 1 0
47 55 31 4 1 1 0
47 56 31 1 4 1 0
47 60 31 1 4 1 0
47 64 31 2 4 1 0
47 68 31 1 2 1 0
48 16 31 1 4 1 0
48 20 31 1 2 1 0
48 24 31 1 2 1 0
48 68 31 1 1 1 0
49 21 31 1 1 1 0
49 22 31 2 2 1 0
49 25 31 1 3 1 0
49 28 31 1 4 1 0
49 32 31 1 1 1 0
49 64 31 2 1 1 0
50 32 31 1 2 1 0
50 56 31 1 4 1 0
50 60 31 1 4 1 0
13 22 32 1 2 1 0
13 26 32 2 4 1 0
13 30 32 2 2 1 0
13 32 32 1 1 1 0
13 35 32 1 1 1 0
13 36 32 2 1 1 0
14 17 32 1 3 1 0
14 21 32 1 1 1 0
14 23 32 1 3 1 0
15 15 32 3 1 1 0
15 16 32 1 2 1 0
15 19 32 1 3 1 0
15 35 32 2 2 1 0
16 29 32 4 1 1 0
16 30 32 1 4 1 0
16 34 32 1 1 1 0
17 13 32 1 2 1 0
18 12 32 2 4 1 0
19 11 32 2 1 1 0
19 51 32 1 2 1 0
20 12 32 4 2 1 0
20 14 32 4 1 1 0
20 29 32 4 1 1 0
20 51 32 4 1 1 0
20 52 32 4 2 1 0
20 54 32 1 1 1 0
21 54 32 4 2 1 0
22 56 32 2 1 1 0
23 8 32 1 2 1 0
23 57 32 1 1 1 0
23 60 32 1 3 1 0
23 64 32 2 2 1 0
23 67 32 1 3 1 0
23 71 32 1 3 1 0
23 75 32 2 2 1 0
24 8 32 8 2 1 0
24 10 32 8 2 1 0
24 12 32 8 2 1 0
24 14 32 4 1 1 0
24 29 32 4 1 1 0
24 51 32 1 1 1 0
24 52 32 2 2 1 0
24 56 32 2 2 1 0
24 60 32 4 1 1 0
24 62 32 1 2 1 0
24 66 32 1 2 1 0
24 69 32 1 3 1 0
24 73 32 1 2 1 0
25 7 32 1 1 1 0
25 54 32 1 2 1 0
25 76 32 3 1 1 0
26 4 32 8 2 1 0
26 6 32 8 2 1 0
27 3 32 1 1 1 0
28 2 32 8 2 1 0
28 14 32 4 1 1 0
28 29 32 4 1 1 0
28 60 32 4 1 1 0
28 76 32 4 1 1 0
29 1 32 1 1 1 0
29 38 32 1 1 1 0
29 82 32 4 2 1 0
29 84 32 4 2 1 0
30 0 32 4 2 1 0
30 36 32 4 1 1 0
30 37 32 1 3 1 0
30 81 32 4 1 1 0
30 86 32 1 1 1 0
31 40 32 2 1 1 0
31 86 32 2 2 1 0
32 8 32 8 2 1 0
32 10 32 4 2 1 0
32 12 32 8 2 1 0
32 14 32 4 1 1 0
32 29 32 3 1 1 0
32 39 32 1 1 1 0
32 60 32 4 1 1 0
32 76 32 4 1 1 0
33 37 32 1 3 1 0
33 82 32 2 4 1 0
33 86 32 1 1 1 0
34 1 32 1 1 1 0
34 4 32 3 1 1 0
34 5 32 4 2 1 0
34 7 32 4 1 1 0
34 30 32 2 4 1 0
34 34 32 2 1 1 0
36 3 32 1 1 1 0
36 10 32 2 2 1 0
36 14 32 4 1 1 0
36 30 32 4 2 1 0
36 32 32 4 1 1 0
36 60 32 4 1 1 0
36 76 32 4 1 1 0
38 7 32 1 1 1 0
38 10 32 1 1 1 0
38 11 32 2 1 1 0
38 51 32 1 1 1 0
38 52 32 1 4 1 0
38 56 32 1 2 1 0
39 29 32 1 1 1 0
39 33 32 1 2 1 0
39 50 32 2 8 1 0
39 61 32 1 3 1 0
39 64 32 1 4 1 0
39 68 32 1 4 1 0
39 72 32 1 4 1 0
40 8 32 1 2 1 0
40 12 32 4 2 1 0
40 14 32 4 1 1 0
40 29 32 4 1 1 0
41 50 32 3 1 1 0
41 51 32 4 2 1 0
41 53 32 2 2 1 0
41 55 32 2 1 1 0
41 56 32 1 1 1 0
43 11 32 2 1 1 0
43 53 32 1 2 1 0
44 12 32 2 4 1 0
44 29 32 4 1 1 0
46 13 32 1 3 1 0
47 15 32 1 2 1 0
47 20 32 2 1 1 0
47 30 32 1 4 1 0
47 34 32 1 1 1 0
47 35 32 2 2 1 0
48 16 32 1 4 1 0
48 21 32 2 1 1 0
48 24 32 1 1 1 0
49 22 32 2 2 1 0
49 24 32 1 4 1 0
49 28 32 1 1 1 0
49 29 32 2 2 1 0
49 31 32 2 1 1 0
49 36 32 2 1 1 0
50 32 32 1 4 1 0
13 22 33 2 2 1 0
13 26 33 1 2 1 0
13 28 33 1 4 1 0
13 32 33 1 1 1 0
13 35 33 1 3 1 0
14 17 33 2 2 1 0
14 21 33 1 1 1 0
14 24 33 1 3 1 0
14 37 33 1 1 1 0
15 16 33 1 1 1 0
15 19 33 1 3 1 0
15 36 33 2 2 1 0
16 15 33 1 2 1 0
16 20 33 1 1 1 0
16 29 33 4 1 1 0
16 30 33 1 2 1 0
16 32 33 1 4 1 0
17 13 33 1 3 1 0
18 12 33 2 4 1 0
18 16 33 2 1 1 0
19 11 33 2 1 1 0
19 51 33 1 1 1 0
20 12 33 2 2 1 0
20 14 33 2 1 1 0
20 29 33 4 1 1 0
20 51 33 4 1 1 0
20 52 33 2 2 1 0
21 54 33 1 2 1 0
22 8 33 1 1 1 0
22 12 33 1 3 1 0
22 52 33 2 4 1 0
23 7 33 2 8 1 0
23 60 33 1 3 1 0
23 64 33 2 2 1 0
23 67 33 1 3 1 0
23 71 33 1 3 1 0
23 75 33 2 2 1 0
24 29 33 4 1 1 0
24 51 33 1 4 1 0
24 60 33 4 1 1 0
24 62 33 1 2 1 0
24 66 33 1 2 1 0
24 69 33 1 3 1 0
24 73 33 1 2 1 0
25 7 33 2 8 1 0
25 76 33 3 1 1 0
26 4 33 1 3 1 0
26 82 33 2 2 1 0
26 85 33 2 2 1 0
27 3 33 2 8 1 0
27 11 33 8 2 1 0
27 13 33 8 2 1 0
27 81 33 1 1 1 0
27 84 33 1 1 1 0
27 87 33 1 1 1 0
28 2 33 1 1 1 0
28 29 33 4 1 1 0
28 60 33 4 1 1 0
28 76 33 4 1 1 0
28 80 33 2 8 1 0
29 1 33 1 3 1 0
29 4 33 1 4 1 0
29 8 33 4 2 1 0
29 10 33 3 1 1 0
29 79 33 4 1 1 0
29 88 33 2 2 1 0
30 0 33 2 8 1 0
30 36 33 1 4 1 0
30 80 33 2 8 1 0
31 36 33 2 1 1 0
31 39 33 2 2 1 0
31 88 33 2 1 1 0
32 0 33 2 8 1 0
32 10 33 4 1 1 0
32 29 33 2 1 1 0
32 60 33 4 1 1 0
32 76 33 4 1 1 0
32 80 33 2 8 1 0
33 8 33 1 2 1 0
33 36 33 1 4 1 0
33 79 33 1 1 1 0
33 88 33 2 2 1 0
34 1 33 1 1 1 0
34 2 33 2 8 1 0
34 29 33 2 4 1 0
34 33 33 2 1 1 0
34 79 33 1 3 1 0
34 82 33 2 2 1 0
34 84 33 2 4 1 0
35 11 33 1 2 1 0
35 13 33 2 2 1 0
35 81 33 1 1 1 0
36 3 33 1 2 1 0
36 5 33 2 8 1 0
36 29 33 4 2 1 0
36 60 33 3 1 1 0
36 76 33 4 1 1 0
36 81 33 1 3 1 0
36 84 33 1 4 1 0
37 13 33 1 2 1 0
37 82 33 1 1 1 0
37 85 33 1 1 1 0
38 7 33 2 8 1 0
38 51 33 2 2 1 0
39 31 33 1 3 1 0
39 50 33 1 1 1 0
39 53 33 1 3 1 0
39 60 33 1 4 1 0
39 64 33 1 4 1 0
39 68 33 1 4 1 0
39 72 33 1 4 1 0
40 7 33 1 3 1 0
40 11 33 1 1 1 0
40 12 33 4 2 1 0
40 14 33 4 1 1 0
40 29 33 4 1 1 0
40 50 33 2 2 1 0
40 52 33 2 4 1 0
41 8 33 1 1 1 0
42 51 33 3 1 1 0
42 52 33 2 2 1 0
42 54 33 1 1 1 0
43 11 33 2 1 1 0
43 15 33 1 1 1 0
44 12 33 2 4 1 0
44 16 33 2 1 1 0
44 29 33 4 1 1 0
46 13 33 1 3 1 0
47 15 33 1 2 1 0
47 20 33 2 1 1 0
47 30 33 1 2 1 0
47 32 33 1 4 1 0
47 36 33 2 2 1 0
48 16 33 1 4 1 0
48 21 33 2 2 1 0
49 23 33 1 1 1 0
49 24 33 1 4 1 0
49 28 33 1 1 1 0
49 37 33 1 1 1 0
50 22 33 1 2 1 0
50 29 33 1 3 1 0
50 32 33 1 4 1 0
50 36 33 1 2 1 0
13 22 34 2 2 1 0
13 25 34 1 3 1 0
13 28 34 1 4 1 0
13 36 34 1 1 1 0
13 37 34 4 1 1 0
14 21 34 1 1 1 0
14 24 34 1 2 1 0
15 16 34 2 4 1 0
15 20 34 1 3 1 0
16 20 34 8 2 1 0
16 22 34 8 2 1 0
16 24 34 8 2 1 0
16 26 34 8 2 1 0
16 28 34 8 2 1 0
16 30 34 1 2 1 0
16 32 34 1 4 1 0
16 36 34 1 1 1 0
17 15 34 1 1 1 0
17 16 34 3 1 1 0
18 12 34 2 4 1 0
18 17 34 1 1 1 0
18 18 34 2 2 1 0
20 11 34 1 1 1 0
20 12 34 4 2 1 0
20 14 34 4 1 1 0
20 17 34 4 1 1 0
20 18 34 4 2 1 0
21 51 34 4 2 1 0
21 53 34 2 2 1 0
22 7 34 2 2 1 0
22 11 34 1 1 1 0
23 9 34 1 3 1 0
23 16 34 1 1 1 0
23 53 34 1 2 1 0
23 60 34 1 2 1 0
23 62 34 2 2 1 0
23 64 34 1 1 1 0
23 65 34 2 2 1 0
23 67 34 2 1 1 0
23 68 34 1 1 1 0
23 69 34 2 2 1 0
23 71 34 2 1 1 0
23 72 34 1 1 1 0
23 73 34 2 2 1 0
23 75 34 1 1 1 0
23 76 34 4 1 1 0
23 83 34 1 3 1 0
24 8 34 8 2 1 0
24 10 34 8 2 1 0
24 12 34 8 2 1 0
24 14 34 4 1 1 0
24 16 34 8 2 1 0
24 18 34 8 2 1 0
24 26 34 8 2 1 0
24 28 34 8 2 1 0
24 60 34 4 1 1 0
24 80 34 8 2 1 0
24 82 34 8 2 1 0
24 84 34 8 2 1 0
24 86 34 8 2 1 0
24 88 34 1 1 1 0
25 79 34 1 1 1 0
25 88 34 8 2 1 0
26 4 34 8 2 1 0
26 6 34 8 2 1 0
26 78 34 8 2 1 0
26 90 34 1 1 1 0
27 3 34 1 1 1 0
27 76 34 8 2 1 0
27 90 34 8 2 1 0
28 2 34 8 2 1 0
28 14 34 4 1 1 0
28 24 34 2 2 1 0
28 60 34 4 1 1 0
29 1 34 1 1 1 0
29 92 34 4 1 1 0
30 0 34 4 2 1 0
30 24 34 4 1 1 0
30 36 34 4 1 1 0
30 37 34 1 2 1 0
30 39 34 4 1 1 0
31 40 34 1 1 1 0
32 8 34 8 2 1 0
32 10 34 4 2 1 0
32 12 34 8 2 1 0
32 14 34 4 1 1 0
32 16 34 8 2 1 0
32 18 34 8 2 1 0
32 26 34 8 2 1 0
32 28 34 8 2 1 0
32 60 34 4 1 1 0
32 80 34 8 2 1 0
32 82 34 8 2 1 0
32 84 34 8 2 1 0
32 86 34 8 2 1 0
33 25 34 1 1 1 0
33 37 34 1 2 1 0
33 88 34 4 2 1 0
33 92 34 1 1 1 0
34 1 34 1 1 1 0
34 4 34 3 1 1 0
34 5 34 4 2 1 0
34 7 34 4 1 1 0
34 24 34 2 2 1 0
34 30 34 2 2 1 0
34 78 34 4 2 1 0
35 76 34 2 2 1 0
35 90 34 2 2 1 0
36 3 34 1 1 1 0
36 10 34 1 1 1 0
36 14 34 4 1 1 0
36 60 34 4 1 1 0
37 10 34 4 2 1 0
37 76 34 3 1 1 0
37 88 34 2 2 1 0
37 90 34 1 1 1 0
38 79 34 1 1 1 0
39 30 34 1 2 1 0
39 51 34 4 2 1 0
39 53 34 1 1 1 0
39 61 34 1 3 1 0
39 64 34 1 4 1 0
39 68 34 1 4 1 0
39 72 34 1 4 1 0
40 7 34 2 2 1 0
40 9 34 1 1 1 0
40 12 34 4 2 1 0
40 14 34 4 1 1 0
40 16 34 1 1 1 0
40 17 34 4 1 1 0
40 18 34 4 2 1 0
40 20 34 8 2 1 0
40 22 34 8 2 1 0
40 24 34 8 2 1 0
40 26 34 8 2 1 0
40 28 34 8 2 1 0
40 53 34 2 2 1 0
41 11 34 1 1 1 0
42 53 34 1 1 1 0
43 11 34 1 1 1 0
43 15 34 1 1 1 0
44 12 34 2 4 1 0
44 16 34 1 1 1 0
44 18 34 1 1 1 0
44 19 34 3 1 1 0
45 16 34 4 2 1 0
46 15 34 1 1 1 0
47 18 34 2 2 1 0
47 30 34 1 2 1 0
47 32 34 1 4 1 0
47 36 34 1 1 1 0
47 37 34 4 1 1 0
48 21 34 2 2 1 0
49 23 34 2 1 1 0
49 24 34 1 4 1 0
49 28 34 1 1 1 0
50 28 34 1 4 1 0
50 32 34 1 4 1 0
50 36 34 1 1 1 0
13 23 35 1 1 1 0
13 25 35 1 4 1 0
13 29 35 2 2 1 0
13 31 35 1 1 1 0
13 36 35 1 1 1 0
13 37 35 4 1 1 0
14 21 35 2 8 1 0
15 20 35 1 1 1 0
15 29 35 1 2 1 0
16 17 35 2 4 1 0
16 21 35 2 2 1 0
16 23 35 1 1 1 0
16 24 35 1 4 1 0
16 28 35 8 2 1 0
16 30 35 1 2 1 0
16 32 35 1 4 1 0
16 36 35 1 1 1 0
18 12 35 1 3 1 0
18 16 35 1 4 1 0
19 12 35 2 4 1 0
19 16 35 1 1 1 0
19 18 35 2 1 1 0
20 17 35 4 1 1 0
21 11 35 2 4 1 0
22 7 35 1 2 1 0
22 52 35 2 2 1 0
23 8 35 1 1 1 0
23 10 35 1 4 1 0
23 14 35 1 1 1 0
23 16 35 1 1 1 0
23 60 35 1 1 1 0
23 67 35 1 1 1 0
23 69 35 1 1 1 0
23 81 35 1 3 1 0
23 84 35 1 4 1 0
24 10 35 2 2 1 0
24 12 35 8 2 1 0
24 14 35 4 1 1 0
24 16 35 4 1 1 0
24 28 35 8 2 1 0
24 60 35 1 4 1 0
24 64 35 1 4 1 0
24 68 35 1 4 1 0
24 72 35 1 4 1 0
24 76 35 2 1 1 0
24 79 35 1 1 1 0
24 80 35 2 8 1 0
24 88 35 8 2 1 0
25 60 35 3 1 1 0
25 78 35 8 2 1 0
25 90 35 1 1 1 0
26 4 35 1 4 1 0
26 8 35 1 3 1 0
26 76 35 8 2 1 0
26 80 35 2 8 1 0
26 90 35 8 2 1 0
27 3 35 2 8 1 0
28 2 35 1 1 1 0
28 11 35 1 1 1 0
28 14 35 4 1 1 0
28 16 35 4 1 1 0
28 60 35 4 1 1 0
28 80 35 2 8 1 0
28 92 35 4 1 1 0
29 2 35 1 2 1 0
29 4 35 1 4 1 0
29 8 35 1 4 1 0
29 24 35 4 1 1 0
29 25 35 1 1 1 0
29 26 35 4 1 1 0
30 0 35 2 8 1 0
30 8 35 2 4 1 0
30 36 35 1 4 1 0
30 80 35 2 8 1 0
31 19 35 2 1 1 0
31 27 35 1 1 1 0
31 36 35 2 1 1 0
31 39 35 1 2 1 0
32 0 35 2 8 1 0
32 8 35 2 4 1 0
32 12 35 8 2 1 0
32 14 35 4 1 1 0
32 16 35 4 1 1 0
32 39 35 1 1 1 0
32 60 35 4 1 1 0
32 80 35 2 8 1 0
32 88 35 8 2 1 0
32 92 35 4 1 1 0
33 24 35 2 2 1 0
33 26 35 1 1 1 0
33 36 35 1 4 1 0
33 78 35 1 2 1 0
34 2 35 2 8 1 0
34 10 35 2 2 1 0
34 28 35 2 2 1 0
34 30 35 2 1 1 0
34 76 35 2 4 1 0
34 80 35 2 8 1 0
34 90 35 4 2 1 0
36 3 35 1 2 1 0
36 5 35 2 4 1 0
36 9 35 2 2 1 0
36 14 35 4 1 1 0
36 16 35 4 1 1 0
36 60 35 3 1 1 0
36 76 35 2 4 1 0
36 80 35 2 8 1 0
37 11 35 1 1 1 0
38 10 35 2 2 1 0
38 76 35 2 1 1 0
38 78 35 1 2 1 0
38 80 35 2 8 1 0
38 90 35 1 1 1 0
39 28 35 1 3 1 0
39 60 35 1 4 1 0
39 64 35 1 4 1 0
39 68 35 1 4 1 0
39 72 35 1 4 1 0
39 79 35 1 1 1 0
40 8 35 1 1 1 0
40 10 35 1 1 1 0
40 11 35 2 4 1 0
40 16 35 1 1 1 0
40 17 35 3 1 1 0
40 28 35 8 2 1 0
40 52 35 2 2 1 0
40 81 35 1 4 1 0
40 85 35 1 2 1 0
41 7 35 1 2 1 0
42 11 35 1 4 1 0
43 12 35 2 4 1 0
43 17 35 2 2 1 0
44 16 35 1 1 1 0
44 19 35 1 1 1 0
45 12 35 1 3 1 0
45 17 35 2 4 1 0
46 21 35 1 3 1 0
47 17 35 1 3 1 0
47 20 35 2 8 1 0
47 30 35 3 1 1 0
47 31 35 1 1 1 0
47 32 35 1 4 1 0
47 36 35 1 1 1 0
47 37 35 4 1 1 0
48 28 35 2 2 1 0
49 22 35 1 2 1 0
49 24 35 1 4 1 0
50 23 35 1 1 1 0
50 28 35 1 4 1 0
50 32 35 1 4 1 0
50 36 35 1 1 1 0
13 23 36 2 1 1 0
13 30 36 1 2 1 0
13 36 36 1 1 1 0
13 37 36 4 1 1 0
14 22 36 1 1 1 0
14 27 36 2 4 1 0
15 11 36 1 4 1 0
15 20 36 2 4 1 0
15 24 36 1 3 1 0
16 11 36 2 1 1 0
16 12 36 8 2 1 0
16 14 36 4 1 1 0
16 19 36 1 1 1 0
16 30 36 1 2 1 0
16 32 36 1 4 1 0
16 36 36 1 1 1 0
17 18 36 1 4 1 0
17 22 36 1 1 1 0
18 16 36 2 4 1 0
18 20 36 1 1 1 0
19 15 36 1 1 1 0
20 11 36 3 1 1 0
20 14 36 4 2 1 0
20 17 36 4 1 1 0
20 18 36 1 1 1 0
23 10 36 2 2 1 0
23 16 36 1 1 1 0
23 81 36 1 3 1 0
23 84 36 1 4 1 0
24 12 36 8 2 1 0
24 14 36 8 2 1 0
24 16 36 4 1 1 0
24 60 36 8 2 1 0
24 62 36 8 2 1 0
24 64 36 8 2 1 0
24 66 36 4 2 1 0
24 68 36 4 2 1 0
24 70 36 8 2 1 0
24 72 36 8 2 1 0
24 74 36 8 2 1 0
24 76 36 2 1 1 0
24 79 36 1 1 1 0
24 80 36 8 2 1 0
24 82 36 8 2 1 0
24 84 36 8 2 1 0
24 86 36 8 2 1 0
24 88 36 8 2 1 0
25 9 36 8 2 1 0
25 11 36 1 1 1 0
25 78 36 8 2 1 0
25 90 36 1 1 1 0
26 6 36 8 2 1 0
26 8 36 2 1 1 0
26 76 36 8 2 1 0
26 90 36 8 2 1 0
27 3 36 8 2 1 0
27 5 36 1 1 1 0
28 5 36 4 1 1 0
28 8 36 4 1 1 0
28 11 36 4 1 1 0
28 16 36 4 1 1 0
28 92 36 4 1 1 0
29 2 36 4 1 1 0
29 24 36 4 2 1 0
29 26 36 4 1 1 0
30 36 36 4 1 1 0
30 37 36 1 2 1 0
30 39 36 4 1 1 0
30 66 36 1 4 1 0
31 19 36 2 2 1 0
31 21 36 2 1 1 0
31 27 36 1 1 1 0
31 40 36 1 1 1 0
31 66 36 2 1 1 0
31 69 36 2 1 1 0
32 5 36 3 1 1 0
32 8 36 1 1 1 0
32 11 36 2 1 1 0
32 12 36 8 2 1 0
32 14 36 8 2 1 0
32 16 36 4 1 1 0
32 60 36 8 2 1 0
32 62 36 8 2 1 0
32 64 36 8 2 1 0
32 70 36 8 2 1 0
32 72 36 8 2 1 0
32 74 36 8 2 1 0
32 80 36 8 2 1 0
32 82 36 8 2 1 0
32 84 36 8 2 1 0
32 86 36 8 2 1 0
32 88 36 8 2 1 0
32 92 36 4 1 1 0
33 2 36 2 1 1 0
33 8 36 4 2 1 0
33 10 36 1 1 1 0
33 24 36 2 2 1 0
33 26 36 1 1 1 0
33 37 36 1 2 1 0
33 66 36 2 4 1 0
33 78 36 4 2 1 0
34 6 36 1 2 1 0
34 10 36 2 2 1 0
34 76 36 4 2 1 0
34 90 36 4 2 1 0
35 3 36 1 1 1 0
35 4 36 2 4 1 0
36 10 36 1 1 1 0
36 16 36 4 1 1 0
36 66 36 4 2 1 0
36 68 36 4 2 1 0
37 8 36 1 3 1 0
37 78 36 2 2 1 0
38 9 36 1 1 1 0
38 10 36 2 2 1 0
38 76 36 2 1 1 0
38 90 36 1 1 1 0
39 79 36 1 1 1 0
40 10 36 1 1 1 0
40 11 36 4 1 1 0
40 12 36 8 2 1 0
40 14 36 4 2 1 0
40 16 36 1 1 1 0
40 17 36 4 1 1 0
40 81 36 1 3 1 0
40 84 36 1 4 1 0
43 16 36 1 1 1 0
43 18 36 1 1 1 0
44 14 36 4 1 1 0
44 15 36 1 1 1 0
44 16 36 2 4 1 0
45 20 36 1 1 1 0
46 11 36 2 1 1 0
46 18 36 1 1 1 0
46 19 36 2 1 1 0
46 20 36 2 2 1 0
46 22 36 4 2 1 0
47 24 36 2 2 1 0
47 30 36 4 1 1 0
47 31 36 1 1 1 0
47 32 36 1 4 1 0
47 36 36 1 1 1 0
47 37 36 4 1 1 0
48 12 36 1 3 1 0
48 21 36 1 1 1 0
48 26 36 1 4 1 0
50 31 36 1 1 1 0
50 32 36 1 4 1 0
50 36 36 1 1 1 0
13 30 37 4 2 1 0
13 36 37 4 2 1 0
14 12 37 2 2 1 0
15 11 37 1 1 1 0
15 14 37 1 1 1 0
15 21 37 1 1 1 0
16 11 37 4 1 1 0
16 12 37 8 2 1 0
16 14 37 4 1 1 0
16 19 37 1 1 1 0
16 20 37 2 2 1 0
16 32 37 1 4 1 0
17 18 37 1 2 1 0
18 16 37 2 4 1 0
18 20 37 1 1 1 0
19 15 37 1 1 1 0
19 84 37 1 1 1 0
20 11 37 4 1 1 0
20 14 37 4 2 1 0
20 18 37 1 1 1 0
21 17 37 1 2 1 0
22 17 37 1 1 1 0
23 16 37 2 2 1 0
23 81 37 1 3 1 0
23 84 37 1 4 1 0
24 10 37 1 4 1 0
24 14 37 8 2 1 0
24 79 37 1 1 1 0
24 80 37 2 8 1 0
24 88 37 8 2 1 0
25 9 37 1 1 1 0
25 10 37 3 1 1 0
25 13 37 3 1 1 0
25 16 37 3 1 1 0
25 78 37 1 2 1 0
25 90 37 1 1 1 0
26 8 37 2 2 1 0
26 60 37 8 2 1 0
26 62 37 2 2 1 0
26 64 37 2 8 1 0
26 72 37 2 8 1 0
26 80 37 2 8 1 0
26 90 37 4 2 1 0
27 4 37 1 4 1 0
28 3 37 2 8 1 0
28 13 37 4 1 1 0
28 16 37 4 1 1 0
28 75 37 2 2 1 0
28 77 37 8 2 1 0
28 79 37 4 1 1 0
28 80 37 2 8 1 0
28 92 37 4 1 1 0
29 11 37 2 1 1 0
29 24 37 1 1 1 0
29 25 37 2 2 1 0
30 3 37 2 8 1 0
30 20 37 4 2 1 0
30 36 37 1 4 1 0
30 66 37 1 4 1 0
30 75 37 1 2 1 0
30 80 37 2 8 1 0
30 90 37 4 1 1 0
30 91 37 1 1 1 0
31 2 37 2 1 1 0
31 11 37 2 2 1 0
31 19 37 2 1 1 0
31 26 37 3 1 1 0
31 27 37 1 1 1 0
31 36 37 2 1 1 0
31 39 37 2 1 1 0
31 66 37 2 1 1 0
31 69 37 2 1 1 0
32 3 37 2 8 1 0
32 13 37 4 1 1 0
32 14 37 8 2 1 0
32 16 37 4 1 1 0
32 79 37 4 1 1 0
32 80 37 2 8 1 0
32 88 37 2 2 1 0
32 92 37 4 1 1 0
33 11 37 2 1 1 0
33 25 37 1 1 1 0
33 36 37 1 4 1 0
33 66 37 1 4 1 0
33 75 37 2 2 1 0
33 91 37 1 1 1 0
34 3 37 2 8 1 0
34 24 37 1 2 1 0
34 60 37 2 2 1 0
34 80 37 2 8 1 0
34 88 37 2 4 1 0
35 75 37 1 2 1 0
36 4 37 1 4 1 0
36 8 37 2 2 1 0
36 10 37 3 1 1 0
36 13 37 3 1 1 0
36 16 37 2 1 1 0
36 60 37 2 4 1 0
36 64 37 2 8 1 0
36 72 37 2 8 1 0
36 80 37 2 8 1 0
36 88 37 2 4 1 0
38 9 37 1 1 1 0
38 16 37 2 2 1 0
38 78 37 1 2 1 0
38 80 37 2 8 1 0
38 88 37 1 3 1 0
39 10 37 1 4 1 0
39 79 37 1 1 1 0
39 88 37 1 1 1 0
40 11 37 3 1 1 0
40 12 37 2 4 1 0
40 17 37 3 1 1 0
40 82 37 1 4 1 0
40 86 37 1 1 1 0
42 12 37 1 4 1 0
42 18 37 1 1 1 0
43 11 37 2 8 1 0
43 84 37 2 1 1 0
44 19 37 1 1 1 0
45 11 37 2 4 1 0
45 17 37 1 1 1 0
45 18 37 2 2 1 0
45 20 37 1 1 1 0
46 20 37 2 2 1 0
47 11 37 2 4 1 0
47 30 37 4 2 1 0
47 32 37 1 4 1 0
47 36 37 4 2 1 0
50 32 37 1 4 1 0
13 31 38 4 2 1 0
13 36 38 4 1 1 0
14 12 38 2 2 1 0
15 11 38 1 1 1 0
15 14 38 1 1 1 0
16 11 38 4 1 1 0
16 12 38 8 2 1 0
16 14 38 4 1 1 0
16 33 38 1 3 1 0
18 17 38 2 2 1 0
19 16 38 1 1 1 0
19 83 38 1 1 1 0
19 84 38 2 1 1 0
20 11 38 3 1 1 0
20 14 38 4 2 1 0
20 16 38 4 2 1 0
20 18 38 2 1 1 0
23 81 38 1 4 1 0
23 85 38 1 1 1 0
23 86 38 2 2 1 0
24 9 38 8 2 1 0
24 13 38 4 1 1 0
24 14 38 8 2 1 0
24 16 38 4 1 1 0
24 17 38 1 1 1 0
24 79 38 1 1 1 0
24 80 38 8 2 1 0
24 82 38 8 2 1 0
24 84 38 8 2 1 0
24 88 38 8 2 1 0
25 8 38 2 1 1 0
25 78 38 8 2 1 0
25 86 38 1 1 1 0
25 90 38 1 1 1 0
26 60 38 8 2 1 0
26 62 38 2 2 1 0
26 64 38 2 8 1 0
26 72 38 2 2 1 0
26 74 38 2 1 1 0
26 75 38 4 2 1 0
26 77 38 2 1 1 0
26 86 38 2 2 1 0
26 90 38 4 2 1 0
28 5 38 8 2 1 0
28 7 38 8 2 1 0
28 13 38 4 1 1 0
28 16 38 4 1 1 0
28 77 38 4 1 1 0
28 86 38 4 2 1 0
28 92 38 4 1 1 0
29 4 38 1 1 1 0
29 20 38 4 2 1 0
29 24 38 1 1 1 0
29 25 38 2 2 1 0
30 3 38 4 2 1 0
30 36 38 4 1 1 0
30 37 38 1 2 1 0
30 39 38 4 1 1 0
30 66 38 4 1 1 0
30 67 38 1 2 1 0
30 69 38 4 1 1 0
30 75 38 1 2 1 0
30 90 38 3 1 1 0
30 91 38 1 1 1 0
31 11 38 2 1 1 0
31 19 38 2 1 1 0
31 26 38 2 2 1 0
32 9 38 4 2 1 0
32 13 38 4 1 1 0
32 14 38 8 2 1 0
32 16 38 4 1 1 0
32 77 38 1 1 1 0
32 80 38 8 2 1 0
32 82 38 8 2 1 0
32 84 38 8 2 1 0
32 86 38 8 2 1 0
32 88 38 4 2 1 0
32 92 38 4 1 1 0
33 20 38 2 2 1 0
33 25 38 2 2 1 0
33 37 38 1 2 1 0
33 67 38 1 2 1 0
33 75 38 3 1 1 0
33 76 38 1 4 1 0
33 90 38 4 2 1 0
34 4 38 1 1 1 0
34 24 38 1 1 1 0
34 60 38 4 2 1 0
34 76 38 2 4 1 0
36 9 38 2 2 1 0
36 13 38 4 1 1 0
36 16 38 2 1 1 0
36 62 38 2 2 1 0
36 64 38 2 8 1 0
36 72 38 2 8 1 0
36 88 38 2 2 1 0
37 8 38 1 1 1 0
37 90 38 1 2 1 0
38 9 38 1 1 1 0
38 10 38 2 1 1 0
38 16 38 2 2 1 0
38 78 38 1 1 1 0
38 79 38 2 1 1 0
38 88 38 1 3 1 0
39 88 38 1 1 1 0
40 11 38 4 1 1 0
40 12 38 8 2 1 0
40 14 38 4 2 1 0
40 16 38 4 2 1 0
40 82 38 1 4 1 0
40 86 38 1 1 1 0
42 18 38 2 1 1 0
43 83 38 2 2 1 0
44 11 38 4 1 1 0
44 16 38 1 1 1 0
44 17 38 2 2 1 0
45 14 38 4 1 1 0
47 31 38 4 2 1 0
47 33 38 4 2 1 0
47 35 38 4 2 1 0
48 11 38 1 3 1 0
15 12 39 1 3 1 0
16 11 39 4 1 1 0
16 12 39 8 2 1 0
16 14 39 2 1 1 0
16 34 39 1 1 1 0
18 83 39 2 1 1 0
18 84 39 2 2 1 0
19 14 39 1 1 1 0
20 11 39 3 1 1 0
20 14 39 4 2 1 0
20 83 39 1 3 1 0
24 9 39 4 2 1 0
24 13 39 4 1 1 0
24 14 39 8 2 1 0
25 8 39 1 1 1 0
25 81 39 1 4 1 0
25 85 39 1 2 1 0
26 80 39 2 8 1 0
26 88 39 1 1 1 0
27 79 39 1 1 1 0
27 88 39 8 2 1 0
28 13 39 4 1 1 0
28 78 39 8 2 1 0
28 80 39 2 8 1 0
28 90 39 4 1 1 0
29 77 39 4 1 1 0
30 5 39 2 4 1 0
30 9 39 2 2 1 0
30 20 39 4 2 1 0
30 36 39 1 4 1 0
30 66 39 1 4 1 0
30 80 39 2 8 1 0
31 11 39 1 1 1 0
31 19 39 2 1 1 0
31 36 39 2 1 1 0
31 39 39 2 1 1 0
31 66 39 2 1 1 0
31 69 39 2 1 1 0
32 5 39 1 1 1 0
32 6 39 2 4 1 0
32 10 39 1 2 1 0
32 13 39 4 1 1 0
32 14 39 8 2 1 0
32 80 39 2 8 1 0
32 90 39 3 1 1 0
33 10 39 1 1 1 0
33 36 39 1 4 1 0
33 66 39 1 4 1 0
33 77 39 1 1 1 0
34 80 39 2 8 1 0
35 10 39 1 1 1 0
35 88 39 2 2 1 0
36 9 39 2 2 1 0
36 13 39 4 1 1 0
36 79 39 1 1 1 0
36 80 39 2 8 1 0
37 8 39 1 1 1 0
37 88 39 1 1 1 0
38 8 39 1 3 1 0
38 81 39 1 4 1 0
38 85 39 1 2 1 0
39 10 39 1 1 1 0
40 12 39 8 2 1 0
40 14 39 4 2 1 0
41 11 39 3 1 1 0
43 83 39 2 2 1 0
43 85 39 2 1 1 0
44 11 39 4 1 1 0
44 14 39 1 1 1 0
46 14 39 2 1 1 0
47 34 39 3 1 1 0
48 12 39 1 3 1 0
18 83 40 4 2 1 0
18 85 40 3 1 1 0
19 11 40 2 4 1 0
21 11 40 1 3 1 0
21 15 40 1 1 1 0
22 14 40 2 2 1 0
23 13 40 4 1 1 0
23 81 40 1 3 1 0
23 84 40 1 4 1 0
24 9 40 2 2 1 0
24 14 40 8 2 1 0
24 79 40 1 1 1 0
24 80 40 8 2 1 0
24 82 40 8 2 1 0
24 84 40 8 2 1 0
24 86 40 8 2 1 0
24 88 40 8 2 1 0
25 78 40 8 2 1 0
26 9 40 1 1 1 0
26 10 40 2 1 1 0
26 77 40 1 1 1 0
26 90 40 8 2 1 0
27 76 40 8 2 1 0
28 92 40 4 1 1 0
29 13 40 4 1 1 0
29 75 40 4 1 1 0
30 10 40 1 1 1 0
30 20 40 4 2 1 0
30 36 40 4 1 1 0
30 37 40 1 2 1 0
30 39 40 4 1 1 0
30 66 40 4 1 1 0
30 67 40 1 2 1 0
30 69 40 4 1 1 0
31 9 40 2 2 1 0
31 11 40 2 1 1 0
32 14 40 8 2 1 0
32 80 40 8 2 1 0
32 82 40 8 2 1 0
32 84 40 8 2 1 0
32 86 40 8 2 1 0
32 88 40 4 2 1 0
32 92 40 4 1 1 0
33 10 40 1 1 1 0
33 13 40 2 1 1 0
33 37 40 1 2 1 0
33 67 40 1 2 1 0
33 78 40 4 2 1 0
34 90 40 4 2 1 0
35 76 40 2 2 1 0
36 9 40 4 2 1 0
36 13 40 4 1 1 0
36 88 40 2 2 1 0
37 77 40 1 1 1 0
37 78 40 2 2 1 0
38 88 40 1 3 1 0
39 88 40 1 1 1 0
40 13 40 4 2 1 0
40 15 40 3 1 1 0
40 81 40 1 3 1 0
40 84 40 1 4 1 0
41 12 40 1 1 1 0
42 11 40 2 2 1 0
42 83 40 4 2 1 0
42 85 40 4 1 1 0
44 11 40 1 4 1 0
18 82 41 2 4 1 0
19 12 41 2 2 1 0
20 82 41 2 4 1 0
22 15 41 1 1 1 0
23 14 41 1 2 1 0
23 81 41 1 4 1 0
23 85 41 1 2 1 0
24 9 41 2 2 1 0
24 13 41 4 1 1 0
24 14 41 8 2 1 0
24 79 41 1 1 1 0
24 80 41 2 8 1 0
24 88 41 8 2 1 0
25 78 41 8 2 1 0
26 9 41 1 2 1 0
26 77 41 2 1 1 0
26 80 41 2 8 1 0
26 90 41 8 2 1 0
28 13 41 3 1 1 0
28 76 41 8 2 1 0
28 80 41 2 8 1 0
28 92 41 4 1 1 0
30 10 41 1 1 1 0
30 36 41 1 4 1 0
30 66 41 1 4 1 0
30 80 41 2 8 1 0
31 9 41 2 2 1 0
31 36 41 2 1 1 0
31 39 41 2 1 1 0
31 66 41 2 1 1 0
31 69 41 2 1 1 0
31 75 41 2 1 1 0
32 14 41 8 2 1 0
32 80 41 2 8 1 0
32 88 41 2 2 1 0
32 92 41 4 1 1 0
33 10 41 1 1 1 0
33 13 41 4 1 1 0
33 36 41 1 4 1 0
33 66 41 1 4 1 0
33 78 41 4 2 1 0
34 80 41 2 8 1 0
34 88 41 2 4 1 0
36 9 41 1 1 1 0
36 77 41 2 1 1 0
36 80 41 2 8 1 0
36 88 41 2 2 1 0
36 90 41 1 2 1 0
37 9 41 2 2 1 0
37 13 41 2 1 1 0
37 78 41 2 2 1 0
37 90 41 1 1 1 0
38 80 41 2 8 1 0
38 88 41 1 3 1 0
39 9 41 1 1 1 0
39 88 41 1 1 1 0
40 14 41 1 2 1 0
40 82 41 1 4 1 0
40 86 41 1 1 1 0
42 12 41 1 1 1 0
42 83 41 3 1 1 0
42 84 41 4 2 1 0
43 12 41 2 2 1 0
19 83 42 2 2 1 0
19 85 42 2 1 1 0
23 83 42 1 2 1 0
24 14 42 8 2 1 0
24 16 42 4 1 1 0
24 80 42 8 2 1 0
24 82 42 8 2 1 0
24 84 42 8 2 1 0
24 86 42 8 2 1 0
24 88 42 1 1 1 0
25 9 42 2 1 1 0
25 79 42 1 1 1 0
25 88 42 8 2 1 0
26 78 42 8 2 1 0
26 90 42 2 1 1 0
27 77 42 2 1 1 0
28 13 42 4 1 1 0
28 16 42 4 1 1 0
28 90 42 8 2 1 0
29 76 42 4 2 1 0
29 92 42 4 1 1 0
30 10 42 1 1 1 0
30 36 42 4 1 1 0
30 37 42 1 2 1 0
30 39 42 4 1 1 0
30 66 42 4 1 1 0
30 67 42 1 2 1 0
30 69 42 4 1 1 0
31 9 42 2 2 1 0
32 13 42 4 1 1 0
32 14 42 8 2 1 0
32 16 42 4 1 1 0
32 80 42 4 2 1 0
32 82 42 8 2 1 0
32 84 42 8 2 1 0
32 86 42 8 2 1 0
33 10 42 1 1 1 0
33 37 42 1 2 1 0
33 67 42 1 2 1 0
33 76 42 2 2 1 0
33 88 42 4 2 1 0
33 92 42 2 1 1 0
34 78 42 4 2 1 0
35 77 42 2 1 1 0
36 16 42 3 1 1 0
36 80 42 2 2 1 0
36 90 42 2 1 1 0
37 9 42 2 1 1 0
37 88 42 2 2 1 0
38 79 42 1 3 1 0
39 81 42 1 1 1 0
43 83 42 2 2 1 0
43 85 42 2 1 1 0
19 83 43 2 2 1 0
24 82 43 2 4 1 0
24 86 43 1 1 1 0
25 80 43 1 2 1 0
25 86 43 1 3 1 0
26 15 43 8 2 1 0
26 79 43 1 1 1 0
26 80 43 2 8 1 0
26 88 43 8 2 1 0
27 78 43 8 2 1 0
27 90 43 2 1 1 0
28 14 43 4 1 1 0
28 80 43 2 8 1 0
29 76 43 4 2 1 0
29 90 43 4 2 1 0
29 92 43 4 1 1 0
30 10 43 1 1 1 0
30 37 43 1 2 1 0
30 39 43 4 1 1 0
30 66 43 1 4 1 0
30 80 43 2 8 1 0
31 9 43 2 2 1 0
31 36 43 2 1 1 0
31 66 43 2 1 1 0
31 69 43 2 1 1 0
32 14 43 4 1 1 0
32 80 43 2 8 1 0
33 37 43 1 2 1 0
33 66 43 1 4 1 0
33 76 43 2 2 1 0
33 90 43 2 2 1 0
33 92 43 2 1 1 0
34 15 43 4 2 1 0
34 80 43 2 8 1 0
34 88 43 2 2 1 0
35 78 43 2 2 1 0
35 90 43 1 1 1 0
36 80 43 2 8 1 0
36 88 43 1 3 1 0
37 79 43 1 1 1 0
37 88 43 1 1 1 0
38 80 43 1 3 1 0
38 83 43 2 2 1 0
38 85 43 1 3 1 0
43 83 43 2 2 1 0
25 82 44 8 2 1 0
25 84 44 8 2 1 0
25 86 44 1 1 1 0
26 80 44 8 2 1 0
26 86 44 8 2 1 0
26 88 44 2 1 1 0
27 79 44 1 1 1 0
28 78 44 8 2 1 0
28 88 44 8 2 1 0
29 15 44 1 1 1 0
29 90 44 1 1 1 0
30 15 44 4 2 1 0
30 37 44 1 2 1 0
30 39 44 4 1 1 0
30 66 44 4 1 1 0
30 67 44 1 2 1 0
30 69 44 4 1 1 0
30 76 44 4 2 1 0
30 90 44 4 2 1 0
30 92 44 4 1 1 0
31 9 44 2 2 1 0
31 36 44 2 1 1 0
33 37 44 1 2 1 0
33 67 44 1 2 1 0
33 82 44 1 4 1 0
34 15 44 1 1 1 0
34 80 44 2 8 1 0
34 90 44 1 1 1 0
36 79 44 1 3 1 0
36 82 44 2 2 1 0
36 84 44 2 4 1 0
36 88 44 1 1 1 0
37 81 44 1 1 1 0
38 82 44 1 4 1 0
44 84 44 1 1 1 0
26 83 45 1 1 1 0
26 84 45 2 2 1 0
27 81 45 1 3 1 0
27 86 45 1 2 1 0
28 80 45 2 8 1 0
28 88 45 2 1 1 0
29 79 45 4 1 1 0
30 37 45 1 2 1 0
30 39 45 4 1 1 0
30 66 45 1 4 1 0
30 80 45 2 8 1 0
30 88 45 4 2 1 0
31 9 45 1 1 1 0
31 36 45 2 1 1 0
31 66 45 2 1 1 0
31 69 45 2 1 1 0
32 80 45 2 8 1 0
33 37 45 1 2 1 0
33 66 45 1 4 1 0
33 79 45 2 1 1 0
34 80 45 2 8 1 0
34 88 45 1 1 1 0
36 82 45 1 4 1 0
36 86 45 1 1 1 0
27 81 46 2 4 1 0
27 85 46 2 1 1 0
27 86 46 1 1 1 0
28 80 46 2 1 1 0
28 86 46 2 2 1 0
29 81 46 1 1 1 0
29 88 46 4 1 1 0
30 37 46 1 2 1 0
30 39 46 4 1 1 0
30 66 46 4 1 1 0
30 67 46 1 2 1 0
30 69 46 4 1 1 0
30 79 46 4 2 1 0
30 87 46 1 1 1 0
31 36 46 2 1 1 0
33 37 46 1 2 1 0
33 67 46 1 2 1 0
33 81 46 1 1 1 0
33 87 46 1 1 1 0
33 88 46 2 1 1 0
34 80 46 2 2 1 0
34 86 46 2 2 1 0
35 82 46 2 4 1 0
36 86 46 1 1 1 0
27 81 47 2 4 1 0
27 85 47 1 2 1 0
28 80 47 1 1 1 0
28 85 47 1 1 1 0
28 86 47 2 2 1 0
29 67 47 2 2 1 0
29 80 47 1 2 1 0
29 88 47 4 1 1 0
30 36 47 1 4 1 0
30 66 47 1 1 1 0
30 69 47 1 1 1 0
30 79 47 4 2 1 0
30 87 47 1 1 1 0
31 36 47 2 1 1 0
31 39 47 2 1 1 0
31 65 47 2 2 1 0
31 69 47 2 2 1 0
33 37 47 1 3 1 0
33 66 47 1 4 1 0
33 81 47 1 1 1 0
33 87 47 1 2 1 0
34 80 47 2 2 1 0
34 86 47 2 2 1 0
34 88 47 1 1 1 0
35 82 47 2 4 1 0
36 86 47 1 1 1 0
28 67 48 1 1 1 0
28 69 48 1 1 1 0
29 65 48 1 1 1 0
29 66 48 2 4 1 0
30 37 48 1 2 1 0
30 39 48 3 1 1 0
30 70 48 1 2 1 0
31 36 48 2 1 1 0
31 64 48 1 1 1 0
31 65 48 2 2 1 0
31 69 48 2 2 1 0
32 37 48 2 1 1 0
32 71 48 1 1 1 0
33 38 48 1 1 1 0
33 64 48 1 4 1 0
33 68 48 2 2 1 0
34 66 48 1 1 1 0
34 70 48 1 1 1 0
35 68 48 1 1 1 0
27 65 49 1 4 1 0
27 69 49 1 2 1 0
28 64 49 2 8 1 0
29 63 49 1 1 1 0
29 72 49 1 1 1 0
30 37 49 1 3 1 0
30 63 49 2 4 1 0
30 67 49 1 2 1 0
30 69 49 2 4 1 0
31 36 49 1 1 1 0
31 39 49 2 1 1 0
32 36 49 1 2 1 0
32 63 49 2 4 1 0
32 69 49 2 4 1 0
33 37 49 1 2 1 0
33 67 49 1 2 1 0
34 63 49 1 1 1 0
34 64 49 2 8 1 0
36 65 49 1 4 1 0
36 69 49 1 1 1 0
27 65 50 8 2 1 0
27 67 50 4 2 1 0
27 69 50 8 2 1 0
28 64 50 1 1 1 0
28 71 50 1 1 1 0
29 63 50 4 2 1 0
29 71 50 4 2 1 0
30 37 50 1 2 1 0
30 39 50 3 1 1 0
31 36 50 2 1 1 0
32 37 50 2 1 1 0
33 38 50 1 1 1 0
33 63 50 2 2 1 0
33 67 50 4 2 1 0
33 71 50 2 2 1 0
35 64 50 1 1 1 0
35 65 50 2 2 1 0
35 69 50 1 3 1 0
36 69 50 1 1 1 0
30 37 51 1 3 1 0
30 66 51 1 4 1 0
31 36 51 1 1 1 0
31 39 51 2 1 1 0
31 66 51 2 1 1 0
31 69 51 1 1 1 0
32 36 51 1 2 1 0
32 69 51 2 2 1 0
33 37 51 1 2 1 0
33 66 51 1 3 1 0
33 71 51 1 2 1 0
34 70 51 1 2 1 0
34 72 51 2 2 1 0
35 74 51 2 2 1 0
36 76 51 2 2 1 0
30 37 52 1 2 1 0
30 39 52 3 1 1 0
30 66 52 4 1 1 0
30 67 52 1 2 1 0
30 69 52 4 1 1 0
31 36 52 2 1 1 0
32 37 52 2 1 1 0
33 38 52 1 1 1 0
33 67 52 1 2 1 0
35 74 52 2 2 1 0
36 76 52 2 2 1 0
38 79 52 2 2 1 0
39 81 52 2 2 1 0
40 83 52 1 1 1 0
30 37 53 1 3 1 0
30 66 53 1 4 1 0
31 36 53 1 1 1 0
31 39 53 2 1 1 0
31 66 53 2 1 1 0
31 69 53 2 1 1 0
32 36 53 1 2 1 0
33 37 53 1 2 1 0
33 66 53 1 4 1 0
38 79 53 2 2 1 0
39 81 53 2 2 1 0
40 83 53 2 2 1 0
41 85 53 3 1 1 0
41 86 53 1 1 1 0
42 86 53 2 2 1 0
43 88 53 1 1 1 0
30 37 54 1 2 1 0
30 39 54 3 1 1 0
30 66 54 4 1 1 0
30 67 54 1 2 1 0
30 69 54 4 1 1 0
31 36 54 2 1 1 0
32 37 54 2 1 1 0
33 38 54 1 1 1 0
33 67 54 1 2 1 0
41 84 54 1 1 1 0
41 85 54 3 1 1 0
41 86 54 1 1 1 0
42 86 54 2 2 1 0
43 88 54 1 1 1 0
30 37 55 1 3 1 0
30 66 55 1 4 1 0
31 36 55 1 1 1 0
31 39 55 2 1 1 0
31 66 55 2 1 1 0
31 69 55 2 1 1 0
32 36 55 1 2 1 0
33 37 55 1 2 1 0
33 66 55 1 4 1 0
30 37 56 1 2 1 0
30 39 56 3 1 1 0
30 66 56 4 1 1 0
30 67 56 1 2 1 0
30 69 56 4 1 1 0
31 36 56 2 1 1 0
32 37 56 2 1 1 0
33 38 56 1 1 1 0
33 67 56 1 2 1 0
33 70 56 1 1 1 0
30 37 57 1 3 1 0
30 66 57 1 4 1 0
31 36 57 2 2 1 0
31 39 57 2 1 1 0
31 66 57 2 1 1 0
31 69 57 2 1 1 0
33 37 57 1 2 1 0
33 66 57 1 4 1 0
33 70 57 1 1 1 0
30 37 58 1 2 1 0
30 39 58 3 1 1 0
30 66 58 4 1 1 0
30 67 58 1 2 1 0
30 69 58 4 1 1 0
31 36 58 2 2 1 0
33 37 58 1 2 1 0
33 67 58 1 2 1 0
33 70 58 1 1 1 0
30 37 59 1 3 1 0
30 66 59 1 4 1 0
31 36 59 2 2 1 0
31 39 59 2 1 1 0
31 66 59 2 1 1 0
31 69 59 2 1 1 0
33 37 59 1 2 1 0
33 66 59 1 4 1 0
33 70 59 1 1 1 0
30 37 60 1 2 1 0
30 39 60 3 1 1 0
30 66 60 4 1 1 0
30 67 60 1 2 1 0
30 69 60 4 1 1 0
31 36 60 2 2 1 0
33 37 60 1 2 1 0
33 67 60 1 2 1 0
33 70 60 1 1 1 0
29 67 61 2 2 1 0
30 37 61 1 3 1 0
30 66 61 4 1 1 0
30 69 61 2 1 1 0
31 36 61 2 2 1 0
31 39 61 1 1 1 0
32 38 61 1 2 1 0
32 68 61 2 2 1 0
33 37 61 1 2 1 0
33 67 61 1 1 1 0
33 70 61 1 1 1 0
8 65 62 1 1 1 0
8 66 62 3 1 1 0
11 65 62 8 2 1 0
19 65 62 8 2 1 0
27 65 62 8 2 1 0
30 37 62 1 2 1 0
30 67 62 1 3 1 0
31 36 62 2 2 1 0
31 39 62 2 1 1 0
31 69 62 1 1 1 0
32 38 62 2 1 1 0
32 68 62 2 2 1 0
33 37 62 1 1 1 0
33 67 62 1 1 1 0
33 70 62 1 1 1 0
35 65 62 8 2 1 0
43 65 62 8 2 1 0
51 65 62 4 2 1 0
55 65 62 1 2 1 0
8 65 63 1 1 1 0
8 66 63 3 1 1 0
11 65 63 2 2 1 0
13 66 63 3 1 1 0
16 65 63 8 2 1 0
24 65 63 8 2 1 0
29 67 63 2 2 1 0
30 37 63 1 2 1 0
30 69 63 2 1 1 0
31 36 63 2 2 1 0
31 39 63 1 1 1 0
32 38 63 1 2 1 0
32 65 63 8 2 1 0
32 68 63 2 2 1 0
33 37 63 1 2 1 0
33 67 63 1 1 1 0
33 70 63 1 1 1 0
34 68 63 1 1 1 0
40 65 63 8 2 1 0
48 65 63 8 2 1 0
29 66 64 2 2 1 0
29 68 64 2 1 1 0
30 37 64 2 1 1 0
30 38 64 1 1 1 0
30 69 64 2 1 1 0
31 36 64 1 1 1 0
31 39 64 2 1 1 0
31 66 64 1 1 1 0
32 37 64 2 2 1 0
32 66 64 2 4 1 0
33 70 64 1 1 1 0
34 66 64 1 3 1 0
30 37 65 1 2 1 0
30 66 65 1 4 1 0
31 36 65 1 2 1 0
31 39 65 2 1 1 0
31 66 65 1 1 1 0
31 69 65 1 1 1 0
32 37 65 2 2 1 0
32 66 65 2 4 1 0
33 70 65 1 1 1 0
29 67 66 1 1 1 0
29 69 66 1 1 1 0
30 37 66 4 2 1 0
30 66 66 1 3 1 0
30 69 66 2 2 1 0
31 39 66 2 1 1 0
31 65 66 1 2 1 0
32 65 66 2 4 1 0
32 69 66 2 1 1 0
32 70 66 1 1 1 0
34 66 66 1 1 1 0
34 68 66 1 1 1 0
28 65 67 1 4 1 0
28 69 67 1 2 1 0
29 64 67 2 8 1 0
30 37 67 4 2 1 0
31 39 67 2 1 1 0
31 64 67 1 3 1 0
31 69 67 1 3 1 0
32 64 67 2 8 1 0
34 64 67 1 1 1 0
34 65 67 2 4 1 0
34 69 67 1 2 1 0
35 69 67 1 1 1 0
28 65 68 8 2 1 0
28 67 68 8 2 1 0
28 69 68 4 2 1 0
29 64 68 4 1 1 0
29 71 68 3 1 1 0
30 37 68 2 2 1 0
31 39 68 1 1 1 0
32 37 68 1 3 1 0
32 69 68 4 1 1 0
32 70 68 2 2 1 0
33 38 68 1 1 1 0
33 64 68 2 1 1 0
34 70 68 1 1 1 0
30 37 69 2 2 1 0
30 67 69 1 2 1 0
31 39 69 1 1 1 0
31 66 69 2 4 1 0
32 37 69 1 3 1 0
32 70 69 1 1 1 0
33 38 69 1 1 1 0
33 67 69 1 1 1 0
33 69 69 1 1 1 0
33 70 69 2 2 1 0
30 37 70 2 2 1 0
30 67 70 1 2 1 0
31 39 70 1 1 1 0
31 66 70 2 4 1 0
32 37 70 1 3 1 0
33 67 70 1 1 1 0
33 70 70 2 2 1 0
34 72 70 2 2 1 0
35 74 70 2 2 1 0
30 37 71 2 2 1 0
30 67 71 1 2 1 0
31 39 71 1 1 1 0
31 66 71 2 4 1 0
32 37 71 1 3 1 0
33 67 71 1 1 1 0
34 72 71 2 2 1 0
35 74 71 2 2 1 0
36 76 71 2 2 1 0
29 37 72 4 2 1 0
30 36 72 4 1 1 0
30 39 72 4 1 1 0
30 67 72 1 2 1 0
31 66 72 2 4 1 0
33 37 72 1 2 1 0
33 67 72 1 1 1 0
35 74 72 2 2 1 0
36 76 72 2 2 1 0
37 78 72 2 2 1 0
39 80 72 1 1 1 0
1 36 73 3 1 1 0
4 36 73 4 1 1 0
7 35 73 1 1 1 0
7 37 73 1 1 1 0
8 36 73 4 1 1 0
12 35 73 1 1 1 0
12 36 73 4 1 1 0
12 37 73 1 1 1 0
16 35 73 2 2 1 0
17 37 73 1 1 1 0
18 36 73 3 1 1 0
21 35 73 2 2 1 0
21 37 73 2 1 1 0
23 36 73 3 1 1 0
26 35 73 2 1 1 0
26 36 73 2 2 1 0
28 36 73 1 1 1 0
29 36 73 1 3 1 0
30 35 73 3 1 1 0
30 36 73 2 4 1 0
30 67 73 1 2 1 0
31 66 73 2 4 1 0
32 36 73 2 4 1 0
33 67 73 1 1 1 0
34 36 73 2 1 1 0
36 35 73 4 2 1 0
36 37 73 2 1 1 0
37 78 73 2 2 1 0
38 80 73 2 2 1 0
39 82 73 1 1 1 0
40 35 73 2 2 1 0
40 81 73 1 3 1 0
41 37 73 1 1 1 0
42 35 73 1 3 1 0
43 36 73 1 1 1 0
44 36 73 4 1 1 0
46 35 73 1 1 1 0
46 37 73 1 1 1 0
48 36 73 3 1 1 0
51 35 73 2 2 1 0
51 37 73 1 1 1 0
53 36 73 3 1 1 0
56 35 73 1 1 1 0
56 36 73 4 1 1 0
56 37 73 1 1 1 0
60 36 73 3 1 1 0
0 36 74 4 1 1 0
4 36 74 2 1 1 0
5 35 74 3 1 1 0
5 37 74 1 1 1 0
6 36 74 2 2 1 0
8 36 74 3 1 1 0
11 35 74 2 2 1 0
11 37 74 2 1 1 0
13 36 74 3 1 1 0
16 35 74 2 1 1 0
16 36 74 2 2 1 0
18 36 74 3 1 1 0
21 35 74 2 2 1 0
21 37 74 2 1 1 0
23 36 74 3 1 1 0
26 35 74 2 1 1 0
26 36 74 2 2 1 0
28 36 74 2 1 1 0
30 35 74 4 2 1 0
30 37 74 3 1 1 0
30 38 74 4 2 1 0
30 67 74 1 2 1 0
31 66 74 2 4 1 0
33 67 74 1 1 1 0
34 36 74 2 1 1 0
36 35 74 2 1 1 0
36 36 74 2 2 1 0
38 36 74 3 1 1 0
38 80 74 2 1 1 0
39 81 74 2 2 1 0
40 83 74 2 2 1 0
41 35 74 2 2 1 0
41 37 74 2 1 1 0
41 85 74 1 1 1 0
42 84 74 1 1 1 0
43 36 74 3 1 1 0
46 35 74 2 1 1 0
46 36 74 2 2 1 0
48 36 74 3 1 1 0
51 35 74 2 2 1 0
51 37 74 2 1 1 0
53 36 74 3 1 1 0
56 35 74 3 1 1 0
56 36 74 2 2 1 0
58 36 74 2 1 1 0
58 37 74 1 1 1 0
60 36 74 4 1 1 0
0 36 75 4 1 1 0
4 36 75 1 1 1 0
5 36 75 2 2 1 0
7 36 75 1 1 1 0
8 36 75 4 1 1 0
11 37 75 1 1 1 0
12 36 75 4 1 1 0
16 36 75 4 1 1 0
16 37 75 1 1 1 0
20 36 75 1 1 1 0
21 36 75 2 2 1 0
23 36 75 3 1 1 0
26 36 75 2 2 1 0
28 36 75 1 1 1 0
29 36 75 1 3 1 0
30 35 75 4 1 1 0
30 36 75 2 4 1 0
30 67 75 1 2 1 0
31 66 75 2 4 1 0
32 36 75 2 4 1 0
33 67 75 1 1 1 0
34 36 75 1 3 1 0
35 36 75 1 1 1 0
36 36 75 2 2 1 0
38 36 75 3 1 1 0
40 83 75 2 2 1 0
41 36 75 2 2 1 0
41 85 75 1 2 1 0
42 84 75 1 2 1 0
42 86 75 2 2 1 0
43 36 75 1 1 1 0
43 88 75 1 1 1 0
44 36 75 4 1 1 0
47 37 75 1 1 1 0
48 36 75 4 1 1 0
52 36 75 4 1 1 0
52 37 75 1 1 1 0
56 36 75 1 1 1 0
57 36 75 2 2 1 0
59 36 75 1 1 1 0
60 36 75 4 1 1 0
30 37 76 4 2 1 0
30 39 76 3 1 1 0
30 67 76 1 2 1 0
31 36 76 2 1 1 0
31 66 76 2 4 1 0
33 67 76 1 1 1 0
42 85 76 1 1 1 0
42 86 76 2 2 1 0
43 88 76 2 2 1 0
44 90 76 2 1 1 0
45 89 76 1 1 1 0
28 35 77 3 1 1 0
28 36 77 2 4 1 0
29 40 77 2 2 1 0
30 36 77 1 4 1 0
30 67 77 1 2 1 0
31 34 77 2 8 1 0
31 66 77 2 4 1 0
33 35 77 3 1 1 0
33 36 77 1 4 1 0
33 40 77 2 2 1 0
33 67 77 1 1 1 0
34 36 77 2 4 1 0
43 88 77 2 2 1 0
44 90 77 2 2 1 0
45 89 77 1 1 1 0
27 35 78 8 2 1 0
27 37 78 8 2 1 0
27 39 78 8 2 1 0
28 34 78 1 1 1 0
28 41 78 1 1 1 0
29 33 78 4 2 1 0
29 41 78 4 2 1 0
30 67 78 1 2 1 0
31 66 78 2 4 1 0
33 33 78 1 1 1 0
33 34 78 3 1 1 0
33 41 78 2 2 1 0
33 67 78 1 1 1 0
35 35 78 2 4 1 0
35 39 78 2 2 1 0
35 41 78 1 1 1 0
27 35 79 1 1 1 0
27 36 79 1 4 1 0
27 40 79 1 1 1 0
28 34 79 2 8 1 0
29 33 79 1 1 1 0
29 42 79 1 1 1 0
30 33 79 2 8 1 0
30 41 79 4 2 1 0
30 67 79 1 2 1 0
31 66 79 2 4 1 0
32 33 79 2 8 1 0
33 67 79 1 1 1 0
34 33 79 1 1 1 0
34 34 79 2 8 1 0
34 42 79 1 1 1 0
36 36 79 1 4 1 0
36 40 79 1 1 1 0
26 37 80 8 2 1 0
27 35 80 8 2 1 0
27 39 80 8 2 1 0
28 34 80 1 1 1 0
28 41 80 4 2 1 0
29 33 80 4 2 1 0
30 67 80 1 2 1 0
31 66 80 2 4 1 0
32 41 80 2 2 1 0
33 33 80 2 2 1 0
33 67 80 1 1 1 0
34 37 80 1 2 1 0
34 41 80 2 1 1 0
34 42 80 1 1 1 0
35 34 80 1 1 1 0
35 35 80 2 4 1 0
35 39 80 2 2 1 0
27 35 81 1 1 1 0
27 36 81 1 4 1 0
27 40 81 1 1 1 0
28 34 81 2 8 1 0
29 42 81 1 1 1 0
30 33 81 2 8 1 0
30 41 81 4 2 1 0
30 67 81 1 2 1 0
31 66 81 2 4 1 0
32 33 81 2 8 1 0
33 67 81 1 1 1 0
34 34 81 2 8 1 0
34 42 81 1 1 1 0
36 36 81 1 4 1 0
28 35 82 2 1 1 0
28 36 82 8 2 1 0
28 38 82 8 2 1 0
28 40 82 1 1 1 0
29 40 82 4 2 1 0
30 34 82 4 2 1 0
30 67 82 4 2 1 0
31 42 82 1 1 1 0
31 66 82 2 1 1 0
31 69 82 2 1 1 0
33 40 82 2 2 1 0
34 35 82 1 1 1 0
29 37 83 1 2 1 0
30 36 83 2 4 1 0
30 67 83 1 2 1 0
31 35 83 2 1 1 0
31 40 83 2 1 1 0
31 66 83 2 4 1 0
32 36 83 2 4 1 0
33 67 83 1 2 1 0
34 37 83 1 2 1 0
29 67 84 4 2 1 0
30 66 84 4 1 1 0
31 37 84 2 2 1 0
31 69 84 2 1 1 0
33 67 84 1 2 1 0
5 66 85 4 1 1 0
9 66 85 1 1 1 0
10 65 85 2 2 1 0
12 66 85 4 1 1 0
15 65 85 1 1 1 0
16 66 85 4 1 1 0
19 65 85 1 1 1 0
20 66 85 4 1 1 0
24 66 85 3 1 1 0
27 65 85 2 2 1 0
29 66 85 1 3 1 0
30 65 85 2 4 1 0
30 69 85 4 1 1 0
31 37 85 2 2 1 0
32 65 85 2 4 1 0
34 66 85 1 1 1 0
35 65 85 2 2 1 0
37 66 85 2 1 1 0
39 65 85 2 2 1 0
41 66 85 3 1 1 0
44 65 85 1 1 1 0
44 66 85 4 1 1 0
48 65 85 1 1 1 0
48 66 85 4 1 1 0
52 65 85 1 1 1 0
52 66 85 4 1 1 0
56 66 85 3 1 1 0
3 65 86 8 2 1 0
11 65 86 8 2 1 0
19 65 86 8 2 1 0
27 65 86 8 2 1 0
30 67 86 4 2 1 0
30 69 86 4 1 1 0
31 37 86 2 2 1 0
35 65 86 8 2 1 0
43 65 86 8 2 1 0
51 65 86 8 2 1 0
59 65 86 1 1 1 0
59 66 86 2 1 1 0
3 65 87 8 2 1 0
11 65 87 8 2 1 0
19 65 87 8 2 1 0
27 65 87 8 2 1 0
29 67 87 4 2 1 0
30 69 87 4 1 1 0
31 37 87 2 2 1 0
33 67 87 2 2 1 0
35 65 87 8 2 1 0
43 65 87 8 2 1 0
51 65 87 8 2 1 0
59 65 87 1 2 1 0
60 66 87 1 1 1 0
28 67 88 1 1 1 0
29 65 88 4 2 1 0
29 67 88 4 2 1 0
29 69 88 4 2 1 0
31 37 88 2 2 1 0
33 65 88 1 1 1 0
33 66 88 2 4 1 0
33 70 88 1 1 1 0
28 67 89 1 1 1 0
29 65 89 2 4 1 0
29 69 89 4 2 1 0
31 37 89 2 2 1 0
31 65 89 2 4 1 0
33 65 89 1 1 1 0
33 66 89 2 4 1 0
33 70 89 1 1 1 0
31 38 90 1 1 1 0
31 67 90 2 2 1 0
31 67 91 2 2 1 0
31 67 92 2 2 1 0
31 67 93 2 2 1 0
31 67 94 2 2 1 0
31 67 95 2 2 1 0
31 67 96 2 2 1 0
31 67 97 2 2 1 0
31 67 98 2 2 1 0
31 67 99 2 2 1 0
