0 14 0 2 2 1 6
0 16 0 2 2 1 6
0 20 0 1 1 1 6
0 21 0 2 2 1 6
1 10 0 1 2 1 0
1 12 0 2 2 1 0
1 19 0 1 2 1 6
2 11 0 1 1 1 0
2 15 0 1 2 1 6
2 20 0 1 2 1 6
3 0 0 2 2 1 2
3 2 0 2 2 1 2
3 4 0 2 2 1 2
3 6 0 2 2 1 2
3 11 0 2 2 1 0
5 11 0 1 1 1 0
5 12 0 2 2 1 0
5 15 0 2 2 1 6
5 20 0 1 2 1 6
6 10 0 1 2 1 0
6 14 0 1 1 1 6
6 17 0 2 1 1 6
6 19 0 1 2 1 6
6 21 0 2 2 1 6
7 14 0 1 2 1 6
7 16 0 1 1 1 6
7 20 0 1 1 1 6
0 13 1 2 2 1 6
0 15 1 2 1 1 6
0 16 1 2 2 1 6
0 20 1 1 2 1 6
1 10 1 1 2 1 0
1 12 1 2 1 1 0
1 19 1 2 2 1 6
1 21 1 1 2 1 6
2 9 1 2 2 1 2
2 11 1 2 1 1 0
2 13 1 1 2 1 0
2 15 1 1 2 1 0
2 21 1 1 1 1 6
3 0 1 2 2 1 2
3 2 1 2 2 1 2
3 4 1 2 2 1 2
3 6 1 2 1 1 2
3 7 1 2 2 1 2
3 12 1 2 2 1 0
4 9 1 2 2 1 2
4 11 1 2 1 1 0
5 12 1 2 1 1 0
5 13 1 1 2 1 0
5 15 1 2 2 1 0
5 19 1 2 2 1 6
5 21 1 1 1 1 6
6 10 1 1 2 1 0
6 13 1 2 2 1 0
6 17 1 2 1 1 6
6 21 1 1 2 1 6
7 15 1 1 2 1 6
7 20 1 1 2 1 6
0 11 2 2 2 1 0
0 13 2 2 2 1 0
0 15 2 2 2 1 0
1 9 2 2 2 1 2
1 19 2 2 2 1 0
2 11 2 1 2 1 0
2 13 2 1 2 1 0
2 15 2 1 2 1 0
3 0 2 2 2 1 2
3 2 2 2 2 1 2
3 4 2 2 2 1 2
3 6 2 2 2 1 2
3 8 2 2 2 1 2
3 10 2 2 2 1 0
3 12 2 2 2 1 0
5 9 2 2 2 1 2
5 11 2 1 2 1 0
5 13 2 1 2 1 0
5 15 2 1 2 1 0
5 19 2 2 2 1 0
6 11 2 2 2 1 0
6 13 2 2 2 1 0
6 15 2 2 2 1 0
0 11 3 2 2 1 0
0 13 3 2 2 1 0
0 15 3 2 2 1 0
1 9 3 1 2 1 2
1 19 3 2 2 1 0
2 8 3 2 2 1 2
2 10 3 2 2 1 0
2 12 3 2 1 1 0
2 13 3 1 2 1 0
2 15 3 1 2 1 2
3 7 3 2 1 1 2
3 13 3 2 1 1 0
3 14 3 2 2 1 2
4 8 3 2 2 1 2
4 10 3 2 1 1 0
4 11 3 2 2 1 0
5 13 3 1 2 1 0
5 15 3 1 2 1 2
5 19 3 2 2 1 0
6 9 3 1 2 1 2
6 11 3 2 2 1 0
6 13 3 2 2 1 0
6 15 3 2 2 1 0
0 11 4 2 2 1 2
0 13 4 2 2 1 2
1 9 4 2 2 1 2
1 15 4 2 2 1 2
1 19 4 2 2 1 0
2 8 4 2 1 1 2
2 11 4 2 1 1 0
2 12 4 2 2 1 0
2 14 4 1 1 1 0
3 9 4 2 2 1 0
3 14 4 2 2 1 2
4 8 4 2 1 1 2
4 11 4 2 2 1 0
4 13 4 1 1 1 0
5 9 4 2 2 1 2
5 13 4 1 2 1 0
5 15 4 2 2 1 2
5 19 4 2 2 1 0
6 11 4 2 2 1 2
6 13 4 2 2 1 2
0 11 5 2 2 1 2
0 19 5 1 2 1 2
1 9 5 2 2 1 2
1 13 5 1 2 1 2
1 19 5 2 2 1 2
2 11 5 1 1 1 0
2 12 5 2 2 1 0
2 14 5 2 2 1 2
3 8 5 2 2 1 2
3 10 5 2 2 1 0
3 16 5 2 1 1 2
4 12 5 1 1 1 0
4 13 5 2 1 1 0
4 14 5 2 2 1 2
5 9 5 2 2 1 2
5 11 5 1 2 1 0
5 19 5 1 2 1 2
6 11 5 2 2 1 2
6 13 5 1 2 1 2
6 19 5 2 2 1 2
0 19 6 2 2 1 2
1 10 6 1 2 1 2
1 12 6 2 2 1 2
1 14 6 2 2 1 2
2 9 6 2 2 1 2
2 11 6 2 1 1 0
2 16 6 1 2 1 2
2 19 6 1 2 1 2
3 12 6 2 2 1 0
3 14 6 1 1 1 0
3 15 6 1 2 1 0
3 17 6 1 2 1 2
4 9 6 2 2 1 2
4 11 6 2 1 1 0
4 14 6 1 2 1 0
4 16 6 2 2 1 2
5 12 6 2 2 1 2
5 14 6 2 2 1 2
5 19 6 2 2 1 2
6 10 6 1 2 1 2
7 19 6 1 2 1 2
0 19 7 2 2 1 2
1 10 7 2 2 1 2
1 12 7 2 1 1 2
1 13 7 2 2 1 2
1 15 7 2 2 1 2
1 17 7 2 2 1 2
2 19 7 1 2 1 2
3 9 7 2 2 1 2
3 11 7 2 1 1 0
3 12 7 2 2 1 0
3 14 7 2 2 1 0
3 16 7 2 2 1 0
3 18 7 2 2 1 2
5 10 7 2 2 1 2
5 12 7 2 2 1 2
5 14 7 2 2 1 2
5 16 7 2 2 1 2
5 18 7 2 1 1 2
5 19 7 1 2 1 2
6 19 7 2 2 1 2
0 19 8 2 2 1 2
1 11 8 1 2 1 2
1 13 8 2 1 1 2
1 14 8 2 2 1 2
1 16 8 2 2 1 2
1 18 8 2 1 1 2
1 21 8 2 1 1 2
2 10 8 2 2 1 2
2 12 8 1 1 1 0
2 19 8 1 2 1 0
3 12 8 1 2 1 0
3 14 8 2 2 1 0
3 16 8 2 2 1 0
3 18 8 2 1 1 0
3 19 8 2 2 1 2
4 10 8 2 1 1 2
4 11 8 1 2 1 0
4 13 8 1 1 1 0
5 11 8 2 2 1 2
5 13 8 2 1 1 2
5 14 8 2 2 1 2
5 16 8 2 2 1 2
5 18 8 2 2 1 2
5 20 8 2 2 1 2
7 19 8 1 2 1 2
0 19 9 2 2 1 2
0 21 9 2 1 1 2
1 12 9 2 2 1 2
1 14 9 2 1 1 2
1 15 9 2 2 1 2
1 17 9 2 2 1 2
2 11 9 2 1 1 2
2 19 9 2 1 1 0
2 20 9 2 2 1 2
3 12 9 1 2 1 0
3 14 9 2 2 1 0
3 16 9 2 1 1 0
3 17 9 2 2 1 0
4 11 9 2 2 1 2
4 13 9 2 1 1 0
4 19 9 2 1 1 0
4 20 9 2 2 1 2
5 14 9 2 2 1 2
5 16 9 2 1 1 2
5 17 9 2 2 1 2
6 12 9 1 2 1 2
6 19 9 2 1 1 2
6 20 9 2 2 1 2
0 19 10 2 2 1 2
0 21 10 1 1 1 2
1 13 10 1 2 1 2
1 15 10 2 1 1 2
1 16 10 2 2 1 2
1 18 10 2 1 1 2
1 21 10 2 2 1 2
2 12 10 2 2 1 2
2 14 10 2 1 1 0
2 19 10 2 2 1 0
3 15 10 2 1 1 0
3 16 10 2 2 1 0
3 18 10 2 1 1 0
3 21 10 2 2 1 0
4 12 10 2 1 1 2
4 13 10 1 2 1 0
4 19 10 2 2 1 0
5 13 10 2 2 1 2
5 15 10 2 2 1 2
5 17 10 2 2 1 2
5 21 10 2 2 1 2
6 19 10 2 2 1 2
7 21 10 1 1 1 2
0 19 11 2 1 1 2
0 20 11 2 2 1 2
1 14 11 2 2 1 2
1 16 11 2 1 1 2
1 17 11 2 2 1 2
1 22 11 2 1 1 2
2 13 11 2 1 1 2
2 19 11 1 1 1 0
2 20 11 1 2 1 0
3 14 11 1 1 1 2
3 15 11 2 2 1 0
3 17 11 2 2 1 0
3 19 11 2 2 1 0
3 21 11 2 2 1 0
4 13 11 2 2 1 2
5 15 11 1 1 1 0
5 16 11 2 1 1 2
5 17 11 2 2 1 2
5 19 11 1 2 1 0
5 21 11 2 2 1 2
6 14 11 1 2 1 2
6 19 11 2 2 1 2
7 21 11 1 1 1 2
0 19 12 2 2 1 2
0 21 12 1 1 1 2
1 15 12 1 2 1 2
1 17 12 2 2 1 2
1 21 12 2 2 1 2
2 14 12 2 2 1 2
2 16 12 1 1 1 0
2 19 12 2 2 1 0
3 16 12 2 2 1 0
3 18 12 2 1 1 0
3 21 12 1 1 1 0
3 22 12 2 2 1 0
4 14 12 2 2 1 2
4 19 12 2 2 1 0
4 21 12 2 1 1 0
5 16 12 1 1 1 0
5 17 12 2 2 1 2
5 22 12 2 1 1 2
6 15 12 1 2 1 2
6 19 12 2 1 1 2
6 20 12 2 2 1 2
0 19 13 2 2 1 2
1 16 13 1 2 1 2
1 18 13 2 1 1 2
1 21 13 2 2 1 2
2 15 13 1 2 1 2
2 17 13 1 1 1 0
2 19 13 1 2 1 0
3 14 13 2 2 1 2
3 16 13 2 2 1 0
3 18 13 2 2 1 0
3 20 13 2 2 1 0
3 22 13 2 2 1 0
5 15 13 1 2 1 2
5 17 13 1 1 1 0
5 18 13 2 1 1 2
5 19 13 1 2 1 0
5 21 13 2 2 1 2
6 16 13 1 2 1 2
6 19 13 2 2 1 2
1 16 14 1 2 1 2
1 18 14 2 1 1 2
1 19 14 2 2 1 2
1 21 14 2 2 1 2
2 15 14 2 2 1 2
2 17 14 2 1 1 0
3 18 14 2 2 1 0
3 20 14 2 2 1 0
3 22 14 2 2 1 0
4 15 14 2 2 1 2
4 17 14 2 1 1 0
5 18 14 2 1 1 2
5 19 14 2 2 1 2
5 21 14 2 2 1 2
6 16 14 1 2 1 2
1 17 15 2 2 1 2
1 19 15 2 2 1 2
1 21 15 2 2 1 2
2 16 15 1 1 1 2
3 15 15 2 2 1 2
3 17 15 2 1 1 0
3 18 15 2 2 1 0
3 20 15 2 2 1 0
3 22 15 2 2 1 0
5 16 15 1 1 1 2
5 17 15 2 2 1 2
5 19 15 2 2 1 2
5 21 15 2 2 1 2
1 18 16 2 2 1 2
1 20 16 2 2 1 2
2 17 16 2 1 1 2
2 22 16 2 1 1 2
3 16 16 2 1 1 2
3 18 16 1 2 1 0
3 20 16 1 2 1 0
3 23 16 2 1 1 2
4 17 16 2 2 1 2
4 19 16 2 2 1 0
4 21 16 2 2 1 2
6 18 16 1 2 1 2
6 20 16 1 2 1 2
1 19 17 2 2 1 2
1 21 17 2 2 1 2
2 17 17 2 2 1 2
2 23 17 2 1 1 0
3 19 17 2 1 1 0
3 20 17 2 2 1 0
3 22 17 1 1 1 0
4 17 17 2 2 1 2
4 22 17 2 2 1 0
5 19 17 2 2 1 2
5 21 17 1 1 1 0
6 21 17 1 2 1 2
1 19 18 2 2 1 2
1 21 18 2 2 1 2
2 18 18 2 1 1 2
2 23 18 2 2 1 0
3 19 18 1 1 1 0
3 20 18 2 2 1 0
3 22 18 2 1 1 0
3 25 18 2 2 1 6
4 18 18 2 2 1 2
4 23 18 2 2 1 0
5 20 18 1 1 1 0
5 21 18 2 2 1 2
6 19 18 1 2 1 2
1 20 19 1 1 1 2
1 21 19 2 2 1 2
2 19 19 2 2 1 2
2 23 19 2 2 1 0
3 18 19 2 1 1 2
3 21 19 2 2 1 0
3 25 19 2 2 1 6
4 19 19 2 1 1 2
4 20 19 1 1 1 0
4 23 19 2 2 1 0
5 20 19 2 1 1 2
5 21 19 2 2 1 2
1 20 20 2 2 1 2
1 22 20 2 1 1 2
2 19 20 1 1 1 2
2 23 20 2 2 1 0
3 18 20 2 2 1 2
3 20 20 2 1 1 0
3 21 20 2 2 1 0
3 25 20 2 2 1 6
4 23 20 2 2 1 0
5 19 20 1 2 1 2
5 21 20 2 2 1 2
6 20 20 1 1 1 2
1 21 21 2 2 1 2
2 19 21 2 2 1 2
2 23 21 2 2 1 0
3 21 21 2 2 1 0
4 19 21 2 2 1 2
4 23 21 2 2 1 0
5 21 21 2 2 1 2
1 21 22 2 1 1 2
2 20 22 2 1 1 2
2 22 22 1 2 1 6
3 21 22 2 2 1 0
3 23 22 2 2 1 0
4 20 22 2 1 1 2
5 21 22 2 1 1 2
5 22 22 1 2 1 6
1 21 23 2 1 1 2
2 22 23 2 1 1 2
3 21 23 2 1 1 2
4 22 23 2 1 1 2
5 21 23 2 1 1 2
1 21 24 2 2 1 2
5 21 24 2 2 1 2
