0 1 0 4 1 1 0
0 9 0 4 1 1 0
1 0 0 4 1 1 0
1 2 0 4 1 1 0
1 8 0 1 1 1 0
1 10 0 4 1 1 0
2 3 0 2 1 1 0
2 7 0 2 2 1 0
4 1 0 1 1 1 0
4 8 0 1 2 1 0
12 4 0 1 3 1 0
13 3 0 1 4 1 0
13 7 0 4 1 1 0
14 2 0 2 4 1 0
14 6 0 4 1 1 0
14 8 0 4 1 1 0
16 2 0 2 4 1 0
17 7 0 1 1 1 0
18 2 0 2 4 1 0
18 6 0 2 3 1 0
20 1 0 2 8 1 0
20 9 0 4 1 1 2
22 1 0 8 2 1 2
22 3 0 4 1 1 0
22 7 0 4 1 1 0
22 8 0 2 1 1 2
24 8 0 8 2 1 2
26 3 0 4 1 1 2
26 7 0 4 1 1 2
30 1 0 2 3 1 0
30 7 0 2 1 1 0
32 1 0 1 4 1 0
32 6 0 1 4 1 0
33 0 0 1 4 1 0
33 4 0 1 1 1 0
33 6 0 1 1 1 0
33 7 0 1 4 1 0
34 1 0 1 4 1 0
34 6 0 1 4 1 0
1 1 1 1 2 1 0
1 8 1 1 2 1 0
2 0 1 2 1 1 0
2 2 1 1 1 1 0
2 8 1 1 1 1 0
2 10 1 2 1 1 0
3 1 1 2 2 1 0
3 8 1 2 2 1 0
11 3 1 1 4 1 0
11 7 1 2 1 1 0
12 2 1 2 1 1 0
12 3 1 1 1 1 0
12 8 1 2 1 1 0
14 1 1 4 1 1 2
14 9 1 4 1 1 2
18 1 1 4 1 1 2
18 9 1 4 1 1 2
22 1 1 4 1 1 2
22 4 1 2 1 1 0
22 5 1 1 1 1 0
22 6 1 2 1 1 0
22 9 1 4 1 1 2
24 3 1 3 1 1 0
24 7 1 3 1 1 0
26 1 1 4 1 1 2
26 9 1 4 1 1 2
27 2 1 4 1 1 2
27 8 1 4 1 1 2
30 1 1 1 1 1 0
30 9 1 1 1 1 0
31 1 1 2 3 1 0
31 7 1 2 3 1 0
33 1 1 1 4 1 0
33 6 1 1 4 1 0
34 1 1 1 3 1 0
34 7 1 1 3 1 0
0 1 2 3 2 1 0
0 8 2 3 2 1 0
10 4 2 1 3 1 0
11 2 2 1 2 1 0
11 7 2 1 2 1 0
12 1 2 4 1 1 2
12 9 2 4 1 1 2
16 1 2 4 1 1 2
16 9 2 2 1 1 2
18 9 2 4 1 1 2
20 1 2 4 1 1 2
22 9 2 4 1 1 2
23 3 2 1 4 1 0
23 7 2 1 1 1 0
24 1 2 2 1 1 2
24 2 2 4 1 1 2
24 8 2 4 1 1 2
0 1 3 3 2 1 2
0 8 3 3 2 1 2
9 4 3 1 3 1 0
10 3 3 1 1 1 0
10 7 3 1 1 1 0
11 1 3 3 1 1 2
11 2 3 1 1 1 0
11 8 3 1 1 1 0
11 9 3 3 1 1 2
14 0 3 2 1 1 2
14 10 3 2 1 1 2
16 1 3 4 1 1 2
16 9 3 3 1 1 2
19 9 3 4 1 1 2
20 1 3 3 1 1 2
23 0 3 1 1 1 2
23 10 3 1 1 1 2
24 1 3 3 1 1 2
24 3 3 1 4 1 0
24 7 3 1 1 1 0
24 9 3 3 1 1 2
25 2 3 2 1 1 2
25 4 3 1 3 1 0
25 8 3 2 1 1 2
0 1 4 3 2 1 2
0 8 4 3 2 1 2
9 4 4 1 3 1 0
10 2 4 1 2 1 0
10 7 4 1 2 1 0
11 1 4 2 1 1 2
11 9 4 2 1 1 2
13 0 4 3 1 1 2
13 10 4 3 1 1 2
16 1 4 4 1 1 2
16 9 4 2 1 1 2
18 9 4 4 1 1 2
20 1 4 2 1 1 2
22 0 4 2 1 1 2
22 10 4 2 1 1 2
24 1 4 3 1 1 2
24 9 4 3 1 1 2
25 3 4 2 1 1 2
25 7 4 2 1 1 2
26 2 4 1 1 1 2
26 4 4 2 1 1 2
26 5 4 3 1 1 2
26 6 4 2 1 1 2
26 8 4 1 1 1 2
0 1 5 1 2 1 2
0 8 5 1 2 1 2
1 1 5 3 1 1 2
1 3 5 1 1 1 2
1 7 5 1 1 1 2
1 9 5 1 1 1 2
2 2 5 2 1 1 2
2 8 5 2 2 1 2
8 3 5 2 1 1 0
8 4 5 1 3 1 0
8 7 5 2 1 1 0
10 1 5 1 2 1 2
10 8 5 1 2 1 2
11 1 5 4 1 1 2
11 9 5 3 1 1 2
14 9 5 4 1 1 2
15 1 5 3 1 1 2
18 1 5 4 1 1 2
18 9 5 4 1 1 2
22 0 5 2 1 1 2
22 10 5 2 1 1 2
24 1 5 3 1 1 2
24 9 5 3 1 1 2
26 2 5 1 1 1 2
26 8 5 1 1 1 2
27 3 5 4 1 1 2
27 7 5 4 1 1 6
28 4 5 4 1 1 6
28 6 5 4 1 1 6
29 5 5 2 1 1 6
0 2 6 1 1 1 2
0 8 6 1 1 1 2
1 1 6 3 1 1 2
1 3 6 2 1 1 2
1 7 6 2 1 1 2
1 9 6 3 1 1 2
3 2 6 1 1 1 2
3 8 6 1 1 1 2
7 3 6 1 4 1 0
7 7 6 1 1 1 0
8 2 6 2 1 1 2
8 8 6 2 1 1 0
10 1 6 4 1 1 2
10 9 6 4 1 1 2
14 1 6 4 1 1 2
14 9 6 4 1 1 2
18 1 6 4 1 1 2
18 9 6 4 1 1 2
22 0 6 1 1 1 2
22 10 6 1 1 1 2
23 1 6 4 1 1 2
23 9 6 4 1 1 2
26 2 6 1 1 1 2
26 8 6 1 1 1 2
27 3 6 4 1 1 6
27 7 6 4 1 1 6
31 4 6 1 3 1 6
1 1 7 2 1 1 2
1 2 7 1 1 1 2
1 3 7 2 1 1 2
1 7 7 2 1 1 2
1 8 7 1 1 1 2
1 9 7 2 1 1 2
3 0 7 1 1 1 2
3 2 7 1 1 1 2
3 8 7 1 1 1 2
3 10 7 1 1 1 2
4 1 7 1 2 1 2
4 8 7 1 2 1 2
6 4 7 1 1 1 2
6 6 7 1 1 1 2
7 3 7 1 1 1 2
7 5 7 1 1 1 2
7 7 7 1 1 1 2
8 2 7 1 1 1 2
8 8 7 1 1 1 2
9 1 7 4 1 1 2
9 9 7 4 1 1 2
13 1 7 3 1 1 2
13 9 7 3 1 1 2
16 1 7 4 1 1 2
16 9 7 4 1 1 2
20 2 7 1 1 1 2
20 8 7 1 1 1 2
21 1 7 4 1 1 2
21 9 7 2 1 1 2
23 9 7 4 1 1 2
25 1 7 2 1 1 2
27 2 7 1 1 1 2
27 8 7 1 1 1 2
28 3 7 4 1 1 6
28 7 7 4 1 1 6
31 4 7 1 3 1 6
1 1 8 1 3 1 2
1 7 8 1 3 1 2
2 0 8 4 1 1 2
2 3 8 2 1 1 2
2 7 8 2 1 1 2
2 10 8 4 1 1 2
4 2 8 2 1 1 2
4 8 8 2 1 1 2
5 1 8 1 1 1 2
5 9 8 1 1 1 2
6 3 8 1 4 1 2
6 7 8 1 1 1 2
7 2 8 1 1 1 2
7 8 8 1 1 1 2
8 1 8 4 1 1 2
8 9 8 4 1 1 2
12 1 8 1 1 1 2
12 9 8 1 1 1 2
13 1 8 4 1 1 2
13 9 8 4 1 1 2
17 2 8 4 1 1 2
17 8 8 3 1 1 2
20 3 8 1 1 1 2
20 7 8 1 2 1 2
21 1 8 4 1 1 2
21 9 8 1 1 1 2
22 9 8 4 1 1 2
25 1 8 1 1 1 2
26 2 8 2 1 1 2
26 8 8 2 1 1 2
28 3 8 4 1 1 6
28 7 8 4 1 1 6
31 4 8 1 3 1 6
1 1 9 1 3 1 2
1 7 9 1 3 1 2
2 0 9 3 1 1 2
2 3 9 4 1 1 2
2 7 9 3 1 1 2
2 10 9 3 1 1 2
5 1 9 1 1 1 2
5 4 9 1 4 1 2
5 9 9 1 1 1 2
6 2 9 2 1 1 2
6 8 9 2 1 1 2
8 1 9 4 1 1 2
8 9 9 2 1 1 2
10 9 9 4 1 1 2
12 1 9 2 1 1 2
14 2 9 4 1 1 2
14 8 9 4 1 1 2
18 2 9 1 3 1 2
18 6 9 1 3 1 2
19 3 9 1 4 1 2
19 7 9 1 1 1 2
20 4 9 1 3 1 2
21 2 9 1 2 1 2
21 7 9 1 2 1 2
22 1 9 4 1 1 2
22 9 9 4 1 1 2
26 2 9 1 1 1 2
26 8 9 1 1 1 2
27 3 9 4 1 1 6
27 7 9 4 1 1 6
28 4 9 4 2 1 6
28 6 9 4 1 1 6
0 2 10 1 1 1 2
0 8 10 1 1 1 2
1 1 10 1 1 1 2
1 3 10 1 1 1 2
1 7 10 1 1 1 2
1 9 10 1 1 1 2
2 0 10 4 1 1 2
2 4 10 3 1 1 2
2 6 10 3 1 1 2
2 10 10 4 1 1 2
5 5 10 1 1 1 2
6 1 10 4 1 1 2
6 9 10 3 1 1 2
9 9 10 4 1 1 0
10 1 10 3 1 1 2
13 2 10 2 1 1 2
13 8 10 2 1 1 2
15 3 10 3 1 1 2
15 7 10 3 1 1 2
17 4 10 1 1 1 2
17 5 10 2 1 1 2
17 6 10 1 1 1 2
21 3 10 1 4 1 2
21 7 10 3 1 1 2
22 2 10 4 1 1 2
22 3 10 2 1 1 2
22 8 10 4 1 1 2
26 2 10 1 2 1 6
26 7 10 1 2 1 6
27 4 10 1 3 1 2
0 2 11 1 2 1 2
0 7 11 1 2 1 2
1 0 11 1 2 1 2
1 4 11 4 1 1 2
1 6 11 4 1 1 2
1 9 11 1 2 1 2
2 0 11 4 1 1 2
2 10 11 4 1 1 2
5 5 11 1 1 1 2
6 1 11 4 1 1 2
6 9 11 2 1 1 2
8 9 11 4 1 1 2
10 1 11 2 1 1 2
12 2 11 2 1 1 2
12 8 11 2 1 1 2
14 3 11 1 1 1 2
14 7 11 1 1 1 2
15 4 11 2 3 1 2
22 4 11 2 3 1 2
24 3 11 2 4 1 2
24 7 11 3 1 1 2
26 3 11 1 4 1 2
0 2 12 1 3 1 2
0 6 12 2 1 1 2
0 7 12 1 2 1 2
1 0 12 4 1 1 2
1 1 12 1 1 1 2
1 4 12 1 1 1 2
1 9 12 1 1 1 2
1 10 12 4 1 1 2
2 5 12 3 1 1 2
5 1 12 4 1 1 2
5 9 12 3 1 1 2
8 9 12 4 1 1 0
9 1 12 3 1 1 2
12 2 12 2 1 1 2
12 8 12 2 1 1 2
14 3 12 1 4 1 2
14 7 12 1 1 1 2
0 1 13 1 4 1 2
0 5 13 2 1 1 2
0 6 13 1 4 1 2
1 0 13 4 1 1 2
1 10 13 1 1 1 2
2 10 13 4 1 1 2
5 0 13 1 1 1 2
6 1 13 4 1 1 2
6 9 13 1 1 1 2
7 9 13 4 1 1 2
10 1 13 1 1 1 2
11 2 13 2 1 1 2
11 8 13 2 1 1 2
13 3 13 1 1 1 2
13 7 13 1 1 1 2
14 4 13 1 3 1 2
0 1 14 2 1 1 2
0 2 14 1 4 1 2
0 6 14 1 3 1 2
0 9 14 2 1 1 2
2 0 14 4 1 1 2
2 10 14 4 1 1 2
6 1 14 4 1 1 2
6 9 14 4 1 1 2
10 2 14 2 1 1 2
10 8 14 2 1 1 2
12 3 14 1 1 1 2
12 7 14 1 1 1 2
13 4 14 1 3 1 2
0 2 15 1 4 1 2
0 6 15 1 3 1 2
1 1 15 2 1 1 2
1 9 15 2 1 1 2
3 0 15 3 1 1 2
3 10 15 3 1 1 2
6 1 15 3 1 1 2
6 9 15 3 1 1 2
9 2 15 2 1 1 2
9 8 15 2 1 1 2
11 3 15 2 1 1 2
11 7 15 2 1 1 2
12 4 15 1 3 1 2
0 2 16 1 4 1 2
0 6 16 1 3 1 2
1 1 16 3 1 1 2
1 9 16 3 1 1 2
4 0 16 1 1 1 2
4 10 16 1 1 1 2
5 1 16 3 1 1 2
5 9 16 3 1 1 2
8 2 16 2 1 1 2
8 8 16 2 1 1 2
10 3 16 2 1 1 2
10 7 16 2 1 1 2
11 4 16 1 3 1 2
0 2 17 2 1 1 2
0 3 17 1 4 1 2
0 7 17 1 1 1 2
0 8 17 2 1 1 2
2 1 17 4 1 1 2
2 9 17 4 1 1 2
6 2 17 3 1 1 2
6 8 17 3 1 1 2
9 3 17 1 1 1 2
9 7 17 1 1 1 2
10 4 17 1 1 1 2
10 6 17 1 1 1 2
11 5 17 1 1 1 2
0 4 18 1 3 1 2
1 3 18 1 1 1 2
1 7 18 1 1 1 2
2 2 18 4 1 1 2
2 8 18 1 1 1 2
3 8 18 4 1 1 2
6 2 18 1 1 1 2
7 3 18 2 1 1 2
7 7 18 2 1 1 2
9 4 18 1 3 1 2
10 5 18 1 1 1 2
0 5 19 1 1 1 2
1 4 19 1 1 1 2
1 6 19 1 1 1 2
2 3 19 1 1 1 2
2 7 19 1 1 1 2
3 2 19 1 2 1 2
3 7 19 1 2 1 2
4 3 19 4 1 1 2
4 7 19 2 1 1 2
6 4 19 3 1 1 2
6 6 19 2 2 1 2
7 5 19 1 1 1 2
8 5 19 1 2 1 2
0 5 20 1 1 1 2
1 4 20 4 1 1 2
1 6 20 4 1 1 2
3 5 20 4 1 1 2
5 4 20 1 1 1 2
5 6 20 1 1 1 2
0 5 21 1 1 1 2
1 4 21 2 1 1 2
1 6 21 2 1 1 2
2 5 21 1 1 1 2
0 4 22 2 1 1 2
0 5 22 1 1 1 2
0 6 22 2 1 1 2
2 5 22 1 1 1 2
0 4 23 2 3 1 2
0 4 24 2 1 1 2
0 5 24 1 1 1 2
0 6 24 2 1 1 2
2 5 24 1 1 1 2
0 4 25 2 1 1 2
0 5 25 1 1 1 2
0 6 25 2 1 1 2
2 5 25 1 1 1 2
0 4 26 1 3 1 2
1 4 26 2 1 1 2
1 6 26 1 1 1 2
2 5 26 1 2 1 2
0 5 27 1 1 1 2
1 4 27 2 1 1 2
1 6 27 2 1 1 2
3 5 27 1 1 1 2
1 4 28 1 3 1 2
2 4 28 2 1 1 2
2 6 28 1 1 1 2
3 5 28 1 2 1 2
1 5 29 1 1 1 0
2 4 29 3 1 1 0
2 6 29 3 1 1 0
4 5 29 1 1 1 0
2 5 30 1 1 1 0
3 4 30 2 1 1 0
3 6 30 2 1 1 0
4 5 30 1 1 1 0
2 5 31 3 1 1 0
